Geneid,SRR36692465
ENSG00000160072,206
ENSG00000279928,0
ENSG00000228037,0
ENSG00000142611,2746
ENSG00000284616,0
ENSG00000157911,539
ENSG00000269896,44
ENSG00000228463,4
ENSG00000260972,0
ENSG00000224340,0
ENSG00000226374,0
ENSG00000229280,0
ENSG00000142655,404
ENSG00000232596,0
ENSG00000235054,0
ENSG00000231510,0
ENSG00000149527,18
ENSG00000284739,0
ENSG00000171621,36
ENSG00000272235,33
ENSG00000284694,0
ENSG00000224387,0
ENSG00000142583,2
ENSG00000284674,0
ENSG00000224338,0
ENSG00000116786,1362
ENSG00000287727,1
ENSG00000286448,0
ENSG00000284703,0
ENSG00000226457,0
ENSG00000173614,320
ENSG00000215720,0
ENSG00000241326,0
ENSG00000233623,0
ENSG00000162592,0
ENSG00000204624,163
ENSG00000142606,4
ENSG00000225931,0
ENSG00000171729,483
ENSG00000279457,30
ENSG00000229393,0
ENSG00000037637,1714
ENSG00000287586,0
ENSG00000159423,965
ENSG00000227169,0
ENSG00000283356,0
ENSG00000011021,1381
ENSG00000142615,0
ENSG00000215704,0
ENSG00000157916,2998
ENSG00000157881,816
ENSG00000238290,0
ENSG00000225387,0
ENSG00000048707,1746
ENSG00000225196,0
ENSG00000162444,6
ENSG00000279625,0
ENSG00000180758,10
ENSG00000184677,1484
ENSG00000288398,192
ENSG00000224621,0
ENSG00000285833,0
ENSG00000131697,271
ENSG00000284692,0
ENSG00000284745,0
ENSG00000280222,0
ENSG00000285945,0
ENSG00000197921,239
ENSG00000233755,0
ENSG00000233929,0
ENSG00000271742,0
ENSG00000234166,0
ENSG00000235282,0
ENSG00000055070,7818
ENSG00000175087,2404
ENSG00000157191,1516
ENSG00000230035,0
ENSG00000225643,0
ENSG00000284666,0
ENSG00000228943,0
ENSG00000234397,0
ENSG00000284309,0
ENSG00000162511,4
ENSG00000158014,0
ENSG00000204138,1928
ENSG00000233419,0
ENSG00000235263,0
ENSG00000228176,0
ENSG00000231251,0
ENSG00000142675,16
ENSG00000197245,2
ENSG00000130772,190
ENSG00000215899,0
ENSG00000271398,0
ENSG00000225011,0
ENSG00000235069,0
ENSG00000284676,0
ENSG00000237058,12
ENSG00000233399,0
ENSG00000090020,436
ENSG00000157978,336
ENSG00000130770,1227
ENSG00000229044,0
ENSG00000162512,11997
ENSG00000158006,516
ENSG00000214812,0
ENSG00000126698,6916
ENSG00000229447,10
ENSG00000229607,0
ENSG00000130766,1262
ENSG00000168528,372
ENSG00000196581,32
ENSG00000169403,0
ENSG00000084628,2363
ENSG00000060688,2276
ENSG00000171612,356
ENSG00000270927,0
ENSG00000188910,6
ENSG00000230523,0
ENSG00000116138,1567
ENSG00000158161,1914
ENSG00000142684,0
ENSG00000121769,150
ENSG00000142627,4143
ENSG00000284668,0
ENSG00000233234,0
ENSG00000142632,92
ENSG00000234593,0
ENSG00000270605,26
ENSG00000189337,1686
ENSG00000235084,14
ENSG00000235143,0
ENSG00000225478,0
ENSG00000028137,4
ENSG00000204464,0
ENSG00000233372,0
ENSG00000283259,0
ENSG00000284543,0
ENSG00000130939,5964
ENSG00000175147,39
ENSG00000127472,0
ENSG00000060656,1177
ENSG00000163867,562
ENSG00000232768,0
ENSG00000230214,0
ENSG00000189280,0
ENSG00000134698,1027
ENSG00000134690,1394
ENSG00000272420,4
ENSG00000132881,55
ENSG00000273274,114
ENSG00000272510,0
ENSG00000236648,0
ENSG00000232273,4
ENSG00000009709,0
ENSG00000287396,0
ENSG00000223589,0
ENSG00000158008,14
ENSG00000130940,116
ENSG00000116771,7
ENSG00000237301,0
ENSG00000163879,1291
ENSG00000227527,7
ENSG00000116954,1110
ENSG00000228589,71
ENSG00000163873,126
ENSG00000117215,0
ENSG00000196449,1069
ENSG00000230163,0
ENSG00000227538,0
ENSG00000236500,0
ENSG00000044012,0
ENSG00000179051,11748
ENSG00000215895,20
ENSG00000284650,0
ENSG00000237329,0
ENSG00000236948,0
ENSG00000126067,4667
ENSG00000274944,0
ENSG00000132906,397
ENSG00000197312,2449
ENSG00000284748,0
ENSG00000272078,6
ENSG00000173660,8098
ENSG00000224592,15
ENSG00000233728,0
ENSG00000230451,0
ENSG00000231606,18
ENSG00000215900,0
ENSG00000284632,0
ENSG00000241014,6
ENSG00000054118,8430
ENSG00000254553,0
ENSG00000284653,0
ENSG00000237749,8
ENSG00000276747,0
ENSG00000284705,0
ENSG00000228776,0
ENSG00000159339,0
ENSG00000197982,1107
ENSG00000261781,0
ENSG00000183317,30
ENSG00000183386,202
ENSG00000284743,0
ENSG00000158315,4
ENSG00000204084,416
ENSG00000186973,8
ENSG00000146463,7439
ENSG00000183520,3016
ENSG00000271741,0
ENSG00000214141,0
ENSG00000142686,84
ENSG00000224751,0
ENSG00000117148,4
ENSG00000230585,0
ENSG00000117000,2218
ENSG00000284989,0
ENSG00000231630,0
ENSG00000092853,1143
ENSG00000255811,0
ENSG00000134697,2674
ENSG00000187513,0
ENSG00000238145,0
ENSG00000225142,0
ENSG00000230138,0
ENSG00000223390,0
ENSG00000284720,0
ENSG00000225671,0
ENSG00000116151,132
ENSG00000226147,0
ENSG00000006555,0
ENSG00000236111,0
ENSG00000066056,0
ENSG00000214114,513
ENSG00000116544,29
ENSG00000231900,0
ENSG00000236723,1
ENSG00000232467,0
ENSG00000117016,722
ENSG00000121310,0
ENSG00000169213,210
ENSG00000163866,1405
ENSG00000225779,0
ENSG00000284601,0
ENSG00000237130,0
ENSG00000143001,0
ENSG00000227416,0
ENSG00000232335,0
ENSG00000260971,0
ENSG00000259832,0
ENSG00000284696,0
ENSG00000238242,1
ENSG00000285839,0
ENSG00000237290,0
ENSG00000232762,0
ENSG00000117419,3836
ENSG00000162384,1150
ENSG00000162391,5
ENSG00000174348,89
ENSG00000117859,3085
ENSG00000228121,2
ENSG00000253313,0
ENSG00000162396,382
ENSG00000203995,36
ENSG00000284686,0
ENSG00000162378,5094
ENSG00000233079,0
ENSG00000259818,4
ENSG00000229444,0
ENSG00000240563,0
ENSG00000234318,10
ENSG00000284773,10
ENSG00000234481,0
ENSG00000117862,444
ENSG00000235612,0
ENSG00000228369,0
ENSG00000183431,7091
ENSG00000227485,0
ENSG00000224609,0
ENSG00000235545,59
ENSG00000236646,0
ENSG00000232198,0
ENSG00000238063,0
ENSG00000227104,0
ENSG00000243725,11
ENSG00000171872,0
ENSG00000162407,1903
ENSG00000285079,0
ENSG00000169218,0
ENSG00000163877,1226
ENSG00000228929,54
ENSG00000224570,0
ENSG00000224980,0
ENSG00000278967,12
ENSG00000157184,404
ENSG00000198815,3849
ENSG00000134744,2425
ENSG00000233910,0
ENSG00000287703,0
ENSG00000283039,0
ENSG00000229032,0
ENSG00000229294,0
ENSG00000232993,0
ENSG00000234088,0
ENSG00000236973,0
ENSG00000277397,0
ENSG00000271200,0
ENSG00000235446,0
ENSG00000261196,0
ENSG00000162385,1131
ENSG00000234264,24
ENSG00000242391,0
ENSG00000223883,0
ENSG00000284808,0
ENSG00000237227,0
ENSG00000275350,0
ENSG00000116652,10
ENSG00000123080,396
ENSG00000285778,0
ENSG00000233407,0
ENSG00000225675,0
ENSG00000237622,0
ENSG00000162598,0
ENSG00000280317,0
ENSG00000162415,188
ENSG00000162600,250
ENSG00000116704,2594
ENSG00000227644,0
ENSG00000157193,2034
ENSG00000116205,290
ENSG00000198841,158
ENSG00000116212,1058
ENSG00000234204,0
ENSG00000233099,0
ENSG00000233994,6
ENSG00000233973,0
ENSG00000237552,280
ENSG00000132854,2
ENSG00000227556,0
ENSG00000162607,6000
ENSG00000233602,0
ENSG00000233271,0
ENSG00000285954,0
ENSG00000233333,0
ENSG00000154027,4
ENSG00000234108,0
ENSG00000232676,2
ENSG00000225167,0
ENSG00000213579,0
ENSG00000137960,17
ENSG00000237852,0
ENSG00000116745,1388
ENSG00000132855,0
ENSG00000285407,0
ENSG00000272855,0
ENSG00000270549,0
ENSG00000237163,0
ENSG00000229636,0
ENSG00000116675,442
ENSG00000162433,3076
ENSG00000213625,2850
ENSG00000227207,0
ENSG00000227016,0
ENSG00000233664,0
ENSG00000158966,2975
ENSG00000213703,0
ENSG00000203965,768
ENSG00000223479,0
ENSG00000233674,0
ENSG00000153898,14
ENSG00000117069,7078
ENSG00000125703,764
ENSG00000285041,46
ENSG00000285808,2
ENSG00000229440,0
ENSG00000234144,0
ENSG00000213540,0
ENSG00000277670,0
ENSG00000227466,0
ENSG00000154007,0
ENSG00000230498,14
ENSG00000285782,0
ENSG00000162618,40
ENSG00000224493,0
ENSG00000131233,0
ENSG00000272371,0
ENSG00000287647,0
ENSG00000229225,0
ENSG00000230863,0
ENSG00000287224,0
ENSG00000225598,0
ENSG00000286455,0
ENSG00000225087,0
ENSG00000280378,0
ENSG00000188786,758
ENSG00000230053,0
ENSG00000137941,900
ENSG00000224326,16
ENSG00000286548,0
ENSG00000066135,2224
ENSG00000230027,0
ENSG00000233061,0
ENSG00000272094,0
ENSG00000228853,0
ENSG00000215874,0
ENSG00000232453,0
ENSG00000260386,0
ENSG00000284895,0
ENSG00000117174,1855
ENSG00000237413,0
ENSG00000184313,0
ENSG00000284645,12
ENSG00000225605,0
ENSG00000225446,0
ENSG00000288543,59
ENSG00000122420,6
ENSG00000284240,0
ENSG00000236290,0
ENSG00000143013,2913
ENSG00000226084,60
ENSG00000134748,4680
ENSG00000142892,1831
ENSG00000219102,22
ENSG00000184005,1169
ENSG00000230953,2
ENSG00000287743,0
ENSG00000229332,0
ENSG00000227937,0
ENSG00000229752,0
ENSG00000237505,24
ENSG00000285462,0
ENSG00000233216,0
ENSG00000197273,0
ENSG00000226804,0
ENSG00000230728,0
ENSG00000232846,0
ENSG00000230787,6
ENSG00000116641,9036
ENSG00000223920,0
ENSG00000237453,0
ENSG00000172260,560
ENSG00000285473,0
ENSG00000237959,0
ENSG00000231364,0
ENSG00000234578,0
ENSG00000117480,16
ENSG00000137944,3229
ENSG00000229505,0
ENSG00000228187,0
ENSG00000285201,0
ENSG00000182183,0
ENSG00000236407,0
ENSG00000271949,0
ENSG00000227062,0
ENSG00000067334,2880
ENSG00000235011,0
ENSG00000235673,0
ENSG00000226938,0
ENSG00000213559,0
ENSG00000287587,0
ENSG00000142949,4541
ENSG00000116133,25509
ENSG00000232882,3
ENSG00000171502,34
ENSG00000162399,0
ENSG00000116157,845
ENSG00000143036,80
ENSG00000232672,0
ENSG00000230817,0
ENSG00000065243,3736
ENSG00000226759,0
ENSG00000226960,0
ENSG00000234080,0
ENSG00000237899,0
ENSG00000223905,0
ENSG00000227290,0
ENSG00000229486,2
ENSG00000282898,0
ENSG00000285409,0
ENSG00000231090,0
ENSG00000117528,13332
ENSG00000271723,0
ENSG00000172339,924
ENSG00000036549,4203
ENSG00000287724,0
ENSG00000058799,1259
ENSG00000225191,0
ENSG00000287870,0
ENSG00000235563,0
ENSG00000232048,0
ENSG00000232857,0
ENSG00000273637,0
ENSG00000203985,0
ENSG00000228838,0
ENSG00000283761,9
ENSG00000189433,0
ENSG00000230759,0
ENSG00000231866,0
ENSG00000179178,0
ENSG00000142700,0
ENSG00000285525,4
ENSG00000236098,0
ENSG00000233514,10
ENSG00000127124,352
ENSG00000266993,4
ENSG00000223675,38
ENSG00000162604,1244
ENSG00000229316,0
ENSG00000116171,9460
ENSG00000287406,2
ENSG00000225767,0
ENSG00000234099,0
ENSG00000137936,908
ENSG00000235308,0
ENSG00000232752,0
ENSG00000235829,0
ENSG00000143032,0
ENSG00000226745,0
ENSG00000178028,762
ENSG00000280040,3
ENSG00000168710,8385
ENSG00000117519,40436
ENSG00000270507,0
ENSG00000238037,0
ENSG00000215869,0
ENSG00000134215,179
ENSG00000227935,0
ENSG00000228502,410
ENSG00000236268,0
ENSG00000271277,0
ENSG00000236888,0
ENSG00000279778,0
ENSG00000230955,0
ENSG00000230828,0
ENSG00000188641,2521
ENSG00000152078,873
ENSG00000237279,0
ENSG00000233359,0
ENSG00000237954,0
ENSG00000185668,84
ENSG00000171492,3659
ENSG00000233129,0
ENSG00000170989,176
ENSG00000258634,119
ENSG00000233557,0
ENSG00000237897,2
ENSG00000116299,74
ENSG00000137962,2682
ENSG00000227832,0
ENSG00000286692,6
ENSG00000260464,82
ENSG00000237435,0
ENSG00000231996,0
ENSG00000273204,0
ENSG00000079739,772
ENSG00000117154,0
ENSG00000162377,694
ENSG00000224613,0
ENSG00000215871,12
ENSG00000287372,0
ENSG00000232542,0
ENSG00000116774,6
ENSG00000287756,0
ENSG00000284652,30
ENSG00000023909,2614
ENSG00000069702,14
ENSG00000232185,0
ENSG00000230489,0
ENSG00000228399,0
ENSG00000236776,0
ENSG00000224685,0
ENSG00000287076,0
ENSG00000237480,0
ENSG00000271252,0
ENSG00000230427,0
ENSG00000235794,0
ENSG00000286758,0
ENSG00000237337,0
ENSG00000233983,0
ENSG00000198198,450
ENSG00000225183,0
ENSG00000230402,0
ENSG00000116793,4591
ENSG00000238122,0
ENSG00000260879,0
ENSG00000283354,0
ENSG00000232918,0
ENSG00000236360,0
ENSG00000183298,64
ENSG00000234332,0
ENSG00000117525,656
ENSG00000225079,0
ENSG00000226483,0
ENSG00000224238,8
ENSG00000229537,0
ENSG00000162699,0
ENSG00000162692,266
ENSG00000203914,4
ENSG00000270457,0
ENSG00000203858,0
ENSG00000231987,0
ENSG00000228057,3
ENSG00000261593,0
ENSG00000224445,0
ENSG00000229842,0
ENSG00000270631,0
ENSG00000229201,0
ENSG00000181656,21
ENSG00000122481,175
ENSG00000198162,6072
ENSG00000238198,9
ENSG00000171517,8
ENSG00000228852,9
ENSG00000203864,0
ENSG00000233482,0
ENSG00000230250,0
ENSG00000232878,2
ENSG00000143079,2988
ENSG00000232450,14
ENSG00000223575,0
ENSG00000230768,0
ENSG00000235202,0
ENSG00000272715,0
ENSG00000235038,0
ENSG00000143093,1458
ENSG00000226415,30
ENSG00000085491,1843
ENSG00000173947,138
ENSG00000230434,0
ENSG00000230718,0
ENSG00000134198,0
ENSG00000235595,0
ENSG00000226053,0
ENSG00000226128,0
ENSG00000198799,1070
ENSG00000279513,14
ENSG00000117620,1372
ENSG00000280186,10
ENSG00000223906,0
ENSG00000162688,3013
ENSG00000197106,6
ENSG00000259946,0
ENSG00000236137,0
ENSG00000203859,0
ENSG00000228086,0
ENSG00000213421,0
ENSG00000234020,10
ENSG00000236804,0
ENSG00000231072,0
ENSG00000273406,0
ENSG00000185946,184
ENSG00000162627,1983
ENSG00000226715,0
ENSG00000162695,3078
ENSG00000265808,5475
ENSG00000261290,0
ENSG00000225923,0
ENSG00000134247,2408
ENSG00000187481,0
ENSG00000116752,2322
ENSG00000162664,3086
ENSG00000236866,0
ENSG00000134253,154
ENSG00000223416,4
ENSG00000179571,0
ENSG00000227850,0
ENSG00000235777,0
ENSG00000173218,1194
ENSG00000285532,0
ENSG00000226755,0
ENSG00000232650,0
ENSG00000183508,26
ENSG00000277095,0
ENSG00000234283,0
ENSG00000232780,0
ENSG00000274927,0
ENSG00000264145,0
ENSG00000238256,0
ENSG00000198765,0
ENSG00000224335,0
ENSG00000277702,0
ENSG00000143398,4291
ENSG00000196505,838
ENSG00000223489,0
ENSG00000230546,0
ENSG00000213262,0
ENSG00000287015,0
ENSG00000235526,12
ENSG00000228347,0
ENSG00000236012,0
ENSG00000270911,0
ENSG00000134200,0
ENSG00000065183,4756
ENSG00000227082,172
ENSG00000226126,0
ENSG00000163393,26
ENSG00000163156,861
ENSG00000143631,50
ENSG00000156150,0
ENSG00000228453,0
ENSG00000274642,4
ENSG00000177551,2
ENSG00000197323,8305
ENSG00000237975,51
ENSG00000261168,10
ENSG00000287980,0
ENSG00000229283,0
ENSG00000271419,0
ENSG00000226172,0
ENSG00000079335,321
ENSG00000143119,0
ENSG00000237278,0
ENSG00000233432,0
ENSG00000227700,0
ENSG00000229911,0
ENSG00000143520,0
ENSG00000171943,1704
ENSG00000270719,0
ENSG00000155761,2
ENSG00000230806,0
ENSG00000116830,898
ENSG00000234422,0
ENSG00000227056,0
ENSG00000227091,0
ENSG00000214204,0
ENSG00000081026,1262
ENSG00000225650,0
ENSG00000224965,2
ENSG00000228127,0
ENSG00000226984,0
ENSG00000186150,0
ENSG00000143458,97
ENSG00000230932,0
ENSG00000073754,0
ENSG00000228826,0
ENSG00000233907,0
ENSG00000225036,0
ENSG00000228420,0
ENSG00000233839,0
ENSG00000250890,0
ENSG00000232240,0
ENSG00000230921,0
ENSG00000286151,0
ENSG00000234388,0
ENSG00000271736,0
ENSG00000233717,0
ENSG00000163155,634
ENSG00000241975,4
ENSG00000271143,0
ENSG00000270976,0
ENSG00000228217,14
ENSG00000270342,0
ENSG00000175984,36
ENSG00000231100,0
ENSG00000116824,0
ENSG00000235887,0
ENSG00000237460,0
ENSG00000236887,2
ENSG00000024526,3043
ENSG00000236480,12
ENSG00000235756,0
ENSG00000173810,0
ENSG00000235005,0
ENSG00000271890,0
ENSG00000227425,0
ENSG00000225279,24
ENSG00000229101,0
ENSG00000239216,0
ENSG00000283360,0
ENSG00000117262,311
ENSG00000227907,0
ENSG00000227970,0
ENSG00000261055,0
ENSG00000231613,0
ENSG00000137947,1684
ENSG00000236689,0
ENSG00000233589,0
ENSG00000117586,36
ENSG00000230946,0
ENSG00000226028,0
ENSG00000162728,16
ENSG00000229021,0
ENSG00000203825,0
ENSG00000184371,434
ENSG00000233449,0
ENSG00000242943,0
ENSG00000233203,6
ENSG00000232499,14
ENSG00000232265,2
ENSG00000163154,0
ENSG00000232995,54
ENSG00000238087,0
ENSG00000227777,0
ENSG00000177173,5
ENSG00000238022,0
ENSG00000231671,30
ENSG00000162729,1112
ENSG00000143158,653
ENSG00000271092,37
ENSG00000238118,0
ENSG00000276118,0
ENSG00000232148,0
ENSG00000278811,0
ENSG00000000460,520
ENSG00000188859,4
ENSG00000275075,0
ENSG00000135862,21076
ENSG00000232952,0
ENSG00000227722,0
ENSG00000285922,0
ENSG00000275801,0
ENSG00000143198,3557
ENSG00000143318,1221
ENSG00000232188,0
ENSG00000232212,0
ENSG00000143621,18814
ENSG00000241042,0
ENSG00000143155,4471
ENSG00000260322,0
ENSG00000223495,1
ENSG00000143156,1543
ENSG00000198771,4
ENSG00000225462,0
ENSG00000237756,0
ENSG00000116147,38
ENSG00000213064,6696
ENSG00000203307,0
ENSG00000143179,1881
ENSG00000271187,0
ENSG00000274562,0
ENSG00000143315,3786
ENSG00000231175,0
ENSG00000143185,0
ENSG00000272931,16
ENSG00000143190,2394
ENSG00000225475,0
ENSG00000230898,0
ENSG00000232223,0
ENSG00000224698,0
ENSG00000287697,2
ENSG00000075945,2760
ENSG00000235303,0
ENSG00000234810,2
ENSG00000224468,2
ENSG00000235628,0
ENSG00000232551,0
ENSG00000092607,6
ENSG00000238270,0
ENSG00000285894,0
ENSG00000236025,0
ENSG00000230687,0
ENSG00000230704,0
ENSG00000283255,0
ENSG00000227741,22
ENSG00000237049,0
ENSG00000286754,0
ENSG00000232751,0
ENSG00000236364,4
ENSG00000117091,0
ENSG00000235378,0
ENSG00000143171,6
ENSG00000275767,0
ENSG00000224718,0
ENSG00000047410,3572
ENSG00000231992,0
ENSG00000018625,37694
ENSG00000171806,344
ENSG00000287919,16
ENSG00000233882,0
ENSG00000198358,0
ENSG00000134216,0
ENSG00000230748,0
ENSG00000254154,0
ENSG00000162694,2221
ENSG00000238108,0
ENSG00000214262,0
ENSG00000215835,14
ENSG00000118197,565
ENSG00000135842,656
ENSG00000229258,0
ENSG00000287472,0
ENSG00000241318,0
ENSG00000228238,0
ENSG00000232393,6
ENSG00000184155,0
ENSG00000058085,63
ENSG00000260088,0
ENSG00000116815,202
ENSG00000232917,4
ENSG00000233057,4
ENSG00000237131,0
ENSG00000233946,0
ENSG00000143167,6
ENSG00000143184,0
ENSG00000260976,0
ENSG00000235215,0
ENSG00000224691,0
ENSG00000286572,0
ENSG00000235101,0
ENSG00000228215,0
ENSG00000177807,1497
ENSG00000233626,0
ENSG00000233691,0
ENSG00000283518,0
ENSG00000271527,2
ENSG00000143228,1471
ENSG00000235827,0
ENSG00000231615,0
ENSG00000231714,0
ENSG00000174514,31
ENSG00000143178,74
ENSG00000224837,1
ENSG00000116833,0
ENSG00000227740,22
ENSG00000260990,0
ENSG00000000457,294
ENSG00000143507,54
ENSG00000285638,0
ENSG00000284592,0
ENSG00000230987,0
ENSG00000232527,0
ENSG00000215833,0
ENSG00000228167,0
ENSG00000225325,0
ENSG00000223344,0
ENSG00000150732,0
ENSG00000157064,619
ENSG00000288139,0
ENSG00000215808,0
ENSG00000059588,491
ENSG00000237379,0
ENSG00000232959,0
ENSG00000122224,0
ENSG00000162782,0
ENSG00000238051,0
ENSG00000233196,0
ENSG00000229220,0
ENSG00000143653,4624
ENSG00000158711,2718
ENSG00000227747,0
ENSG00000228081,0
ENSG00000228020,0
ENSG00000234975,48
ENSG00000162851,1641
ENSG00000271427,4
ENSG00000143353,598
ENSG00000197965,11201
ENSG00000143493,2560
ENSG00000230777,15
ENSG00000179397,8
ENSG00000224540,0
ENSG00000117592,10627
ENSG00000186197,0
ENSG00000229067,0
ENSG00000230231,0
ENSG00000227711,0
ENSG00000261182,0
ENSG00000228879,0
ENSG00000227925,0
ENSG00000162670,1
ENSG00000225712,0
ENSG00000162761,2
ENSG00000143199,0
ENSG00000007908,0
ENSG00000092978,1402
ENSG00000143499,1265
ENSG00000188404,2
ENSG00000227735,0
ENSG00000143196,0
ENSG00000228504,0
ENSG00000274702,0
ENSG00000226211,0
ENSG00000236942,0
ENSG00000287205,0
ENSG00000203697,6
ENSG00000116574,1314
ENSG00000287929,0
ENSG00000224896,0
ENSG00000226292,0
ENSG00000121481,4611
ENSG00000227940,0
ENSG00000143248,2278
ENSG00000162814,120
ENSG00000225172,0
ENSG00000261642,0
ENSG00000228239,0
ENSG00000237283,3
ENSG00000116132,705
ENSG00000238042,0
ENSG00000271475,0
ENSG00000231877,0
ENSG00000116679,8161
ENSG00000228536,12
ENSG00000230550,0
ENSG00000229242,0
ENSG00000228470,0
ENSG00000152092,343
ENSG00000234984,0
ENSG00000231648,0
ENSG00000229983,0
ENSG00000215149,0
ENSG00000225122,0
ENSG00000225920,0
ENSG00000143476,3603
ENSG00000121486,1148
ENSG00000228437,0
ENSG00000057252,3280
ENSG00000285718,0
ENSG00000234070,0
ENSG00000233620,0
ENSG00000237783,0
ENSG00000233018,0
ENSG00000123685,4
ENSG00000224783,0
ENSG00000162852,1177
ENSG00000232792,0
ENSG00000273004,10
ENSG00000143842,158
ENSG00000268062,0
ENSG00000237409,3
ENSG00000116962,1206
ENSG00000288078,0
ENSG00000271399,0
ENSG00000229757,0
ENSG00000232679,46
ENSG00000220749,70
ENSG00000181450,3172
ENSG00000223519,4
ENSG00000120333,1548
ENSG00000286285,0
ENSG00000225300,0
ENSG00000223842,6
ENSG00000162753,4
ENSG00000228247,0
ENSG00000231424,8
ENSG00000143355,46
ENSG00000287177,0
ENSG00000237193,0
ENSG00000223490,0
ENSG00000121644,6528
ENSG00000174502,0
ENSG00000224286,0
ENSG00000158715,1025
ENSG00000143195,2583
ENSG00000162849,1310
ENSG00000232824,0
ENSG00000273416,2
ENSG00000234142,0
ENSG00000282111,0
ENSG00000233410,0
ENSG00000067533,2484
ENSG00000228955,0
ENSG00000270443,0
ENSG00000116209,10165
ENSG00000224702,0
ENSG00000271811,0
ENSG00000224278,0
ENSG00000235492,0
ENSG00000287808,40
ENSG00000229840,0
ENSG00000116161,5641
ENSG00000226486,0
ENSG00000227687,0
ENSG00000231814,0
ENSG00000286210,0
ENSG00000287364,0
ENSG00000225063,0
ENSG00000260698,0
ENSG00000277007,0
ENSG00000229016,0
ENSG00000152104,1953
ENSG00000236975,0
ENSG00000286541,0
ENSG00000117650,1384
ENSG00000235021,0
ENSG00000203724,28
ENSG00000225006,0
ENSG00000287633,0
ENSG00000158764,0
ENSG00000223375,0
ENSG00000230714,0
ENSG00000261065,0
ENSG00000260855,122
ENSG00000236206,2
ENSG00000168118,3019
ENSG00000181101,2
ENSG00000173726,27068
ENSG00000282852,0
ENSG00000152382,1503
ENSG00000143839,0
ENSG00000232100,0
ENSG00000261024,0
ENSG00000230547,0
ENSG00000229703,0
ENSG00000176754,0
ENSG00000227953,0
ENSG00000232215,2
ENSG00000135829,19224
ENSG00000228289,0
ENSG00000134717,10913
ENSG00000232989,0
ENSG00000233537,0
ENSG00000116668,373
ENSG00000143756,3360
ENSG00000278180,0
ENSG00000232341,2
ENSG00000287676,0
ENSG00000236792,0
ENSG00000143207,2734
ENSG00000270859,0
ENSG00000238224,0
ENSG00000286775,0
ENSG00000237492,0
ENSG00000230404,0
ENSG00000236230,0
ENSG00000026751,0
ENSG00000150681,0
ENSG00000116906,5687
ENSG00000092969,2862
ENSG00000157181,1209
ENSG00000250762,0
ENSG00000236720,0
ENSG00000227421,0
ENSG00000227240,0
ENSG00000076258,88
ENSG00000286073,0
ENSG00000231084,48
ENSG00000117697,2394
ENSG00000235083,0
ENSG00000162669,52
ENSG00000132681,15
ENSG00000225904,0
ENSG00000270920,0
ENSG00000281664,0
ENSG00000143641,5922
ENSG00000227630,2
ENSG00000228830,0
ENSG00000010932,0
ENSG00000282849,0
ENSG00000276520,0
ENSG00000226640,0
ENSG00000010072,1212
ENSG00000135766,147
ENSG00000279261,0
ENSG00000213051,0
ENSG00000238054,0
ENSG00000163534,0
ENSG00000168243,5375
ENSG00000281453,0
ENSG00000237469,0
ENSG00000224939,0
ENSG00000227613,0
ENSG00000116183,16
ENSG00000270106,0
ENSG00000232194,0
ENSG00000235152,0
ENSG00000231612,0
ENSG00000237980,0
ENSG00000271036,0
ENSG00000230849,0
ENSG00000170382,740
ENSG00000226868,0
ENSG00000279401,0
ENSG00000272362,0
ENSG00000287450,0
ENSG00000237011,0
ENSG00000233583,0
ENSG00000066027,942
ENSG00000286263,0
ENSG00000227006,6
ENSG00000236372,0
ENSG00000224525,18
ENSG00000173728,0
ENSG00000094975,10467
ENSG00000225811,0
ENSG00000273093,0
ENSG00000162772,213
ENSG00000227818,0
ENSG00000135828,6
ENSG00000286398,0
ENSG00000076356,156
ENSG00000185523,0
ENSG00000236108,0
ENSG00000116711,116
ENSG00000226750,0
ENSG00000285665,0
ENSG00000231022,0
ENSG00000224436,0
ENSG00000228208,76
ENSG00000273384,6
ENSG00000238061,0
ENSG00000234915,0
ENSG00000143845,17
ENSG00000235862,0
ENSG00000227585,0
ENSG00000157060,0
ENSG00000237213,0
ENSG00000224260,0
ENSG00000213045,0
ENSG00000287220,0
ENSG00000230063,0
ENSG00000235467,0
ENSG00000123684,4310
ENSG00000117707,172
ENSG00000228044,0
ENSG00000225338,4
ENSG00000224407,0
ENSG00000232463,0
ENSG00000237457,2
ENSG00000225171,0
ENSG00000226843,0
ENSG00000235386,0
ENSG00000123836,891
ENSG00000213690,0
ENSG00000223982,0
ENSG00000229832,0
ENSG00000117691,562
ENSG00000225233,0
ENSG00000274895,0
ENSG00000237514,0
ENSG00000287856,0
ENSG00000228067,0
ENSG00000226375,0
ENSG00000203705,628
ENSG00000224040,0
ENSG00000228686,12
ENSG00000279838,12
ENSG00000174175,0
ENSG00000236401,0
ENSG00000241475,0
ENSG00000215800,0
ENSG00000286421,0
ENSG00000270936,0
ENSG00000008118,102
ENSG00000171161,1233
ENSG00000241505,0
ENSG00000224535,0
ENSG00000282097,0
ENSG00000261453,0
ENSG00000231020,0
ENSG00000270818,0
ENSG00000196878,41
ENSG00000133059,2708
ENSG00000225561,0
ENSG00000242529,0
ENSG00000074964,375
ENSG00000223847,0
ENSG00000277704,0
ENSG00000116918,2504
ENSG00000287445,6
ENSG00000259815,0
ENSG00000240963,0
ENSG00000226570,0
ENSG00000198929,413
ENSG00000272167,0
ENSG00000230628,0
ENSG00000162771,0
ENSG00000227579,0
ENSG00000176393,830
ENSG00000174606,2905
ENSG00000179914,0
ENSG00000235750,0
ENSG00000121446,0
ENSG00000226758,0
ENSG00000236905,0
ENSG00000233304,0
ENSG00000288007,0
ENSG00000227887,0
ENSG00000116903,1020
ENSG00000228255,0
ENSG00000226196,0
ENSG00000287354,0
ENSG00000233827,0
ENSG00000198797,0
ENSG00000151414,1446
ENSG00000177614,334
ENSG00000235182,0
ENSG00000213041,0
ENSG00000287157,0
ENSG00000233920,0
ENSG00000183831,251
ENSG00000225755,2
ENSG00000197472,313
ENSG00000230184,0
ENSG00000232436,0
ENSG00000231718,0
ENSG00000136643,2018
ENSG00000232537,0
ENSG00000226036,0
ENSG00000285521,0
ENSG00000236317,0
ENSG00000176855,0
ENSG00000227728,0
ENSG00000133069,421
ENSG00000162877,0
ENSG00000233461,41
ENSG00000225401,0
ENSG00000228190,0
ENSG00000135747,14
ENSG00000227237,0
ENSG00000069248,5090
ENSG00000232812,0
ENSG00000242042,0
ENSG00000234464,0
ENSG00000253148,0
ENSG00000227751,0
ENSG00000090104,0
ENSG00000285280,4
ENSG00000232892,0
ENSG00000236950,0
ENSG00000236468,4
ENSG00000185220,238
ENSG00000226003,0
ENSG00000230813,0
ENSG00000236101,0
ENSG00000162769,1992
ENSG00000133065,3814
ENSG00000278684,0
ENSG00000236775,0
ENSG00000042781,8
ENSG00000234754,2
ENSG00000233084,8
ENSG00000227815,0
ENSG00000287046,6
ENSG00000223774,0
ENSG00000228863,0
ENSG00000228646,0
ENSG00000229112,0
ENSG00000233332,4
ENSG00000231984,0
ENSG00000286213,0
ENSG00000226876,0
ENSG00000277462,1351
ENSG00000225591,0
ENSG00000035687,2653
ENSG00000213080,28
ENSG00000180287,172
ENSG00000226693,0
ENSG00000234678,12
ENSG00000231272,0
ENSG00000223828,0
ENSG00000163431,8
ENSG00000230124,1378
ENSG00000226723,4
ENSG00000272672,0
ENSG00000228982,0
ENSG00000235096,0
ENSG00000007341,772
ENSG00000286747,12
ENSG00000236069,2
ENSG00000236244,0
ENSG00000272865,15
ENSG00000117222,2610
ENSG00000143324,23663
ENSG00000229871,0
ENSG00000225222,0
ENSG00000118193,1798
ENSG00000231940,4
ENSG00000198842,0
ENSG00000286619,126
ENSG00000198756,32157
ENSG00000259823,0
ENSG00000271558,0
ENSG00000227554,0
ENSG00000178596,0
ENSG00000135749,334
ENSG00000143786,114
ENSG00000054282,610
ENSG00000183780,356
ENSG00000229663,0
ENSG00000162702,2046
ENSG00000251508,0
ENSG00000238272,0
ENSG00000228530,0
ENSG00000235060,0
ENSG00000143194,18
ENSG00000229531,0
ENSG00000271329,0
ENSG00000054267,2262
ENSG00000287921,0
ENSG00000177800,0
ENSG00000232166,0
ENSG00000175137,1019
ENSG00000134245,20
ENSG00000227373,4
ENSG00000228175,17
ENSG00000069275,56454
ENSG00000143674,350
ENSG00000237317,0
ENSG00000187889,22
ENSG00000134375,6314
ENSG00000097046,1540
ENSG00000232113,0
ENSG00000282718,0
ENSG00000231378,0
ENSG00000235605,4
ENSG00000223525,0
ENSG00000224857,0
ENSG00000273367,0
ENSG00000230604,0
ENSG00000231605,0
ENSG00000236358,0
ENSG00000203737,2
ENSG00000238003,0
ENSG00000215873,0
ENSG00000185420,758
ENSG00000076321,1564
ENSG00000272175,0
ENSG00000135778,1733
ENSG00000213070,4
ENSG00000282265,0
ENSG00000229747,0
ENSG00000117280,815
ENSG00000233985,0
ENSG00000232175,0
ENSG00000287423,0
ENSG00000286774,0
ENSG00000236719,0
ENSG00000136636,4310
ENSG00000225486,0
ENSG00000227043,0
ENSG00000163874,16
ENSG00000285777,0
ENSG00000237249,0
ENSG00000286109,0
ENSG00000213068,0
ENSG00000054392,685
ENSG00000227994,0
ENSG00000286552,0
ENSG00000122223,0
ENSG00000235869,0
ENSG00000188739,30
ENSG00000286666,0
ENSG00000135750,92
ENSG00000273198,0
ENSG00000203730,0
ENSG00000225719,0
ENSG00000273483,5
ENSG00000287987,0
ENSG00000203729,0
ENSG00000232809,0
ENSG00000284623,0
ENSG00000285981,0
ENSG00000261729,0
ENSG00000229228,0
ENSG00000215796,0
ENSG00000233047,0
ENSG00000143341,38
ENSG00000228309,0
ENSG00000229739,26
ENSG00000116703,0
ENSG00000273874,0
ENSG00000278757,0
ENSG00000264341,0
ENSG00000264101,0
ENSG00000252404,0
ENSG00000243267,0
ENSG00000239149,0
ENSG00000252151,0
ENSG00000252969,0
ENSG00000252417,0
ENSG00000252956,0
ENSG00000265606,0
ENSG00000284357,0
ENSG00000207237,0
ENSG00000222784,0
ENSG00000266210,0
ENSG00000265961,0
ENSG00000251866,0
ENSG00000252691,0
ENSG00000253005,0
ENSG00000238316,0
ENSG00000207941,0
ENSG00000264773,0
ENSG00000252448,0
ENSG00000200421,0
ENSG00000222282,0
ENSG00000199963,0
ENSG00000264698,0
ENSG00000207328,0
ENSG00000207466,0
ENSG00000252368,0
ENSG00000206779,0
ENSG00000265596,0
ENSG00000212541,3
ENSG00000200796,0
ENSG00000252190,0
ENSG00000264613,0
ENSG00000199240,0
ENSG00000277168,0
ENSG00000283724,0
ENSG00000284410,0
ENSG00000252018,0
ENSG00000206627,0
ENSG00000283414,0
ENSG00000207508,0
ENSG00000200171,0
ENSG00000207194,0
ENSG00000283477,0
ENSG00000264834,0
ENSG00000263675,0
ENSG00000266188,0
ENSG00000206981,0
ENSG00000200174,0
ENSG00000265815,0
ENSG00000238653,0
ENSG00000212624,0
ENSG00000200575,0
ENSG00000212360,0
ENSG00000242860,0
ENSG00000263908,0
ENSG00000283690,0
ENSG00000199921,0
ENSG00000251825,0
ENSG00000201153,0
ENSG00000222624,0
ENSG00000223152,0
ENSG00000212308,0
ENSG00000279049,0
ENSG00000276081,0
ENSG00000239640,0
ENSG00000252338,0
ENSG00000251785,0
ENSG00000239319,0
ENSG00000222849,0
ENSG00000283749,0
ENSG00000251767,0
ENSG00000243437,0
ENSG00000202263,0
ENSG00000199318,0
ENSG00000199666,0
ENSG00000200601,0
ENSG00000242482,0
ENSG00000212366,0
ENSG00000201620,0
ENSG00000206817,0
ENSG00000284247,0
ENSG00000200839,0
ENSG00000264963,0
ENSG00000264271,0
ENSG00000239504,0
ENSG00000284202,0
ENSG00000251720,3
ENSG00000274321,6
ENSG00000198974,0
ENSG00000212248,0
ENSG00000207962,0
ENSG00000276884,0
ENSG00000207234,0
ENSG00000202259,0
ENSG00000212459,0
ENSG00000278287,0
ENSG00000277565,0
ENSG00000263526,0
ENSG00000211575,0
ENSG00000275823,0
ENSG00000277689,0
ENSG00000274199,0
ENSG00000202254,0
ENSG00000244256,0
ENSG00000201491,0
ENSG00000199831,0
ENSG00000275455,0
ENSG00000252162,0
ENSG00000272051,0
ENSG00000283899,0
ENSG00000200800,0
ENSG00000207502,0
ENSG00000252530,0
ENSG00000200536,0
ENSG00000211543,0
ENSG00000252797,0
ENSG00000212266,0
ENSG00000222209,0
ENSG00000277141,0
ENSG00000215930,0
ENSG00000238761,0
ENSG00000201114,0
ENSG00000206679,0
ENSG00000264419,0
ENSG00000222069,4
ENSG00000199879,0
ENSG00000252005,0
ENSG00000252510,0
ENSG00000252830,0
ENSG00000239984,0
ENSG00000283296,0
ENSG00000252717,0
ENSG00000194297,0
ENSG00000277313,0
ENSG00000207341,0
ENSG00000207472,0
ENSG00000206880,0
ENSG00000252552,0
ENSG00000199849,0
ENSG00000252407,0
ENSG00000212538,0
ENSG00000251813,0
ENSG00000207108,0
ENSG00000201312,0
ENSG00000202491,0
ENSG00000201596,0
ENSG00000276839,0
ENSG00000207974,0
ENSG00000273629,0
ENSG00000201493,0
ENSG00000215952,0
ENSG00000200139,0
ENSG00000283575,0
ENSG00000238765,0
ENSG00000206659,0
ENSG00000253025,0
ENSG00000201544,0
ENSG00000202498,0
ENSG00000221545,0
ENSG00000252906,0
ENSG00000206692,0
ENSG00000202329,0
ENSG00000242794,2
ENSG00000212144,0
ENSG00000283340,0
ENSG00000252860,0
ENSG00000252501,0
ENSG00000263390,0
ENSG00000207181,24
ENSG00000265744,0
ENSG00000264377,0
ENSG00000207149,0
ENSG00000283936,0
ENSG00000284485,0
ENSG00000201638,0
ENSG00000275213,0
ENSG00000239494,0
ENSG00000252371,0
ENSG00000199442,0
ENSG00000200033,0
ENSG00000239690,0
ENSG00000202184,0
ENSG00000241395,0
ENSG00000200982,0
ENSG00000275207,0
ENSG00000222407,0
ENSG00000222986,0
ENSG00000265435,0
ENSG00000200495,0
ENSG00000202609,0
ENSG00000252553,0
ENSG00000222240,0
ENSG00000212187,0
ENSG00000206637,1
ENSG00000253097,0
ENSG00000200036,0
ENSG00000201421,0
ENSG00000212610,0
ENSG00000252484,0
ENSG00000201944,0
ENSG00000200327,0
ENSG00000206905,0
ENSG00000200972,0
ENSG00000243051,0
ENSG00000252011,0
ENSG00000207326,0
ENSG00000212205,0
ENSG00000274121,0
ENSG00000264358,0
ENSG00000206640,0
ENSG00000212527,0
ENSG00000252879,0
ENSG00000252612,0
ENSG00000202264,0
ENSG00000285609,0
ENSG00000206762,0
ENSG00000252084,0
ENSG00000200085,0
ENSG00000264500,6
ENSG00000202025,0
ENSG00000225545,0
ENSG00000206990,0
ENSG00000230175,0
ENSG00000225272,0
ENSG00000215838,0
ENSG00000273365,0
ENSG00000224358,8
ENSG00000230659,0
ENSG00000162545,146
ENSG00000090432,1234
ENSG00000215520,0
ENSG00000183114,38
ENSG00000158825,0
ENSG00000158828,413
ENSG00000284005,0
ENSG00000117242,109
ENSG00000234473,0
ENSG00000238754,0
ENSG00000134371,6410
ENSG00000221680,0
ENSG00000162630,161
ENSG00000276735,0
ENSG00000232077,4
ENSG00000229639,0
ENSG00000287453,0
ENSG00000270615,0
ENSG00000287283,0
ENSG00000240692,0
ENSG00000229359,0
ENSG00000237919,0
ENSG00000066557,3016
ENSG00000244389,0
ENSG00000228988,0
ENSG00000118454,2176
ENSG00000226088,0
ENSG00000116761,281
ENSG00000278636,0
ENSG00000271992,17
ENSG00000233020,0
ENSG00000237033,0
ENSG00000226208,0
ENSG00000007968,684
ENSG00000235052,21
ENSG00000117318,6726
ENSG00000285802,0
ENSG00000229239,0
ENSG00000142676,33494
ENSG00000057757,1979
ENSG00000011009,1708
ENSG00000117308,414
ENSG00000273844,0
ENSG00000235748,0
ENSG00000237861,0
ENSG00000221879,0
ENSG00000230260,0
ENSG00000199241,0
ENSG00000226919,0
ENSG00000223963,0
ENSG00000215802,0
ENSG00000233615,0
ENSG00000238085,0
ENSG00000265831,0
ENSG00000224348,0
ENSG00000286496,0
ENSG00000287516,0
ENSG00000287738,0
ENSG00000132703,0
ENSG00000276632,0
ENSG00000223603,0
ENSG00000132693,0
ENSG00000235226,0
ENSG00000158716,26
ENSG00000181036,0
ENSG00000158714,0
ENSG00000212161,0
ENSG00000243284,0
ENSG00000272668,0
ENSG00000213085,8
ENSG00000266458,0
ENSG00000287040,0
ENSG00000279430,0
ENSG00000162723,0
ENSG00000273933,0
ENSG00000256029,0
ENSG00000188004,0
ENSG00000266580,0
ENSG00000254545,0
ENSG00000203620,0
ENSG00000269967,0
ENSG00000228634,0
ENSG00000284702,0
ENSG00000221040,0
ENSG00000287217,0
ENSG00000163399,6252
ENSG00000212385,0
ENSG00000233154,0
ENSG00000230381,0
ENSG00000200547,0
ENSG00000224950,0
ENSG00000286276,0
ENSG00000177888,4886
ENSG00000243364,176
ENSG00000251246,0
ENSG00000143590,39
ENSG00000202027,0
ENSG00000169242,4
ENSG00000169241,334
ENSG00000223452,0
ENSG00000163463,2
ENSG00000273088,0
ENSG00000284586,0
ENSG00000169231,240
ENSG00000236263,0
ENSG00000236675,93
ENSG00000177628,903
ENSG00000116521,1490
ENSG00000176444,402
ENSG00000143630,122
ENSG00000143627,0
ENSG00000253074,0
ENSG00000252116,0
ENSG00000228523,2
ENSG00000223263,0
ENSG00000207504,0
ENSG00000238139,0
ENSG00000197721,0
ENSG00000244703,0
ENSG00000226289,0
ENSG00000285239,0
ENSG00000234219,0
ENSG00000174059,0
ENSG00000285719,0
ENSG00000284237,0
ENSG00000158731,0
ENSG00000201746,0
ENSG00000264881,0
ENSG00000199562,0
ENSG00000264501,0
ENSG00000284735,9
ENSG00000284642,34
ENSG00000142657,30448
ENSG00000271989,0
ENSG00000251503,0
ENSG00000175279,83
ENSG00000160049,1366
ENSG00000203469,0
ENSG00000236035,2
ENSG00000221643,0
ENSG00000122188,2
ENSG00000288644,0
ENSG00000227417,0
ENSG00000223505,0
ENSG00000182004,4124
ENSG00000236430,0
ENSG00000130768,0
ENSG00000227050,0
ENSG00000238231,0
ENSG00000240750,0
ENSG00000158156,4
ENSG00000182118,0
ENSG00000283799,0
ENSG00000227934,0
ENSG00000229595,0
ENSG00000143633,476
ENSG00000281912,14
ENSG00000288208,0
ENSG00000132773,337
ENSG00000070759,6
ENSG00000236872,0
ENSG00000280670,38
ENSG00000132763,174
ENSG00000221953,0
ENSG00000226164,0
ENSG00000224014,0
ENSG00000215795,4
ENSG00000259865,230
ENSG00000283881,0
ENSG00000252516,0
ENSG00000232347,0
ENSG00000214144,0
ENSG00000235818,0
ENSG00000202079,0
ENSG00000286216,4
ENSG00000169224,0
ENSG00000236817,0
ENSG00000177489,0
ENSG00000177476,0
ENSG00000283369,0
ENSG00000230411,0
ENSG00000251977,0
ENSG00000252254,0
ENSG00000227854,0
ENSG00000287589,0
ENSG00000259776,0
ENSG00000233355,0
ENSG00000234601,0
ENSG00000231979,0
ENSG00000215805,0
ENSG00000287102,0
ENSG00000217327,0
ENSG00000228818,14
ENSG00000202041,0
ENSG00000223694,0
ENSG00000233735,0
ENSG00000133019,274
ENSG00000162636,1098
ENSG00000162639,28
ENSG00000285923,0
ENSG00000134186,3935
ENSG00000143107,0
ENSG00000232971,0
ENSG00000116266,1956
ENSG00000228076,0
ENSG00000203897,0
ENSG00000237349,0
ENSG00000244716,220
ENSG00000228665,0
ENSG00000228054,0
ENSG00000273382,60
ENSG00000215717,3190
ENSG00000278249,0
ENSG00000270066,0
ENSG00000251484,1
ENSG00000132676,3958
ENSG00000227673,0
ENSG00000203761,37
ENSG00000234937,0
ENSG00000132718,25678
ENSG00000283442,0
ENSG00000132680,1272
ENSG00000207475,5
ENSG00000280466,0
ENSG00000281394,0
ENSG00000277817,0
ENSG00000273002,10
ENSG00000224276,0
ENSG00000285677,5
ENSG00000163479,7223
ENSG00000160803,2465
ENSG00000132698,0
ENSG00000252236,0
ENSG00000260238,0
ENSG00000242252,0
ENSG00000198952,2588
ENSG00000163472,116
ENSG00000163468,17392
ENSG00000132677,0
ENSG00000237390,0
ENSG00000207933,0
ENSG00000254726,10494
ENSG00000186377,0
ENSG00000186160,0
ENSG00000225154,0
ENSG00000225506,0
ENSG00000225514,0
ENSG00000224805,0
ENSG00000162366,0
ENSG00000226252,0
ENSG00000225762,0
ENSG00000186790,0
ENSG00000237424,0
ENSG00000189030,0
ENSG00000162763,0
ENSG00000143061,1504
ENSG00000135821,18762
ENSG00000203740,6
ENSG00000162374,574
ENSG00000168275,528
ENSG00000241563,5
ENSG00000153207,3896
ENSG00000156869,444
ENSG00000033122,121
ENSG00000143278,0
ENSG00000116678,687
ENSG00000159352,5803
ENSG00000158710,2518
ENSG00000162734,39795
ENSG00000049239,1363
ENSG00000186564,0
ENSG00000244038,9172
ENSG00000116690,0
ENSG00000126091,35
ENSG00000162383,0
ENSG00000171163,117
ENSG00000172456,572
ENSG00000162946,163
ENSG00000158786,0
ENSG00000118733,0
ENSG00000157870,758
ENSG00000179085,396
ENSG00000173080,0
ENSG00000183347,0
ENSG00000276470,0
ENSG00000278852,0
ENSG00000275915,0
ENSG00000120937,0
ENSG00000224904,0
ENSG00000285646,9
ENSG00000199347,0
ENSG00000201801,0
ENSG00000116685,1069
ENSG00000083444,2784
ENSG00000287384,0
ENSG00000270914,0
ENSG00000116691,200
ENSG00000202461,0
ENSG00000276869,0
ENSG00000243539,0
ENSG00000120949,2
ENSG00000201135,0
ENSG00000227875,0
ENSG00000285604,0
ENSG00000283789,0
ENSG00000263676,0
ENSG00000200591,0
ENSG00000162521,16775
ENSG00000162520,22
ENSG00000224409,0
ENSG00000162522,120
ENSG00000116497,2586
ENSG00000160097,66
ENSG00000121905,0
ENSG00000121900,0
ENSG00000287691,2
ENSG00000278966,0
ENSG00000143222,4311
ENSG00000224985,19
ENSG00000143224,332
ENSG00000158850,1727
ENSG00000158859,128
ENSG00000158869,0
ENSG00000158874,4
ENSG00000158882,301
ENSG00000284035,0
ENSG00000143257,6
ENSG00000248485,22
ENSG00000188931,568
ENSG00000236484,2
ENSG00000283696,4
ENSG00000288093,10
ENSG00000206921,0
ENSG00000215840,0
ENSG00000277882,0
ENSG00000283317,0
ENSG00000277762,0
ENSG00000227139,0
ENSG00000265107,6
ENSG00000274415,0
ENSG00000234190,0
ENSG00000223728,0
ENSG00000121634,0
ENSG00000188092,128
ENSG00000273059,0
ENSG00000274372,0
ENSG00000206791,0
ENSG00000206585,0
ENSG00000229828,0
ENSG00000225080,0
ENSG00000198658,0
ENSG00000238382,0
ENSG00000225919,0
ENSG00000236497,0
ENSG00000207190,0
ENSG00000200508,0
ENSG00000284928,0
ENSG00000223949,0
ENSG00000116688,4480
ENSG00000188800,0
ENSG00000084073,15837
ENSG00000231296,0
ENSG00000049089,220
ENSG00000227311,6
ENSG00000213172,0
ENSG00000284677,0
ENSG00000187801,652
ENSG00000260920,640
ENSG00000158887,0
ENSG00000255054,0
ENSG00000228172,0
ENSG00000117640,1528
ENSG00000272478,0
ENSG00000127423,361
ENSG00000182749,144
ENSG00000207302,0
ENSG00000117632,43183
ENSG00000229786,0
ENSG00000223624,0
ENSG00000283938,0
ENSG00000199385,0
ENSG00000187147,643
ENSG00000263381,0
ENSG00000126106,215
ENSG00000198520,22
ENSG00000199377,1
ENSG00000200169,0
ENSG00000142945,2003
ENSG00000142937,32657
ENSG00000264294,0
ENSG00000200913,4
ENSG00000202031,0
ENSG00000207421,0
ENSG00000281859,0
ENSG00000234093,10
ENSG00000142959,4
ENSG00000173846,255
ENSG00000117425,6
ENSG00000202444,0
ENSG00000226499,2
ENSG00000070785,922
ENSG00000253039,0
ENSG00000229815,0
ENSG00000232369,0
ENSG00000268949,0
ENSG00000126107,878
ENSG00000126088,1724
ENSG00000234315,4
ENSG00000162408,1084
ENSG00000229519,0
ENSG00000173662,4
ENSG00000204859,240
ENSG00000288629,0
ENSG00000230735,0
ENSG00000171488,254
ENSG00000226394,0
ENSG00000237200,0
ENSG00000070886,0
ENSG00000276835,0
ENSG00000265422,0
ENSG00000223776,0
ENSG00000273058,0
ENSG00000230325,0
ENSG00000119285,3747
ENSG00000226498,0
ENSG00000237991,10
ENSG00000244020,0
ENSG00000288099,0
ENSG00000225886,0
ENSG00000206767,0
ENSG00000226662,0
ENSG00000207095,0
ENSG00000287244,0
ENSG00000231344,2
ENSG00000230833,0
ENSG00000117758,3835
ENSG00000269971,0
ENSG00000270031,0
ENSG00000223062,0
ENSG00000286433,0
ENSG00000117751,3626
ENSG00000252947,0
ENSG00000130775,24
ENSG00000117748,3192
ENSG00000223643,0
ENSG00000230239,0
ENSG00000263811,0
ENSG00000277234,0
ENSG00000235241,0
ENSG00000207005,0
ENSG00000272426,2
ENSG00000117122,226
ENSG00000286898,0
ENSG00000226526,0
ENSG00000159363,1227
ENSG00000117118,2031
ENSG00000117115,0
ENSG00000204362,0
ENSG00000282843,0
ENSG00000142623,0
ENSG00000142619,0
ENSG00000266634,0
ENSG00000199459,0
ENSG00000273264,15
ENSG00000282057,54
ENSG00000272691,0
ENSG00000199934,0
ENSG00000230285,0
ENSG00000142871,2250
ENSG00000226643,0
ENSG00000234419,0
ENSG00000276997,0
ENSG00000222399,0
ENSG00000267305,0
ENSG00000143512,0
ENSG00000143498,489
ENSG00000225265,187
ENSG00000154305,3318
ENSG00000229399,0
ENSG00000272750,48
ENSG00000186063,5040
ENSG00000162819,3260
ENSG00000287684,0
ENSG00000234523,0
ENSG00000287338,0
ENSG00000187554,2
ENSG00000236846,0
ENSG00000226601,0
ENSG00000164010,441
ENSG00000164011,431
ENSG00000233708,0
ENSG00000237090,1
ENSG00000225099,0
ENSG00000284138,0
ENSG00000283973,0
ENSG00000207256,0
ENSG00000283136,0
ENSG00000277513,0
ENSG00000154309,395
ENSG00000226967,0
ENSG00000231407,21
ENSG00000229570,0
ENSG00000203857,0
ENSG00000226443,0
ENSG00000249798,0
ENSG00000239873,0
ENSG00000203855,0
ENSG00000240244,0
ENSG00000260941,0
ENSG00000198857,2
ENSG00000143067,1304
ENSG00000134240,0
ENSG00000134193,0
ENSG00000215864,0
ENSG00000227205,0
ENSG00000226446,0
ENSG00000134249,0
ENSG00000092621,4314
ENSG00000027644,0
ENSG00000241992,0
ENSG00000234226,0
ENSG00000137970,332
ENSG00000223229,0
ENSG00000285698,0
ENSG00000228035,0
ENSG00000287103,0
ENSG00000226973,0
ENSG00000274468,0
ENSG00000130764,2221
ENSG00000266075,0
ENSG00000272153,6
ENSG00000230026,0
ENSG00000285177,0
ENSG00000284770,4
ENSG00000229795,0
ENSG00000238236,0
ENSG00000235638,0
ENSG00000231199,0
ENSG00000226663,0
ENSG00000231582,0
ENSG00000232714,0
ENSG00000235761,0
ENSG00000270710,0
ENSG00000227236,0
ENSG00000198837,656
ENSG00000160741,440
ENSG00000276584,0
ENSG00000282386,20
ENSG00000273026,12
ENSG00000143578,175
ENSG00000143543,172
ENSG00000285641,0
ENSG00000143545,675
ENSG00000177954,17872
ENSG00000231416,0
ENSG00000200220,0
ENSG00000231837,0
ENSG00000263987,0
ENSG00000162642,1146
ENSG00000223254,0
ENSG00000223653,22
ENSG00000116198,760
ENSG00000169598,302
ENSG00000226653,0
ENSG00000207209,0
ENSG00000272443,0
ENSG00000272480,0
ENSG00000288626,0
ENSG00000162836,340
ENSG00000207080,0
ENSG00000231791,0
ENSG00000244568,0
ENSG00000271387,16
ENSG00000116667,2436
ENSG00000230470,0
ENSG00000232036,0
ENSG00000285847,0
ENSG00000286378,0
ENSG00000215381,0
ENSG00000261326,34
ENSG00000284726,8
ENSG00000125945,6907
ENSG00000201405,0
ENSG00000271420,0
ENSG00000204219,16
ENSG00000232482,0
ENSG00000285779,0
ENSG00000162885,1567
ENSG00000270780,0
ENSG00000232895,0
ENSG00000273698,0
ENSG00000273112,0
ENSG00000173110,26
ENSG00000224203,0
ENSG00000224515,0
ENSG00000225217,0
ENSG00000231586,0
ENSG00000234211,0
ENSG00000213075,0
ENSG00000143125,0
ENSG00000270380,0
ENSG00000282887,0
ENSG00000283999,0
ENSG00000240194,0
ENSG00000235407,0
ENSG00000143105,0
ENSG00000199710,0
ENSG00000237415,0
ENSG00000232791,0
ENSG00000177301,136
ENSG00000226828,0
ENSG00000279774,0
ENSG00000229960,0
ENSG00000286486,0
ENSG00000244066,0
ENSG00000237759,0
ENSG00000287531,0
ENSG00000225855,45
ENSG00000283701,0
ENSG00000207134,0
ENSG00000227773,0
ENSG00000207144,0
ENSG00000237872,0
ENSG00000271267,0
ENSG00000225082,0
ENSG00000223503,0
ENSG00000232519,0
ENSG00000160752,7547
ENSG00000121957,662
ENSG00000235089,0
ENSG00000285179,0
ENSG00000223026,0
ENSG00000225721,2
ENSG00000188396,0
ENSG00000202167,0
ENSG00000207349,0
ENSG00000252826,0
ENSG00000206737,0
ENSG00000223779,0
ENSG00000242352,0
ENSG00000270962,0
ENSG00000263590,0
ENSG00000252105,0
ENSG00000233430,0
ENSG00000237503,0
ENSG00000265531,0
ENSG00000230186,0
ENSG00000268074,0
ENSG00000270872,117
ENSG00000276674,0
ENSG00000082482,339
ENSG00000116747,7703
ENSG00000118729,18
ENSG00000134207,0
ENSG00000163467,0
ENSG00000243710,18
ENSG00000117395,2660
ENSG00000116874,633
ENSG00000065600,2049
ENSG00000009780,779
ENSG00000023572,1392
ENSG00000077254,5051
ENSG00000134644,8739
ENSG00000215788,27
ENSG00000117625,2149
ENSG00000179902,2
ENSG00000121766,2268
ENSG00000143157,5113
ENSG00000160781,94
ENSG00000143344,2161
ENSG00000116882,0
ENSG00000142856,814
ENSG00000158022,0
ENSG00000116396,32
ENSG00000163875,3750
ENSG00000282872,79
ENSG00000131238,6680
ENSG00000171680,349
ENSG00000244457,0
ENSG00000116977,186
ENSG00000229372,0
ENSG00000274975,0
ENSG00000229348,0
ENSG00000242485,1740
ENSG00000264293,0
ENSG00000272455,24
ENSG00000225905,2
ENSG00000225285,16
ENSG00000179403,577
ENSG00000215915,0
ENSG00000236085,0
ENSG00000234441,0
ENSG00000227408,0
ENSG00000223635,10
ENSG00000135776,1302
ENSG00000199672,0
ENSG00000201492,0
ENSG00000229367,0
ENSG00000135763,2346
ENSG00000213028,0
ENSG00000225984,0
ENSG00000178828,0
ENSG00000235434,0
ENSG00000169914,584
ENSG00000188784,0
ENSG00000242688,0
ENSG00000177186,0
ENSG00000177174,0
ENSG00000269956,0
ENSG00000162456,0
ENSG00000079277,201
ENSG00000117407,8
ENSG00000237950,22
ENSG00000117408,1117
ENSG00000285649,0
ENSG00000117410,3798
ENSG00000159214,67
ENSG00000196517,499
ENSG00000227163,0
ENSG00000271647,0
ENSG00000239560,0
ENSG00000196539,0
ENSG00000229255,0
ENSG00000203661,0
ENSG00000271934,0
ENSG00000224521,0
ENSG00000227102,0
ENSG00000183310,0
ENSG00000201602,0
ENSG00000271701,0
ENSG00000189181,0
ENSG00000187238,0
ENSG00000185962,0
ENSG00000226947,0
ENSG00000285753,0
ENSG00000187223,0
ENSG00000159455,0
ENSG00000187173,0
ENSG00000204501,0
ENSG00000228229,0
ENSG00000204481,0
ENSG00000204479,0
ENSG00000172031,243
ENSG00000233228,0
ENSG00000224678,0
ENSG00000233401,0
ENSG00000273487,0
ENSG00000226773,0
ENSG00000274481,0
ENSG00000228594,316
ENSG00000286989,40
ENSG00000272106,401
ENSG00000189409,0
ENSG00000272004,0
ENSG00000189339,4116
ENSG00000269737,37
ENSG00000215914,0
ENSG00000008128,25
ENSG00000268575,55
ENSG00000227775,121
ENSG00000008130,1712
ENSG00000178821,4
ENSG00000158477,0
ENSG00000230942,0
ENSG00000158481,0
ENSG00000158485,0
ENSG00000158488,0
ENSG00000186306,0
ENSG00000203758,0
ENSG00000236257,0
ENSG00000236656,0
ENSG00000198703,0
ENSG00000227445,0
ENSG00000231434,14
ENSG00000117505,6054
ENSG00000229635,0
ENSG00000207379,0
ENSG00000212601,0
ENSG00000162889,3356
ENSG00000224114,22
ENSG00000199349,0
ENSG00000162892,0
ENSG00000162894,0
ENSG00000271680,0
ENSG00000226945,2
ENSG00000162896,0
ENSG00000162897,0
ENSG00000182795,0
ENSG00000198890,2450
ENSG00000224550,6
ENSG00000142669,1433
ENSG00000169442,0
ENSG00000225854,0
ENSG00000176083,0
ENSG00000229167,0
ENSG00000142910,0
ENSG00000162517,1519
ENSG00000235790,7
ENSG00000264078,0
ENSG00000241745,0
ENSG00000228407,28
ENSG00000223429,0
ENSG00000224255,0
ENSG00000236004,0
ENSG00000237663,0
ENSG00000213735,0
ENSG00000272100,0
ENSG00000287078,0
ENSG00000224680,4
ENSG00000085840,788
ENSG00000283445,0
ENSG00000272226,0
ENSG00000231740,2
ENSG00000143751,3010
ENSG00000272562,2
ENSG00000163041,24280
ENSG00000225518,0
ENSG00000270598,0
ENSG00000182827,2414
ENSG00000234478,1
ENSG00000223570,0
ENSG00000185155,4
ENSG00000236773,2
ENSG00000143753,4148
ENSG00000201898,0
ENSG00000237101,0
ENSG00000143748,1298
ENSG00000221406,0
ENSG00000229742,0
ENSG00000206887,0
ENSG00000143771,3002
ENSG00000266618,0
ENSG00000229991,0
ENSG00000233384,8
ENSG00000234247,0
ENSG00000183682,4
ENSG00000237624,0
ENSG00000228060,7
ENSG00000201457,0
ENSG00000163909,12
ENSG00000225903,0
ENSG00000116983,62
ENSG00000225333,0
ENSG00000252413,0
ENSG00000090621,6297
ENSG00000236994,0
ENSG00000275406,0
ENSG00000270287,0
ENSG00000229965,2
ENSG00000223282,0
ENSG00000177770,0
ENSG00000287627,0
ENSG00000283933,0
ENSG00000143369,26
ENSG00000228126,0
ENSG00000237781,0
ENSG00000264553,0
ENSG00000277452,0
ENSG00000274963,0
ENSG00000253047,0
ENSG00000143420,7728
ENSG00000276103,0
ENSG00000143457,1840
ENSG00000143452,0
ENSG00000206931,0
ENSG00000236713,0
ENSG00000224690,0
ENSG00000203804,0
ENSG00000143384,23620
ENSG00000154342,0
ENSG00000276255,0
ENSG00000284163,0
ENSG00000143793,404
ENSG00000162910,276
ENSG00000224566,0
ENSG00000287895,0
ENSG00000280157,0
ENSG00000227625,0
ENSG00000198835,6
ENSG00000203684,0
ENSG00000181873,279
ENSG00000162913,11
ENSG00000269934,18
ENSG00000270110,0
ENSG00000286773,0
ENSG00000287315,0
ENSG00000270104,0
ENSG00000154370,507
ENSG00000270094,0
ENSG00000284311,0
ENSG00000162931,2
ENSG00000230841,0
ENSG00000266174,0
ENSG00000279306,0
ENSG00000215811,0
ENSG00000202056,0
ENSG00000251823,0
ENSG00000171960,487
ENSG00000234917,0
ENSG00000065978,90083
ENSG00000164007,0
ENSG00000117385,1852
ENSG00000228452,0
ENSG00000001460,114
ENSG00000001461,944
ENSG00000286061,0
ENSG00000117602,196
ENSG00000264443,0
ENSG00000184454,2
ENSG00000227312,0
ENSG00000239106,0
ENSG00000177606,1820
ENSG00000116539,3163
ENSG00000250135,0
ENSG00000084652,2310
ENSG00000224066,0
ENSG00000160051,97
ENSG00000183615,0
ENSG00000277617,0
ENSG00000252450,0
ENSG00000116478,1936
ENSG00000175130,34727
ENSG00000233775,0
ENSG00000162526,0
ENSG00000168679,1547
ENSG00000273373,40
ENSG00000206651,0
ENSG00000134248,2282
ENSG00000252777,0
ENSG00000198492,7585
ENSG00000233427,0
ENSG00000199756,0
ENSG00000225616,0
ENSG00000206704,0
ENSG00000277958,0
ENSG00000253304,2
ENSG00000225750,0
ENSG00000277916,0
ENSG00000116353,957
ENSG00000237934,0
ENSG00000286231,0
ENSG00000221571,6
ENSG00000276642,0
ENSG00000272823,0
ENSG00000238078,0
ENSG00000257551,6
ENSG00000136630,2
ENSG00000260505,0
ENSG00000235163,0
ENSG00000234863,0
ENSG00000226226,0
ENSG00000231529,0
ENSG00000116141,1974
ENSG00000243872,0
ENSG00000233012,0
ENSG00000162817,58
ENSG00000117593,1350
ENSG00000270084,14
ENSG00000135870,2698
ENSG00000236535,0
ENSG00000225713,0
ENSG00000215867,0
ENSG00000201028,0
ENSG00000197852,1538
ENSG00000227811,34
ENSG00000284830,4
ENSG00000232558,2
ENSG00000237556,2
ENSG00000231437,142
ENSG00000276600,130
ENSG00000228548,0
ENSG00000238183,0
ENSG00000287259,0
ENSG00000228525,0
ENSG00000233706,0
ENSG00000287532,0
ENSG00000158769,41
ENSG00000270149,0
ENSG00000232879,0
ENSG00000215845,0
ENSG00000158773,1252
ENSG00000186517,12
ENSG00000143217,0
ENSG00000228917,0
ENSG00000162755,98
ENSG00000143256,1406
ENSG00000158793,495
ENSG00000158796,816
ENSG00000238934,0
ENSG00000196188,0
ENSG00000163050,0
ENSG00000235549,0
ENSG00000174574,8500
ENSG00000168653,8907
ENSG00000206654,0
ENSG00000222378,0
ENSG00000287422,0
ENSG00000226438,0
ENSG00000217897,0
ENSG00000288674,1
ENSG00000228625,0
ENSG00000261654,34
ENSG00000232811,4
ENSG00000121931,1337
ENSG00000273010,14
ENSG00000225672,0
ENSG00000252760,0
ENSG00000272982,0
ENSG00000273221,0
ENSG00000162777,2
ENSG00000064886,32
ENSG00000236040,0
ENSG00000156171,876
ENSG00000238365,0
ENSG00000237920,0
ENSG00000226855,10
ENSG00000228013,0
ENSG00000228264,0
ENSG00000169291,0
ENSG00000273110,0
ENSG00000227066,0
ENSG00000187980,0
ENSG00000228105,0
ENSG00000284710,0
ENSG00000143252,5976
ENSG00000288670,323
ENSG00000143437,1534
ENSG00000200175,0
ENSG00000224800,8
ENSG00000229357,0
ENSG00000143799,13644
ENSG00000158864,5392
ENSG00000215846,0
ENSG00000248642,0
ENSG00000248442,0
ENSG00000251686,0
ENSG00000249197,0
ENSG00000288636,0
ENSG00000117450,25508
ENSG00000234379,0
ENSG00000281133,0
ENSG00000280836,0
ENSG00000132780,10262
ENSG00000281112,0
ENSG00000281825,0
ENSG00000159588,0
ENSG00000159592,4310
ENSG00000225447,0
ENSG00000234329,2
ENSG00000159596,1455
ENSG00000230896,45
ENSG00000143570,19
ENSG00000142864,37927
ENSG00000198160,3228
ENSG00000162426,8
ENSG00000117245,8
ENSG00000188295,517
ENSG00000116750,2536
ENSG00000235169,4
ENSG00000116514,718
ENSG00000162419,736
ENSG00000154222,194
ENSG00000173406,3258
ENSG00000197147,1544
ENSG00000189195,94
ENSG00000058673,15
ENSG00000131236,10881
ENSG00000081870,1418
ENSG00000133216,3554
ENSG00000143183,6953
ENSG00000248333,1032
ENSG00000162390,0
ENSG00000117448,3129
ENSG00000162687,553
ENSG00000143387,31
ENSG00000227000,0
ENSG00000176256,0
ENSG00000231163,0
ENSG00000217644,0
ENSG00000239670,0
ENSG00000236065,0
ENSG00000276645,0
ENSG00000142920,122
ENSG00000278997,8
ENSG00000116525,191
ENSG00000279179,0
ENSG00000284721,0
ENSG00000225934,0
ENSG00000215812,0
ENSG00000230005,0
ENSG00000163131,8
ENSG00000183814,1237
ENSG00000274178,0
ENSG00000274764,0
ENSG00000277862,0
ENSG00000236179,0
ENSG00000275774,1
ENSG00000233336,0
ENSG00000179412,1
ENSG00000213516,1969
ENSG00000117226,50
ENSG00000202385,0
ENSG00000117228,86
ENSG00000234518,26
ENSG00000162645,88
ENSG00000286802,0
ENSG00000213512,0
ENSG00000162654,0
ENSG00000126705,1056
ENSG00000000938,0
ENSG00000235912,10
ENSG00000233975,0
ENSG00000126709,611
ENSG00000277058,0
ENSG00000238015,0
ENSG00000235400,2
ENSG00000137959,2242
ENSG00000174151,490
ENSG00000181754,392
ENSG00000254942,0
ENSG00000065135,11956
ENSG00000206832,0
ENSG00000225113,0
ENSG00000284443,0
ENSG00000228703,0
ENSG00000235045,0
ENSG00000134183,47
ENSG00000288562,0
ENSG00000073756,0
ENSG00000153904,15977
ENSG00000228040,2
ENSG00000155380,22453
ENSG00000229020,0
ENSG00000287807,0
ENSG00000134259,0
ENSG00000272438,16
ENSG00000230699,101
ENSG00000241180,0
ENSG00000223764,93
ENSG00000188976,2128
ENSG00000187583,0
ENSG00000272512,8
ENSG00000188290,291
ENSG00000187608,104
ENSG00000231702,0
ENSG00000224969,0
ENSG00000188157,7282
ENSG00000242590,0
ENSG00000256407,0
ENSG00000280425,0
ENSG00000116221,3590
ENSG00000198711,18
ENSG00000232245,0
ENSG00000287582,0
ENSG00000235741,0
ENSG00000237173,0
ENSG00000227453,0
ENSG00000117601,2
ENSG00000232964,0
ENSG00000235817,0
ENSG00000135775,1245
ENSG00000244137,0
ENSG00000135773,28
ENSG00000202063,0
ENSG00000225656,0
ENSG00000119280,2077
ENSG00000223393,15
ENSG00000288037,0
ENSG00000287395,0
ENSG00000240502,0
ENSG00000137965,347
ENSG00000163239,0
ENSG00000160714,2282
ENSG00000229780,0
ENSG00000233875,0
ENSG00000287064,44
ENSG00000160710,9520
ENSG00000233647,0
ENSG00000186118,0
ENSG00000228237,0
ENSG00000159658,3748
ENSG00000236476,0
ENSG00000143801,3
ENSG00000199595,0
ENSG00000132185,0
ENSG00000241347,0
ENSG00000081721,518
ENSG00000229808,14
ENSG00000082512,136
ENSG00000236809,0
ENSG00000238137,0
ENSG00000223649,0
ENSG00000170385,6150
ENSG00000261314,0
ENSG00000228792,0
ENSG00000227764,0
ENSG00000224763,0
ENSG00000198570,4
ENSG00000118217,4779
ENSG00000181227,0
ENSG00000137955,2044
ENSG00000206620,0
ENSG00000207241,0
ENSG00000201487,0
ENSG00000057468,4
ENSG00000213047,652
ENSG00000207139,0
ENSG00000213046,0
ENSG00000235582,0
ENSG00000233040,0
ENSG00000224901,0
ENSG00000134376,849
ENSG00000117400,0
ENSG00000287113,0
ENSG00000117399,2321
ENSG00000066322,1411
ENSG00000283836,0
ENSG00000159479,625
ENSG00000229431,0
ENSG00000116337,1317
ENSG00000066279,2662
ENSG00000224727,0
ENSG00000265201,6
ENSG00000236031,14
ENSG00000226766,0
ENSG00000232184,0
ENSG00000228939,0
ENSG00000117020,4158
ENSG00000198912,694
ENSG00000260460,0
ENSG00000183856,476
ENSG00000163382,2224
ENSG00000272971,0
ENSG00000132702,0
ENSG00000272068,20
ENSG00000132692,759
ENSG00000272405,22
ENSG00000229953,0
ENSG00000132688,44322
ENSG00000237588,0
ENSG00000285570,0
ENSG00000143320,33
ENSG00000223356,2
ENSG00000143319,1903
ENSG00000143303,243
ENSG00000143314,1546
ENSG00000143321,13896
ENSG00000143294,1981
ENSG00000287624,0
ENSG00000027869,0
ENSG00000265538,0
ENSG00000275816,0
ENSG00000200262,0
ENSG00000213478,0
ENSG00000203356,0
ENSG00000123091,11436
ENSG00000233406,8
ENSG00000236434,0
ENSG00000261664,0
ENSG00000232027,8
ENSG00000206595,0
ENSG00000238140,0
ENSG00000252032,0
ENSG00000229905,0
ENSG00000237491,10
ENSG00000285268,0
ENSG00000177757,0
ENSG00000288531,0
ENSG00000230368,0
ENSG00000234711,0
ENSG00000283040,0
ENSG00000273443,0
ENSG00000237330,0
ENSG00000131591,109
ENSG00000285812,8
ENSG00000223823,0
ENSG00000272141,0
ENSG00000205231,0
ENSG00000085831,24
ENSG00000239794,0
ENSG00000187634,138
ENSG00000156875,82
ENSG00000241073,0
ENSG00000156876,628
ENSG00000226952,0
ENSG00000122477,21
ENSG00000137992,2289
ENSG00000271415,0
ENSG00000225169,0
ENSG00000285530,0
ENSG00000230287,0
ENSG00000137996,1891
ENSG00000207750,0
ENSG00000137948,0
ENSG00000121774,16074
ENSG00000203325,0
ENSG00000121775,380
ENSG00000266203,0
ENSG00000276493,0
ENSG00000025800,3901
ENSG00000160050,633
ENSG00000231346,0
ENSG00000064703,3476
ENSG00000122406,55154
ENSG00000154511,1570
ENSG00000206680,0
ENSG00000207523,1
ENSG00000207022,0
ENSG00000229052,0
ENSG00000252121,0
ENSG00000239710,0
ENSG00000287797,0
ENSG00000252752,0
ENSG00000222664,0
ENSG00000251837,0
ENSG00000143033,2147
ENSG00000235432,0
ENSG00000189410,28
ENSG00000233069,0
ENSG00000251914,0
ENSG00000221808,0
ENSG00000233072,0
ENSG00000236073,0
ENSG00000235112,0
ENSG00000287192,22
ENSG00000117298,1612
ENSG00000236936,0
ENSG00000231105,0
ENSG00000143502,0
ENSG00000251789,0
ENSG00000178395,0
ENSG00000206835,0
ENSG00000162620,44
ENSG00000116783,0
ENSG00000237324,0
ENSG00000233894,17
ENSG00000162621,0
ENSG00000178965,8
ENSG00000234497,0
ENSG00000272864,12
ENSG00000116791,2722
ENSG00000162623,1320
ENSG00000259030,6
ENSG00000259961,0
ENSG00000215909,0
ENSG00000222952,0
ENSG00000237445,0
ENSG00000253085,0
ENSG00000199352,0
ENSG00000201588,0
ENSG00000199337,0
ENSG00000200381,0
ENSG00000199396,0
ENSG00000200624,0
ENSG00000202521,0
ENSG00000200343,0
ENSG00000201321,0
ENSG00000199910,0
ENSG00000199334,0
ENSG00000199270,0
ENSG00000202526,0
ENSG00000201355,0
ENSG00000201925,0
ENSG00000202257,0
ENSG00000200370,0
ENSG00000212237,0
ENSG00000183929,0
ENSG00000206878,0
ENSG00000154358,109
ENSG00000284964,0
ENSG00000275557,11
ENSG00000206828,6
ENSG00000284842,0
ENSG00000275229,0
ENSG00000226500,0
ENSG00000233030,88
ENSG00000183598,0
ENSG00000264207,0
ENSG00000184260,72
ENSG00000184270,2
ENSG00000178096,80
ENSG00000159164,4685
ENSG00000143368,2120
ENSG00000150337,26
ENSG00000224228,0
ENSG00000227177,0
ENSG00000224000,0
ENSG00000231333,0
ENSG00000170128,0
ENSG00000233217,0
ENSG00000201032,0
ENSG00000116852,1148
ENSG00000229191,4
ENSG00000234132,0
ENSG00000116857,3004
ENSG00000163395,0
ENSG00000229821,0
ENSG00000081248,0
ENSG00000226970,9
ENSG00000199959,0
ENSG00000203943,232
ENSG00000249237,4
ENSG00000240520,2
ENSG00000285361,0
ENSG00000228153,0
ENSG00000252650,0
ENSG00000251861,0
ENSG00000287197,0
ENSG00000229657,0
ENSG00000174529,102
ENSG00000271580,0
ENSG00000116984,1778
ENSG00000227496,20
ENSG00000226349,0
ENSG00000223306,0
ENSG00000143742,43947
ENSG00000234112,0
ENSG00000242861,3
ENSG00000196187,121
ENSG00000243709,0
ENSG00000255835,0
ENSG00000284519,0
ENSG00000248322,0
ENSG00000143768,176
ENSG00000213032,0
ENSG00000143819,3296
ENSG00000116649,2760
ENSG00000171824,966
ENSG00000226849,7
ENSG00000225602,0
ENSG00000253086,0
ENSG00000231953,0
ENSG00000117614,2688
ENSG00000284602,4
ENSG00000284657,0
ENSG00000117616,259
ENSG00000272432,28
ENSG00000261349,0
ENSG00000187010,3
ENSG00000224183,2
ENSG00000259984,2
ENSG00000183726,5541
ENSG00000238084,2
ENSG00000204178,2248
ENSG00000198860,2220
ENSG00000286655,0
ENSG00000199840,0
ENSG00000160838,1
ENSG00000211581,0
ENSG00000266160,0
ENSG00000155816,440
ENSG00000252317,0
ENSG00000233519,0
ENSG00000180875,0
ENSG00000224359,0
ENSG00000226014,0
ENSG00000231440,0
ENSG00000228844,0
ENSG00000251750,0
ENSG00000234872,0
ENSG00000143382,12
ENSG00000184007,11625
ENSG00000288678,0
ENSG00000137942,12859
ENSG00000157077,1955
ENSG00000162493,170
ENSG00000162542,0
ENSG00000178922,0
ENSG00000121753,1300
ENSG00000162631,54
ENSG00000163374,1294
ENSG00000235098,0
ENSG00000143740,817
ENSG00000117411,2464
ENSG00000162745,22
ENSG00000187862,0
ENSG00000162891,0
ENSG00000137976,0
ENSG00000203663,0
ENSG00000198128,6
ENSG00000171180,0
ENSG00000185090,492
ENSG00000157873,2
ENSG00000204505,0
ENSG00000177151,0
ENSG00000180708,0
ENSG00000168264,3680
ENSG00000162775,870
ENSG00000081692,112
ENSG00000179023,2
ENSG00000173171,336
ENSG00000143862,1237
ENSG00000170075,108
ENSG00000143376,2728
ENSG00000250734,0
ENSG00000159409,749
ENSG00000227045,0
ENSG00000178796,14
ENSG00000269621,0
ENSG00000236940,0
ENSG00000143436,1272
ENSG00000143450,34
ENSG00000249602,15
ENSG00000232937,0
ENSG00000268288,3
ENSG00000269489,0
ENSG00000213171,0
ENSG00000234614,14
ENSG00000196407,4
ENSG00000159445,130
ENSG00000285651,0
ENSG00000286581,0
ENSG00000223810,0
ENSG00000197747,814
ENSG00000240667,0
ENSG00000123473,1462
ENSG00000198854,0
ENSG00000229713,0
ENSG00000233819,0
ENSG00000240386,0
ENSG00000186226,0
ENSG00000172155,0
ENSG00000236274,0
ENSG00000020129,1114
ENSG00000116819,8
ENSG00000237763,0
ENSG00000174876,0
ENSG00000187733,0
ENSG00000237993,0
ENSG00000186603,4
ENSG00000197454,0
ENSG00000117643,352
ENSG00000233478,0
ENSG00000162430,4332
ENSG00000173212,0
ENSG00000163531,814
ENSG00000184144,172
ENSG00000143028,0
ENSG00000237481,0
ENSG00000154429,2524
ENSG00000252506,0
ENSG00000252051,0
ENSG00000230331,0
ENSG00000143632,12
ENSG00000226920,0
ENSG00000279667,5
ENSG00000187815,189
ENSG00000238287,6
ENSG00000227278,0
ENSG00000238186,9
ENSG00000117010,182
ENSG00000286838,0
ENSG00000236505,0
ENSG00000229820,0
ENSG00000221216,0
ENSG00000242125,1457
ENSG00000274266,0
ENSG00000200087,1
ENSG00000231468,0
ENSG00000279443,34
ENSG00000180098,714
ENSG00000221539,2
ENSG00000278274,0
ENSG00000273544,0
ENSG00000280498,0
ENSG00000274582,0
ENSG00000188060,18
ENSG00000229388,8
ENSG00000270103,0
ENSG00000274978,0
ENSG00000240038,2
ENSG00000243480,0
ENSG00000117266,34
ENSG00000225522,0
ENSG00000174567,0
ENSG00000143850,199
ENSG00000231691,0
ENSG00000219133,6
ENSG00000280924,0
ENSG00000226330,0
ENSG00000237848,0
ENSG00000236779,0
ENSG00000200408,0
ENSG00000240710,4
ENSG00000240219,2
ENSG00000228729,0
ENSG00000236636,0
ENSG00000287525,0
ENSG00000197056,645
ENSG00000233940,0
ENSG00000228348,0
ENSG00000284640,0
ENSG00000201868,0
ENSG00000240374,0
ENSG00000201542,0
ENSG00000203910,1
ENSG00000233125,0
ENSG00000174842,1077
ENSG00000122484,1242
ENSG00000242764,0
ENSG00000223787,0
ENSG00000229992,0
ENSG00000201317,0
ENSG00000225505,0
ENSG00000234202,0
ENSG00000223896,0
ENSG00000279111,0
ENSG00000187701,0
ENSG00000231237,0
ENSG00000203757,0
ENSG00000180437,0
ENSG00000226949,0
ENSG00000229724,0
ENSG00000180409,0
ENSG00000163563,0
ENSG00000196266,0
ENSG00000196772,0
ENSG00000232908,0
ENSG00000230576,0
ENSG00000197591,0
ENSG00000162722,304
ENSG00000238243,12
ENSG00000177275,0
ENSG00000226191,0
ENSG00000224830,0
ENSG00000279263,0
ENSG00000197532,0
ENSG00000234512,0
ENSG00000235907,0
ENSG00000121903,511
ENSG00000198104,0
ENSG00000177233,0
ENSG00000162727,0
ENSG00000198601,0
ENSG00000239428,0
ENSG00000234333,0
ENSG00000034971,0
ENSG00000233542,0
ENSG00000187730,6
ENSG00000226969,0
ENSG00000270620,0
ENSG00000116809,619
ENSG00000234607,0
ENSG00000231353,0
ENSG00000275503,0
ENSG00000224966,0
ENSG00000183888,0
ENSG00000233078,0
ENSG00000173641,0
ENSG00000186510,0
ENSG00000232456,0
ENSG00000185519,0
ENSG00000285986,0
ENSG00000177462,0
ENSG00000278480,0
ENSG00000233485,0
ENSG00000236045,0
ENSG00000228140,0
ENSG00000142634,772
ENSG00000162438,0
ENSG00000235749,0
ENSG00000169214,0
ENSG00000239395,0
ENSG00000153230,0
ENSG00000228336,0
ENSG00000173285,0
ENSG00000177201,0
ENSG00000177212,0
ENSG00000160062,343
ENSG00000176261,1200
ENSG00000242769,0
ENSG00000213281,15258
ENSG00000201900,0
ENSG00000052723,4458
ENSG00000182783,0
ENSG00000227232,61
ENSG00000278267,0
ENSG00000243485,0
ENSG00000284332,0
ENSG00000237613,0
ENSG00000268020,0
ENSG00000186092,0
ENSG00000238009,0
ENSG00000239945,0
ENSG00000233750,0
ENSG00000268903,0
ENSG00000269981,0
ENSG00000239906,0
ENSG00000241860,0
ENSG00000222623,0
ENSG00000241599,0
ENSG00000188558,0
ENSG00000196240,0
ENSG00000197437,0
ENSG00000221888,0
ENSG00000228198,0
ENSG00000184022,0
ENSG00000197403,0
ENSG00000279301,0
ENSG00000198967,0
ENSG00000163554,0
ENSG00000229051,0
ENSG00000235782,0
ENSG00000269933,0
ENSG00000235079,0
ENSG00000132485,4043
ENSG00000207721,0
ENSG00000229956,96
ENSG00000226324,0
ENSG00000231985,0
ENSG00000271618,0
ENSG00000143418,4862
ENSG00000259357,0
ENSG00000231073,4
ENSG00000143412,93
ENSG00000143363,1153
ENSG00000200759,0
ENSG00000163141,12
ENSG00000143443,212
ENSG00000197622,3134
ENSG00000213190,15273
ENSG00000162783,6367
ENSG00000160785,1569
ENSG00000091483,3112
ENSG00000117009,6
ENSG00000054277,74
ENSG00000203668,4278
ENSG00000287513,6
ENSG00000197785,806
ENSG00000205090,50
ENSG00000160075,4165
ENSG00000215014,103
ENSG00000197530,308
ENSG00000116128,2353
ENSG00000229022,0
ENSG00000174371,736
ENSG00000235990,0
ENSG00000196289,0
ENSG00000213026,0
ENSG00000197769,280
ENSG00000224625,0
ENSG00000277099,0
ENSG00000162843,0
ENSG00000288723,1
ENSG00000264720,0
ENSG00000248458,0
ENSG00000152760,0
ENSG00000152763,180
ENSG00000231080,0
ENSG00000118473,0
ENSG00000286174,0
ENSG00000229400,0
ENSG00000225334,0
ENSG00000286719,0
ENSG00000143815,9931
ENSG00000282418,0
ENSG00000185842,158
ENSG00000222046,0
ENSG00000143479,1645
ENSG00000120337,6
ENSG00000212916,92
ENSG00000117600,366
ENSG00000119283,10
ENSG00000254685,652
ENSG00000162398,0
ENSG00000163125,3690
ENSG00000271383,17
ENSG00000117481,1042
ENSG00000196944,0
ENSG00000172410,0
ENSG00000196418,1530
ENSG00000186440,0
ENSG00000196427,0
ENSG00000263513,86
ENSG00000197241,0
ENSG00000196171,0
ENSG00000187170,0
ENSG00000160789,2775
ENSG00000226029,28
ENSG00000206652,0
ENSG00000261135,10
ENSG00000285853,8
ENSG00000224174,0
ENSG00000233421,0
ENSG00000277344,0
ENSG00000225710,0
ENSG00000271732,0
ENSG00000283773,0
ENSG00000186301,1
ENSG00000282143,0
ENSG00000207513,0
ENSG00000169717,0
ENSG00000283572,0
ENSG00000226286,0
ENSG00000279839,0
ENSG00000231978,0
ENSG00000187942,0
ENSG00000142798,1523
ENSG00000232037,0
ENSG00000283234,0
ENSG00000219073,0
ENSG00000285959,0
ENSG00000273610,0
ENSG00000201919,0
ENSG00000142789,0
ENSG00000278124,0
ENSG00000201273,0
ENSG00000228397,0
ENSG00000218510,17
ENSG00000285752,2
ENSG00000285794,0
ENSG00000230068,0
ENSG00000271428,0
ENSG00000162552,18
ENSG00000285873,0
ENSG00000266564,0
ENSG00000285417,0
ENSG00000263961,0
ENSG00000252692,0
ENSG00000198049,44
ENSG00000226780,0
ENSG00000287432,0
ENSG00000225483,0
ENSG00000236889,0
ENSG00000196550,180
ENSG00000266028,4883
ENSG00000229509,0
ENSG00000263528,151
ENSG00000278465,0
ENSG00000162888,0
ENSG00000261000,0
ENSG00000266094,122
ENSG00000234981,2
ENSG00000279946,0
ENSG00000143486,1431
ENSG00000280114,0
ENSG00000236698,43
ENSG00000279151,0
ENSG00000282740,0
ENSG00000058453,424
ENSG00000207389,0
ENSG00000228549,0
ENSG00000143494,1016
ENSG00000215883,242
ENSG00000162650,368
ENSG00000120334,1034
ENSG00000162714,1707
ENSG00000152061,1029
ENSG00000116748,0
ENSG00000177414,0
ENSG00000286015,0
ENSG00000143147,3222
ENSG00000134256,17
ENSG00000197084,0
ENSG00000273213,0
ENSG00000135838,66
ENSG00000180198,1982
ENSG00000116922,1148
ENSG00000183586,0
ENSG00000143536,0
ENSG00000186207,0
ENSG00000169509,0
ENSG00000185966,0
ENSG00000163202,0
ENSG00000232862,0
ENSG00000092850,12
ENSG00000116863,734
ENSG00000171812,47
ENSG00000054116,2267
ENSG00000116871,3136
ENSG00000264592,0
ENSG00000231849,0
ENSG00000160094,1354
ENSG00000270115,0
ENSG00000184389,0
ENSG00000225313,30
ENSG00000284154,0
ENSG00000222112,5
ENSG00000233246,6
ENSG00000263841,0
ENSG00000197956,106
ENSG00000196154,30
ENSG00000188015,0
ENSG00000196754,42
ENSG00000285867,0
ENSG00000188643,104
ENSG00000189334,0
ENSG00000189171,34
ENSG00000271853,0
ENSG00000160678,6
ENSG00000272030,0
ENSG00000160679,2908
ENSG00000143553,1964
ENSG00000214193,20
ENSG00000286379,28
ENSG00000196182,1452
ENSG00000181817,706
ENSG00000222821,0
ENSG00000116885,325
ENSG00000201448,0
ENSG00000116898,1599
ENSG00000142694,0
ENSG00000232237,0
ENSG00000225857,0
ENSG00000243155,26
ENSG00000232586,0
ENSG00000251520,3
ENSG00000270711,6
ENSG00000135823,6690
ENSG00000237292,0
ENSG00000225359,0
ENSG00000153029,28
ENSG00000117500,6645
ENSG00000237003,0
ENSG00000225297,0
ENSG00000223745,113
ENSG00000229567,12
ENSG00000122483,119
ENSG00000274386,3
ENSG00000177868,700
ENSG00000120370,468
ENSG00000240553,0
ENSG00000263793,0
ENSG00000266802,0
ENSG00000229010,0
ENSG00000206935,0
ENSG00000252578,0
ENSG00000004487,13766
ENSG00000196734,0
ENSG00000186844,0
ENSG00000235942,0
ENSG00000163206,0
ENSG00000163207,0
ENSG00000224308,0
ENSG00000184148,0
ENSG00000163209,0
ENSG00000234262,0
ENSG00000252920,0
ENSG00000169469,0
ENSG00000163216,0
ENSG00000241794,0
ENSG00000196805,0
ENSG00000203785,0
ENSG00000244094,0
ENSG00000229035,0
ENSG00000159516,0
ENSG00000162706,358
ENSG00000222552,0
ENSG00000225670,8
ENSG00000213088,12
ENSG00000228560,0
ENSG00000196184,0
ENSG00000224943,0
ENSG00000179639,0
ENSG00000225315,0
ENSG00000142661,0
ENSG00000230703,0
ENSG00000142677,20
ENSG00000185436,0
ENSG00000286185,0
ENSG00000230023,0
ENSG00000232298,0
ENSG00000163435,0
ENSG00000249007,0
ENSG00000232296,0
ENSG00000235811,0
ENSG00000212512,0
ENSG00000227109,0
ENSG00000243323,0
ENSG00000133067,0
ENSG00000143851,0
ENSG00000116991,912
ENSG00000116350,2978
ENSG00000117501,0
ENSG00000226552,0
ENSG00000007933,0
ENSG00000221390,0
ENSG00000283598,0
ENSG00000117507,0
ENSG00000094963,0
ENSG00000225243,0
ENSG00000187800,0
ENSG00000132694,1164
ENSG00000237842,4
ENSG00000224520,0
ENSG00000253831,0
ENSG00000117036,1616
ENSG00000235700,0
ENSG00000234277,0
ENSG00000232864,4
ENSG00000242757,0
ENSG00000224834,2
ENSG00000201148,0
ENSG00000142698,0
ENSG00000270241,0
ENSG00000121904,18
ENSG00000163344,976
ENSG00000270361,0
ENSG00000163346,5089
ENSG00000268154,0
ENSG00000163348,2216
ENSG00000271380,2
ENSG00000160691,3383
ENSG00000173207,3286
ENSG00000264349,0
ENSG00000160688,1599
ENSG00000160685,226
ENSG00000163354,0
ENSG00000163357,0
ENSG00000232093,2
ENSG00000143537,708
ENSG00000226664,0
ENSG00000226487,0
ENSG00000284641,0
ENSG00000014914,54
ENSG00000264522,1142
ENSG00000223945,0
ENSG00000277199,25
ENSG00000224363,0
ENSG00000278273,0
ENSG00000273825,0
ENSG00000287607,0
ENSG00000271644,0
ENSG00000215784,47
ENSG00000283752,0
ENSG00000281571,0
ENSG00000223612,0
ENSG00000198483,8
ENSG00000143127,10
ENSG00000244619,0
ENSG00000131779,776
ENSG00000234222,8
ENSG00000280778,0
ENSG00000271601,5806
ENSG00000272031,7
ENSG00000278431,0
ENSG00000121851,858
ENSG00000265972,11748
ENSG00000168509,0
ENSG00000287190,0
ENSG00000201558,0
ENSG00000271425,257
ENSG00000276509,4
ENSG00000201789,0
ENSG00000271121,0
ENSG00000227868,2
ENSG00000206700,0
ENSG00000235105,0
ENSG00000223175,0
ENSG00000232514,0
ENSG00000186094,16
ENSG00000287661,0
ENSG00000162373,395
ENSG00000286597,0
ENSG00000229846,0
ENSG00000230114,0
ENSG00000225623,0
ENSG00000237478,0
ENSG00000215887,0
ENSG00000279324,0
ENSG00000233595,0
ENSG00000204006,0
ENSG00000185483,158
ENSG00000177452,0
ENSG00000228056,0
ENSG00000233328,30
ENSG00000230364,0
ENSG00000117533,970
ENSG00000232261,0
ENSG00000271459,0
ENSG00000236741,0
ENSG00000253060,0
ENSG00000276442,0
ENSG00000175658,0
ENSG00000271439,0
ENSG00000207205,0
ENSG00000237343,0
ENSG00000233586,0
ENSG00000227212,0
ENSG00000229002,0
ENSG00000275291,4
ENSG00000278099,0
ENSG00000277918,0
ENSG00000142609,22
ENSG00000274265,48
ENSG00000272755,0
ENSG00000286219,250
ENSG00000266417,0
ENSG00000273062,4
ENSG00000116191,5384
ENSG00000228196,0
ENSG00000201791,0
ENSG00000116194,717
ENSG00000142621,6
ENSG00000075151,5064
ENSG00000143772,974
ENSG00000163191,168
ENSG00000232678,0
ENSG00000285818,0
ENSG00000182898,0
ENSG00000226716,0
ENSG00000233792,0
ENSG00000215853,0
ENSG00000236427,0
ENSG00000197915,0
ENSG00000266338,562
ENSG00000271291,0
ENSG00000207501,0
ENSG00000276216,0
ENSG00000236140,0
ENSG00000234367,0
ENSG00000143409,314
ENSG00000260063,14
ENSG00000060642,180
ENSG00000241188,0
ENSG00000287810,0
ENSG00000204160,873
ENSG00000175793,4
ENSG00000142751,518
ENSG00000226698,0
ENSG00000198746,294
ENSG00000090273,3853
ENSG00000131910,0
ENSG00000172746,0
ENSG00000224064,0
ENSG00000225294,2
ENSG00000253368,360
ENSG00000158246,54
ENSG00000188782,0
ENSG00000278572,0
ENSG00000130695,809
ENSG00000270733,0
ENSG00000131914,0
ENSG00000223583,0
ENSG00000225891,0
ENSG00000198830,40149
ENSG00000158062,156
ENSG00000158615,4865
ENSG00000236253,0
ENSG00000288527,0
ENSG00000143006,0
ENSG00000174332,2
ENSG00000239007,0
ENSG00000058804,7249
ENSG00000201003,0
ENSG00000229687,0
ENSG00000230015,0
ENSG00000182901,0
ENSG00000254539,0
ENSG00000274019,0
ENSG00000188822,0
ENSG00000229106,0
ENSG00000232557,0
ENSG00000264926,0
ENSG00000230228,0
ENSG00000189266,11934
ENSG00000188529,9547
ENSG00000215905,0
ENSG00000158055,86
ENSG00000010165,1601
ENSG00000213060,0
ENSG00000197959,305
ENSG00000224600,0
ENSG00000233540,0
ENSG00000230630,0
ENSG00000283844,0
ENSG00000283152,0
ENSG00000208024,0
ENSG00000287336,13
ENSG00000206684,0
ENSG00000135845,1518
ENSG00000180999,0
ENSG00000201758,0
ENSG00000252073,0
ENSG00000272195,2
ENSG00000252282,0
ENSG00000251754,0
ENSG00000223353,0
ENSG00000201170,0
ENSG00000232192,2
ENSG00000232793,0
ENSG00000203666,648
ENSG00000168148,0
ENSG00000181201,0
ENSG00000198691,44
ENSG00000198625,1025
ENSG00000117713,5548
ENSG00000085433,3598
ENSG00000219481,1180
ENSG00000143811,508
ENSG00000117090,0
ENSG00000078618,7041
ENSG00000185104,2262
ENSG00000117523,6745
ENSG00000132128,2501
ENSG00000142973,0
ENSG00000085552,390
ENSG00000143374,690
ENSG00000182134,820
ENSG00000187048,0
ENSG00000263956,243
ENSG00000142875,6136
ENSG00000134250,14056
ENSG00000132849,289
ENSG00000175206,0
ENSG00000170498,0
ENSG00000120332,0
ENSG00000086015,1210
ENSG00000162409,1198
ENSG00000196189,6
ENSG00000088280,1266
ENSG00000221978,1114
ENSG00000175707,0
ENSG00000134258,58
ENSG00000122482,5585
ENSG00000162365,0
ENSG00000187961,99
ENSG00000163462,106
ENSG00000116604,759
ENSG00000211452,0
ENSG00000185499,20
ENSG00000116329,42
ENSG00000235055,0
ENSG00000228431,0
ENSG00000234383,9
ENSG00000221203,0
ENSG00000229133,0
ENSG00000284734,0
ENSG00000284637,0
ENSG00000237568,0
ENSG00000238081,2
ENSG00000233235,0
ENSG00000154451,30
ENSG00000162595,32
ENSG00000011007,2872
ENSG00000117305,692
ENSG00000179163,320
ENSG00000121764,0
ENSG00000084636,0
ENSG00000283683,0
ENSG00000143149,6119
ENSG00000177535,0
ENSG00000188340,0
ENSG00000203852,0
ENSG00000203814,33
ENSG00000270276,0
ENSG00000288859,0
ENSG00000186086,0
ENSG00000143164,1731
ENSG00000288825,4
ENSG00000184678,2302
ENSG00000270882,8
ENSG00000215695,0
ENSG00000122435,526
ENSG00000203811,0
ENSG00000175143,0
ENSG00000120341,6
ENSG00000142224,0
ENSG00000187180,0
ENSG00000196242,0
ENSG00000187144,0
ENSG00000224494,0
ENSG00000227288,0
ENSG00000227960,0
ENSG00000234953,0
ENSG00000242598,0
ENSG00000236676,0
ENSG00000234683,0
ENSG00000215875,0
ENSG00000117114,2847
ENSG00000184908,0
ENSG00000158816,2
ENSG00000244057,0
ENSG00000117013,0
ENSG00000179862,66
ENSG00000229528,0
ENSG00000228940,0
ENSG00000286668,0
ENSG00000233118,0
ENSG00000281207,4
ENSG00000171790,8
ENSG00000215893,0
ENSG00000081277,0
ENSG00000118194,0
ENSG00000286600,0
ENSG00000159166,0
ENSG00000282221,0
ENSG00000159173,12
ENSG00000227048,0
ENSG00000174307,406
ENSG00000224818,0
ENSG00000159176,385
ENSG00000224536,0
ENSG00000223396,2
ENSG00000236390,0
ENSG00000231871,8
ENSG00000264802,0
ENSG00000235121,4
ENSG00000200942,0
ENSG00000221028,0
ENSG00000198700,8241
ENSG00000277681,0
ENSG00000198892,464
ENSG00000134369,13870
ENSG00000050628,30
ENSG00000186364,24
ENSG00000131788,679
ENSG00000278549,0
ENSG00000289565,0
ENSG00000265241,3863
ENSG00000116489,10694
ENSG00000235299,0
ENSG00000252750,0
ENSG00000225075,0
ENSG00000155366,1911
ENSG00000271810,0
ENSG00000261595,0
ENSG00000184599,0
ENSG00000234790,0
ENSG00000155363,623
ENSG00000275933,0
ENSG00000273136,344
ENSG00000287979,0
ENSG00000275538,0
ENSG00000120656,707
ENSG00000274423,7
ENSG00000213987,0
ENSG00000229901,0
ENSG00000197780,3100
ENSG00000221673,0
ENSG00000136628,7790
ENSG00000162813,827
ENSG00000067704,4582
ENSG00000207590,0
ENSG00000207624,0
ENSG00000232134,8
ENSG00000118873,8832
ENSG00000281696,0
ENSG00000222370,0
ENSG00000270585,0
ENSG00000270708,0
ENSG00000218283,2543
ENSG00000213033,0
ENSG00000230318,0
ENSG00000232883,0
ENSG00000226927,0
ENSG00000143776,3150
ENSG00000243173,4
ENSG00000132196,1296
ENSG00000230739,0
ENSG00000227667,0
ENSG00000127603,23569
ENSG00000185860,74
ENSG00000117461,16916
ENSG00000278139,0
ENSG00000226957,0
ENSG00000233114,0
ENSG00000227857,0
ENSG00000117472,0
ENSG00000250719,0
ENSG00000171357,35
ENSG00000085999,413
ENSG00000085998,3038
ENSG00000117475,963
ENSG00000117477,495
ENSG00000117479,1702
ENSG00000234604,4
ENSG00000213062,142
ENSG00000198734,0
ENSG00000099260,70
ENSG00000223656,0
ENSG00000203685,122
ENSG00000244682,0
ENSG00000116580,1469
ENSG00000252396,0
ENSG00000266262,0
ENSG00000252290,0
ENSG00000116996,0
ENSG00000281741,0
ENSG00000226067,4
ENSG00000277610,6
ENSG00000273516,0
ENSG00000275296,0
ENSG00000263353,2
ENSG00000127125,8
ENSG00000230116,0
ENSG00000236876,0
ENSG00000200254,0
ENSG00000236180,4
ENSG00000288867,0
ENSG00000289549,0
ENSG00000271567,0
ENSG00000279782,0
ENSG00000236334,0
ENSG00000270339,0
ENSG00000009307,57066
ENSG00000156097,65
ENSG00000162413,1720
ENSG00000116273,1628
ENSG00000228750,0
ENSG00000284744,0
ENSG00000117153,2513
ENSG00000230280,0
ENSG00000199471,0
ENSG00000159346,3152
ENSG00000159348,970
ENSG00000231547,0
ENSG00000163444,4934
ENSG00000122180,0
ENSG00000163485,131
ENSG00000234775,0
ENSG00000224671,0
ENSG00000133055,0
ENSG00000133048,6
ENSG00000272084,8
ENSG00000127481,4172
ENSG00000211454,5
ENSG00000053372,2282
ENSG00000286064,0
ENSG00000162482,10
ENSG00000270728,75
ENSG00000053371,1348
ENSG00000200403,0
ENSG00000040487,210
ENSG00000240490,0
ENSG00000235449,6
ENSG00000226148,0
ENSG00000260021,0
ENSG00000184774,0
ENSG00000234996,9
ENSG00000183155,950
ENSG00000133063,0
ENSG00000236523,0
ENSG00000143847,4
ENSG00000143379,1802
ENSG00000287282,0
ENSG00000252987,0
ENSG00000235575,0
ENSG00000253022,0
ENSG00000007923,1941
ENSG00000116731,2021
ENSG00000283580,0
ENSG00000188672,14
ENSG00000127463,4942
ENSG00000117543,2697
ENSG00000235795,0
ENSG00000252765,0
ENSG00000271578,0
ENSG00000164008,346
ENSG00000162367,0
ENSG00000116406,2518
ENSG00000252222,0
ENSG00000163352,2
ENSG00000233562,0
ENSG00000286372,0
ENSG00000286966,0
ENSG00000162704,13032
ENSG00000173627,0
ENSG00000270994,0
ENSG00000116698,5066
ENSG00000162641,14
ENSG00000121940,1942
ENSG00000235736,0
ENSG00000225826,14
ENSG00000229612,0
ENSG00000287831,0
ENSG00000203601,0
ENSG00000213063,0
ENSG00000067606,282
ENSG00000197429,591
ENSG00000184588,1068
ENSG00000163157,12
ENSG00000084070,1212
ENSG00000169885,0
ENSG00000127483,14267
ENSG00000164002,158
ENSG00000133056,646
ENSG00000163159,3822
ENSG00000143434,350
ENSG00000085465,8
ENSG00000260948,64
ENSG00000233337,28
ENSG00000243960,0
ENSG00000116455,1301
ENSG00000199890,0
ENSG00000116459,9590
ENSG00000143110,0
ENSG00000121933,0
ENSG00000200360,0
ENSG00000282608,0
ENSG00000116473,3060
ENSG00000287400,24
ENSG00000235358,0
ENSG00000204060,37
ENSG00000252563,0
ENSG00000127129,0
ENSG00000230881,0
ENSG00000230638,0
ENSG00000237707,0
ENSG00000289466,0
ENSG00000143153,2730
ENSG00000284846,0
ENSG00000183291,11380
ENSG00000153936,8669
ENSG00000267734,0
ENSG00000267561,0
ENSG00000235251,6
ENSG00000225568,0
ENSG00000267272,0
ENSG00000266150,0
ENSG00000226883,0
ENSG00000134709,22
ENSG00000134716,8
ENSG00000265535,0
ENSG00000181218,1162
ENSG00000196890,86
ENSG00000168159,3958
ENSG00000177674,428
ENSG00000177553,0
ENSG00000177000,413
ENSG00000215910,0
ENSG00000197520,0
ENSG00000137968,1340
ENSG00000225828,16
ENSG00000041988,293
ENSG00000196420,0
ENSG00000072694,0
ENSG00000155367,27
ENSG00000159450,0
ENSG00000160783,434
ENSG00000066136,1550
ENSG00000134668,12
ENSG00000180488,1285
ENSG00000142961,96
ENSG00000116754,6158
ENSG00000235933,0
ENSG00000288862,0
ENSG00000227963,1
ENSG00000289483,13
ENSG00000288760,0
ENSG00000289484,0
ENSG00000258082,0
ENSG00000242396,0
ENSG00000288738,0
ENSG00000177788,432
ENSG00000233730,0
ENSG00000230426,5
ENSG00000234694,0
ENSG00000234546,26
ENSG00000232721,0
ENSG00000285622,0
ENSG00000238005,0
ENSG00000286863,55
ENSG00000289544,0
ENSG00000227959,0
ENSG00000224081,36
ENSG00000287033,0
ENSG00000284700,0
ENSG00000224977,0
ENSG00000289348,0
ENSG00000284693,102
ENSG00000231246,0
ENSG00000203721,3
ENSG00000288810,0
ENSG00000230937,0
ENSG00000288950,0
ENSG00000229588,0
ENSG00000289426,0
ENSG00000289291,7
ENSG00000215866,2
ENSG00000289394,5
ENSG00000230615,85
ENSG00000289612,0
ENSG00000226026,4
ENSG00000197989,55
ENSG00000289407,16
ENSG00000289305,0
ENSG00000289057,0
ENSG00000236200,23
ENSG00000289212,0
ENSG00000197880,0
ENSG00000288826,11
ENSG00000289419,29
ENSG00000289554,12
ENSG00000289192,0
ENSG00000289581,0
ENSG00000289380,0
ENSG00000289425,0
ENSG00000283324,6
ENSG00000252822,0
ENSG00000235371,0
ENSG00000286142,0
ENSG00000077585,769
ENSG00000222650,0
ENSG00000237922,0
ENSG00000086619,483
ENSG00000203786,0
ENSG00000225556,2
ENSG00000117791,287
ENSG00000186205,759
ENSG00000289142,0
ENSG00000123472,2970
ENSG00000010803,1009
ENSG00000222854,0
ENSG00000196369,548
ENSG00000143333,950
ENSG00000261504,34
ENSG00000227181,0
ENSG00000271269,0
ENSG00000135824,234
ENSG00000227941,0
ENSG00000259788,0
ENSG00000272574,0
ENSG00000031698,7056
ENSG00000143126,3232
ENSG00000134222,904
ENSG00000221986,2
ENSG00000134243,11092
ENSG00000143106,5377
ENSG00000200674,2
ENSG00000252357,0
ENSG00000185278,1258
ENSG00000252231,0
ENSG00000200755,0
ENSG00000225952,0
ENSG00000264014,0
ENSG00000215906,0
ENSG00000117143,3396
ENSG00000229849,0
ENSG00000163564,0
ENSG00000163565,148
ENSG00000163568,317
ENSG00000233473,10
ENSG00000222009,11
ENSG00000004455,4476
ENSG00000229913,0
ENSG00000236341,0
ENSG00000157131,0
ENSG00000173372,0
ENSG00000289692,0
ENSG00000159189,0
ENSG00000173369,0
ENSG00000284214,0
ENSG00000284203,0
ENSG00000117335,2600
ENSG00000180667,1719
ENSG00000123843,0
ENSG00000123838,0
ENSG00000275392,0
ENSG00000226565,0
ENSG00000224462,0
ENSG00000243636,0
ENSG00000289694,0
ENSG00000265986,0
ENSG00000264582,0
ENSG00000116785,0
ENSG00000283876,0
ENSG00000123689,48
ENSG00000117594,88
ENSG00000236136,0
ENSG00000009790,0
ENSG00000162757,2
ENSG00000289700,0
ENSG00000117595,0
ENSG00000117597,1717
ENSG00000177181,750
ENSG00000235002,0
ENSG00000066185,0
ENSG00000134684,3346
ENSG00000021852,0
ENSG00000132716,815
ENSG00000258465,0
ENSG00000224261,22
ENSG00000162735,3557
ENSG00000235082,74
ENSG00000202078,0
ENSG00000171786,56
ENSG00000201608,0
ENSG00000162739,0
ENSG00000234425,0
ENSG00000066294,0
ENSG00000122218,12253
ENSG00000169474,0
ENSG00000118200,6908
ENSG00000163362,533
ENSG00000285210,0
ENSG00000278281,0
ENSG00000231349,0
ENSG00000137975,0
ENSG00000016490,0
ENSG00000016602,0
ENSG00000224466,0
ENSG00000289114,0
ENSG00000263439,0
ENSG00000236863,0
ENSG00000152904,1159
ENSG00000227962,0
ENSG00000244371,10
ENSG00000234225,0
ENSG00000227242,0
ENSG00000225603,0
ENSG00000201142,0
ENSG00000230832,2
ENSG00000286172,1
ENSG00000283342,0
ENSG00000131791,1585
ENSG00000180867,101
ENSG00000274210,0
ENSG00000252515,0
ENSG00000177144,6
ENSG00000275140,2
ENSG00000271546,0
ENSG00000252656,0
ENSG00000222788,0
ENSG00000254913,0
ENSG00000289642,0
ENSG00000255148,0
ENSG00000201699,0
ENSG00000273591,0
ENSG00000237938,1
ENSG00000162461,1
ENSG00000224459,0
ENSG00000162460,0
ENSG00000162458,102
ENSG00000224321,0
ENSG00000178715,36
ENSG00000179743,184
ENSG00000236216,0
ENSG00000228823,0
ENSG00000236009,0
ENSG00000227001,0
ENSG00000187952,0
ENSG00000186543,0
ENSG00000142794,490
ENSG00000176378,1
ENSG00000233431,0
ENSG00000076864,766
ENSG00000090686,2222
ENSG00000186409,148
ENSG00000236335,0
ENSG00000231949,0
ENSG00000289710,0
ENSG00000162510,4
ENSG00000287510,0
ENSG00000116560,18404
ENSG00000116981,22
ENSG00000084072,1525
ENSG00000289711,0
ENSG00000116985,0
ENSG00000198754,0
ENSG00000285905,0
ENSG00000261798,0
ENSG00000229213,0
ENSG00000284678,0
ENSG00000043514,919
ENSG00000202222,0
ENSG00000116990,398
ENSG00000236546,1
ENSG00000207356,0
ENSG00000168389,475
ENSG00000228477,2
ENSG00000229943,0
ENSG00000261213,0
ENSG00000224127,0
ENSG00000162624,86
ENSG00000224149,0
ENSG00000206999,0
ENSG00000162643,88
ENSG00000055732,0
ENSG00000266110,0
ENSG00000280099,32
ENSG00000097096,219
ENSG00000289582,0
ENSG00000289712,0
ENSG00000117598,154
ENSG00000232825,0
ENSG00000227034,0
ENSG00000252682,0
ENSG00000212292,0
ENSG00000222457,0
ENSG00000278694,0
ENSG00000143595,0
ENSG00000143515,734
ENSG00000160753,408
ENSG00000116584,2899
ENSG00000286005,0
ENSG00000143297,0
ENSG00000163518,0
ENSG00000236731,0
ENSG00000233712,0
ENSG00000160856,0
ENSG00000227217,0
ENSG00000231700,0
ENSG00000232366,0
ENSG00000132704,0
ENSG00000162738,5296
ENSG00000289121,4
ENSG00000143258,552
ENSG00000285636,0
ENSG00000266144,0
ENSG00000227094,4
ENSG00000252262,0
ENSG00000207729,0
ENSG00000254706,0
ENSG00000171722,18
ENSG00000239887,1285
ENSG00000198574,0
ENSG00000289713,0
ENSG00000227243,0
ENSG00000152332,12758
ENSG00000162733,2602
ENSG00000242193,43
ENSG00000276563,0
ENSG00000224687,129
ENSG00000075391,2646
ENSG00000270575,0
ENSG00000213058,0
ENSG00000264809,0
ENSG00000285910,0
ENSG00000240021,0
ENSG00000213057,2
ENSG00000201347,0
ENSG00000238232,0
ENSG00000196660,16
ENSG00000252086,0
ENSG00000154380,45542
ENSG00000289602,20
ENSG00000162676,0
ENSG00000233954,66
ENSG00000232059,0
ENSG00000282317,0
ENSG00000287601,0
ENSG00000203667,20
ENSG00000081985,0
ENSG00000162551,181
ENSG00000289715,0
ENSG00000237605,2
ENSG00000136634,0
ENSG00000000971,2
ENSG00000289697,0
ENSG00000054523,15096
ENSG00000171793,3208
ENSG00000135744,52
ENSG00000084623,8857
ENSG00000264384,0
ENSG00000215938,0
ENSG00000163263,0
ENSG00000143612,13146
ENSG00000143569,9034
ENSG00000201129,0
ENSG00000160058,2089
ENSG00000224333,0
ENSG00000270850,0
ENSG00000229259,0
ENSG00000263529,0
ENSG00000229994,20
ENSG00000227409,0
ENSG00000278702,0
ENSG00000142687,2528
ENSG00000116586,992
ENSG00000289721,0
ENSG00000182866,0
ENSG00000287828,107
ENSG00000286518,0
ENSG00000130762,8
ENSG00000272088,0
ENSG00000207776,0
ENSG00000158109,1216
ENSG00000116213,374
ENSG00000078900,18
ENSG00000227589,0
ENSG00000235131,0
ENSG00000227372,1745
ENSG00000276189,0
ENSG00000162591,4
ENSG00000081019,4602
ENSG00000134242,0
ENSG00000226167,0
ENSG00000188761,6
ENSG00000134262,332
ENSG00000235527,16
ENSG00000163349,5024
ENSG00000118655,928
ENSG00000203963,0
ENSG00000252433,0
ENSG00000275678,0
ENSG00000235674,0
ENSG00000229463,0
ENSG00000222831,0
ENSG00000206803,0
ENSG00000162496,42
ENSG00000221340,0
ENSG00000276830,0
ENSG00000226166,0
ENSG00000188984,0
ENSG00000157330,0
ENSG00000116726,0
ENSG00000116721,0
ENSG00000228338,0
ENSG00000239810,0
ENSG00000231103,0
ENSG00000179172,2
ENSG00000120952,0
ENSG00000243073,0
ENSG00000187545,0
ENSG00000207434,0
ENSG00000234064,0
ENSG00000232423,0
ENSG00000279169,0
ENSG00000250894,0
ENSG00000231219,0
ENSG00000207511,0
ENSG00000237700,0
ENSG00000204518,0
ENSG00000204510,0
ENSG00000270601,0
ENSG00000162594,0
ENSG00000237845,0
ENSG00000229291,0
ENSG00000182330,0
ENSG00000204478,0
ENSG00000162494,0
ENSG00000143669,265
ENSG00000286918,0
ENSG00000270209,0
ENSG00000264128,0
ENSG00000184292,0
ENSG00000185839,2
ENSG00000162601,500
ENSG00000235643,0
ENSG00000284708,0
ENSG00000116661,24
ENSG00000132879,285
ENSG00000116663,4
ENSG00000162490,745
ENSG00000117133,2330
ENSG00000174021,349
ENSG00000285851,0
ENSG00000117151,232
ENSG00000285374,0
ENSG00000180869,0
ENSG00000232622,0
ENSG00000117155,8278
ENSG00000204480,0
ENSG00000116670,1790
ENSG00000289099,0
ENSG00000234998,0
ENSG00000233029,0
ENSG00000227193,0
ENSG00000213244,0
ENSG00000268993,0
ENSG00000188610,367
ENSG00000275129,0
ENSG00000280267,0
ENSG00000257315,16
ENSG00000288955,7
ENSG00000117394,3568
ENSG00000288803,0
ENSG00000177272,68
ENSG00000289234,453
ENSG00000289728,0
ENSG00000162711,0
ENSG00000215817,10
ENSG00000116701,0
ENSG00000289732,0
ENSG00000187140,0
ENSG00000275836,0
ENSG00000252784,0
ENSG00000236674,0
ENSG00000203605,0
ENSG00000224209,0
ENSG00000252259,0
ENSG00000228734,0
ENSG00000223683,0
ENSG00000088035,990
ENSG00000286429,0
ENSG00000287989,0
ENSG00000151418,0
ENSG00000261573,0
ENSG00000236278,0
ENSG00000207975,0
ENSG00000207759,0
ENSG00000081237,18
ENSG00000224863,0
ENSG00000197587,0
ENSG00000235919,54
ENSG00000125459,344
ENSG00000246203,3
ENSG00000206635,0
ENSG00000206980,0
ENSG00000143365,0
ENSG00000201134,0
ENSG00000227002,0
ENSG00000212398,0
ENSG00000162909,4946
ENSG00000227621,0
ENSG00000188460,0
ENSG00000233771,0
ENSG00000212157,0
ENSG00000278467,0
ENSG00000229930,0
ENSG00000143514,3670
ENSG00000127074,0
ENSG00000283795,0
ENSG00000228687,0
ENSG00000226814,0
ENSG00000116741,912
ENSG00000223075,0
ENSG00000143575,2340
ENSG00000198715,568
ENSG00000176092,4
ENSG00000143643,961
ENSG00000173409,970
ENSG00000235710,0
ENSG00000160055,70
ENSG00000116717,1094
ENSG00000172380,10198
ENSG00000238778,0
ENSG00000116729,15579
ENSG00000225242,0
ENSG00000236292,0
ENSG00000226013,0
ENSG00000196482,347
ENSG00000160716,309
ENSG00000143603,1505
ENSG00000282881,0
ENSG00000229699,0
ENSG00000203784,0
ENSG00000203783,0
ENSG00000230779,0
ENSG00000203782,0
ENSG00000159527,0
ENSG00000163218,0
ENSG00000207321,0
ENSG00000163220,0
ENSG00000163221,0
ENSG00000237008,8
ENSG00000143546,0
ENSG00000224784,0
ENSG00000184330,0
ENSG00000203781,0
ENSG00000143556,0
ENSG00000197364,0
ENSG00000273727,0
ENSG00000270392,2
ENSG00000273694,0
ENSG00000270231,391
ENSG00000231767,13
ENSG00000186891,6
ENSG00000078808,3427
ENSG00000176022,1546
ENSG00000184163,0
ENSG00000260179,0
ENSG00000160087,1355
ENSG00000230415,0
ENSG00000162572,2
ENSG00000278073,0
ENSG00000023902,1641
ENSG00000285554,0
ENSG00000266187,0
ENSG00000143401,16148
ENSG00000222222,0
ENSG00000276110,10
ENSG00000118298,1325
ENSG00000117362,4153
ENSG00000118292,540
ENSG00000289041,4
ENSG00000159208,286
ENSG00000266472,3953
ENSG00000117360,1012
ENSG00000131584,444
ENSG00000127054,1101
ENSG00000283712,0
ENSG00000240731,9
ENSG00000224051,272
ENSG00000169962,0
ENSG00000107404,549
ENSG00000284372,0
ENSG00000162576,203
ENSG00000175756,933
ENSG00000223663,0
ENSG00000243659,0
ENSG00000186501,1157
ENSG00000206888,0
ENSG00000241547,2
ENSG00000142765,6
ENSG00000142733,168
ENSG00000174950,0
ENSG00000231207,0
ENSG00000241169,0
ENSG00000136631,2352
ENSG00000160712,22
ENSG00000132781,9
ENSG00000117054,4013
ENSG00000179456,5154
ENSG00000243781,0
ENSG00000283174,0
ENSG00000283166,0
ENSG00000283377,0
ENSG00000232154,0
ENSG00000225723,0
ENSG00000227860,0
ENSG00000231181,0
ENSG00000188807,1217
ENSG00000179840,0
ENSG00000233268,0
ENSG00000171603,12407
ENSG00000271264,0
ENSG00000280113,0
ENSG00000178585,2422
ENSG00000223989,0
ENSG00000285701,0
ENSG00000162441,3048
ENSG00000228150,1
ENSG00000202415,0
ENSG00000283611,0
ENSG00000265521,0
ENSG00000174827,3
ENSG00000117281,2
ENSG00000265491,1457
ENSG00000186141,1368
ENSG00000171608,66
ENSG00000251943,0
ENSG00000229785,0
ENSG00000279061,0
ENSG00000117560,0
ENSG00000269713,879
ENSG00000277678,0
ENSG00000270384,0
ENSG00000286620,0
ENSG00000270722,0
ENSG00000287374,0
ENSG00000278182,0
ENSG00000275064,0
ENSG00000162825,184
ENSG00000229571,0
ENSG00000288835,0
ENSG00000160818,0
ENSG00000268043,470
ENSG00000049245,6201
ENSG00000269925,20
ENSG00000049246,387
ENSG00000236266,0
ENSG00000049247,0
ENSG00000049249,0
ENSG00000270330,0
ENSG00000116288,13666
ENSG00000200344,0
ENSG00000284747,17
ENSG00000284716,0
ENSG00000116285,4091
ENSG00000232848,0
ENSG00000162368,14299
ENSG00000271355,0
ENSG00000229554,0
ENSG00000227883,0
ENSG00000119535,0
ENSG00000225158,0
ENSG00000215785,0
ENSG00000175262,0
ENSG00000234784,0
ENSG00000233877,0
ENSG00000185031,0
ENSG00000272506,0
ENSG00000212257,0
ENSG00000265996,0
ENSG00000199135,0
ENSG00000288804,0
ENSG00000235804,0
ENSG00000234496,0
ENSG00000289273,0
ENSG00000143226,58
ENSG00000287343,4
ENSG00000082497,1794
ENSG00000228110,2
ENSG00000233455,0
ENSG00000231622,0
ENSG00000132768,668
ENSG00000162434,4327
ENSG00000226891,0
ENSG00000230667,24
ENSG00000142867,1353
ENSG00000077152,852
ENSG00000244414,0
ENSG00000134365,0
ENSG00000134389,0
ENSG00000236915,38
ENSG00000230721,6
ENSG00000203747,0
ENSG00000289768,0
ENSG00000162747,0
ENSG00000163545,1156
ENSG00000162873,6522
ENSG00000235363,102
ENSG00000226235,8
ENSG00000186007,1507
ENSG00000199059,0
ENSG00000224717,187
ENSG00000281406,1020
ENSG00000162736,4941
ENSG00000232621,0
ENSG00000237074,0
ENSG00000196352,160
ENSG00000283044,0
ENSG00000117322,0
ENSG00000203710,0
ENSG00000236911,0
ENSG00000274059,0
ENSG00000143469,11814
ENSG00000092847,8766
ENSG00000271164,0
ENSG00000286899,3
ENSG00000271914,0
ENSG00000126070,2625
ENSG00000271554,0
ENSG00000207082,0
ENSG00000269887,3
ENSG00000276359,0
ENSG00000233693,0
ENSG00000271917,0
ENSG00000201987,0
ENSG00000225487,0
ENSG00000201270,0
ENSG00000143816,34
ENSG00000264483,0
ENSG00000233003,0
ENSG00000274886,0
ENSG00000143761,10564
ENSG00000185630,19691
ENSG00000229985,0
ENSG00000214973,0
ENSG00000225159,64
ENSG00000225990,0
ENSG00000224311,0
ENSG00000142784,1984
ENSG00000252098,0
ENSG00000158195,6557
ENSG00000237429,0
ENSG00000142748,0
ENSG00000188257,0
ENSG00000283227,0
ENSG00000286019,328
ENSG00000187080,0
ENSG00000180433,0
ENSG00000162746,20
ENSG00000185888,0
ENSG00000198965,0
ENSG00000196071,44
ENSG00000285946,0
ENSG00000286106,14
ENSG00000198452,0
ENSG00000279804,0
ENSG00000264343,310
ENSG00000188585,0
ENSG00000236782,5
ENSG00000243749,0
ENSG00000215912,12
ENSG00000270629,356
ENSG00000284188,0
ENSG00000179002,0
ENSG00000135801,1433
ENSG00000237928,102
ENSG00000237853,6
ENSG00000186827,0
ENSG00000162599,3542
ENSG00000080910,0
ENSG00000272033,0
ENSG00000287218,0
ENSG00000233411,0
ENSG00000273160,0
ENSG00000227776,0
ENSG00000143162,1692
ENSG00000231029,0
ENSG00000241666,0
ENSG00000198821,0
ENSG00000236528,0
ENSG00000203865,41
ENSG00000232860,39
ENSG00000284719,0
ENSG00000179452,0
ENSG00000273573,0
ENSG00000252977,0
ENSG00000288574,0
ENSG00000222397,0
ENSG00000287452,0
ENSG00000009724,48
ENSG00000237436,28
ENSG00000227950,0
ENSG00000237365,0
ENSG00000207056,0
ENSG00000237402,0
ENSG00000237728,0
ENSG00000225126,1
ENSG00000270171,0
ENSG00000270035,2
ENSG00000269978,2
ENSG00000171735,2892
ENSG00000221662,0
ENSG00000162779,6
ENSG00000224620,0
ENSG00000236539,98
ENSG00000261250,0
ENSG00000116218,0
ENSG00000251875,0
ENSG00000227141,0
ENSG00000261060,0
ENSG00000134255,1070
ENSG00000232284,47
ENSG00000288573,0
ENSG00000289071,0
ENSG00000236021,4
ENSG00000231768,8
ENSG00000289288,0
ENSG00000289880,0
ENSG00000225938,4
ENSG00000285728,3
ENSG00000226251,8
ENSG00000289893,0
ENSG00000227712,0
ENSG00000271576,88
ENSG00000231563,0
ENSG00000272482,0
ENSG00000289914,0
ENSG00000272583,0
ENSG00000286391,0
ENSG00000228526,34
ENSG00000223382,114
ENSG00000186056,0
ENSG00000226476,22
ENSG00000289962,0
ENSG00000285184,148
ENSG00000289103,0
ENSG00000237520,0
ENSG00000231128,0
ENSG00000289355,0
ENSG00000289318,138
ENSG00000289995,0
ENSG00000289402,0
ENSG00000228606,6
ENSG00000289377,0
ENSG00000237352,4
ENSG00000290006,0
ENSG00000290013,0
ENSG00000226754,2
ENSG00000288772,9
ENSG00000227733,0
ENSG00000286383,0
ENSG00000273129,0
ENSG00000235501,2613
ENSG00000289457,0
ENSG00000290037,0
ENSG00000290041,10
ENSG00000290045,0
ENSG00000287902,0
ENSG00000228058,0
ENSG00000177133,487
ENSG00000233290,0
ENSG00000230461,0
ENSG00000234476,0
ENSG00000286389,14
ENSG00000289610,0
ENSG00000289055,1
ENSG00000229989,6
ENSG00000289408,0
ENSG00000272205,0
ENSG00000203709,18
ENSG00000290066,0
ENSG00000289593,0
ENSG00000237076,0
ENSG00000233621,54
ENSG00000236963,0
ENSG00000223881,0
ENSG00000290074,0
ENSG00000282564,2
ENSG00000226889,11
ENSG00000289367,0
ENSG00000228063,12
ENSG00000258673,0
ENSG00000289341,0
ENSG00000224616,94
ENSG00000228697,0
ENSG00000223944,0
ENSG00000203739,16
ENSG00000234184,0
ENSG00000236155,0
ENSG00000288736,16
ENSG00000225206,97
ENSG00000228971,2
ENSG00000233593,34
ENSG00000280587,0
ENSG00000232480,12
ENSG00000290081,0
ENSG00000226835,0
ENSG00000231252,54
ENSG00000288927,0
ENSG00000260805,33
ENSG00000234807,0
ENSG00000224968,0
ENSG00000233008,0
ENSG00000224259,0
ENSG00000286198,0
ENSG00000288905,2
ENSG00000272449,0
ENSG00000229484,0
ENSG00000238260,0
ENSG00000231999,0
ENSG00000228382,0
ENSG00000288822,0
ENSG00000227591,0
ENSG00000289141,0
ENSG00000239636,0
ENSG00000290094,0
ENSG00000290096,19
ENSG00000289062,0
ENSG00000290102,0
ENSG00000290105,22
ENSG00000287839,16
ENSG00000238164,0
ENSG00000290111,0
ENSG00000203706,40
ENSG00000290115,0
ENSG00000288934,0
ENSG00000289835,0
ENSG00000226822,0
ENSG00000228436,27
ENSG00000238279,0
ENSG00000288999,79
ENSG00000289439,0
ENSG00000197568,180
ENSG00000153363,124
ENSG00000224699,65
ENSG00000230798,0
ENSG00000227533,11
ENSG00000230623,0
ENSG00000231789,10
ENSG00000286071,0
ENSG00000290123,0
ENSG00000288880,58
ENSG00000236423,32
ENSG00000290124,24
ENSG00000231057,0
ENSG00000223956,0
ENSG00000282048,0
ENSG00000235200,0
ENSG00000259943,676
ENSG00000289576,0
ENSG00000289106,274
ENSG00000203288,25
ENSG00000231365,225
ENSG00000288775,0
ENSG00000290121,0
ENSG00000290125,0
ENSG00000224167,0
ENSG00000237463,0
ENSG00000236810,11
ENSG00000272145,67
ENSG00000231663,51
ENSG00000226419,39
ENSG00000290126,14
ENSG00000228192,15
ENSG00000233184,255
ENSG00000234741,5490
ENSG00000224093,12
ENSG00000290127,8
ENSG00000125462,7128
ENSG00000228084,18
ENSG00000198468,118
ENSG00000230337,2
ENSG00000171819,6
ENSG00000207451,0
ENSG00000238173,0
ENSG00000120942,1254
ENSG00000238199,0
ENSG00000284646,4
ENSG00000198793,2295
ENSG00000232671,16
ENSG00000143373,1155
ENSG00000143393,1860
ENSG00000265753,0
ENSG00000273481,0
ENSG00000143390,2429
ENSG00000224645,0
ENSG00000237976,128
ENSG00000143416,802
ENSG00000159377,8506
ENSG00000238711,0
ENSG00000143375,106
ENSG00000252840,0
ENSG00000143367,414
ENSG00000232536,0
ENSG00000207606,0
ENSG00000223861,2
ENSG00000143442,4266
ENSG00000224129,0
ENSG00000117676,206
ENSG00000238705,0
ENSG00000243905,0
ENSG00000252802,0
ENSG00000252429,0
ENSG00000289452,0
ENSG00000229247,0
ENSG00000236679,0
ENSG00000236601,0
ENSG00000269732,0
ENSG00000284733,0
ENSG00000233653,0
ENSG00000250575,0
ENSG00000117682,1149
ENSG00000120948,11017
ENSG00000219201,2
ENSG00000235613,2
ENSG00000232015,0
ENSG00000235927,0
ENSG00000162614,371
ENSG00000162616,1852
ENSG00000273338,9
ENSG00000285928,10
ENSG00000213561,0
ENSG00000251958,0
ENSG00000213560,2
ENSG00000162613,13200
ENSG00000169418,10
ENSG00000274940,0
ENSG00000242565,0
ENSG00000235015,0
ENSG00000199565,0
ENSG00000143624,2213
ENSG00000243613,0
ENSG00000233222,0
ENSG00000143554,42
ENSG00000207039,0
ENSG00000143614,4232
ENSG00000223599,0
ENSG00000236327,0
ENSG00000284738,0
ENSG00000289935,0
ENSG00000272654,28
ENSG00000171385,3461
ENSG00000143473,19
ENSG00000279333,0
ENSG00000224668,0
ENSG00000283952,0
ENSG00000284376,0
ENSG00000234233,0
ENSG00000234004,38
ENSG00000226986,4
ENSG00000078369,33164
ENSG00000231050,2
ENSG00000290117,26
ENSG00000168765,505
ENSG00000213366,565
ENSG00000134184,0
ENSG00000260246,0
ENSG00000134201,0
ENSG00000241720,0
ENSG00000134202,1194
ENSG00000198758,0
ENSG00000224927,0
ENSG00000227152,0
ENSG00000230021,7
ENSG00000235146,0
ENSG00000225972,6
ENSG00000225630,168
ENSG00000237973,1015
ENSG00000278791,0
ENSG00000229344,133
ENSG00000240409,2
ENSG00000248527,4380
ENSG00000198744,224
ENSG00000268663,0
ENSG00000284662,0
ENSG00000229376,0
ENSG00000223181,0
ENSG00000225880,12
ENSG00000228794,572
ENSG00000230199,0
ENSG00000234116,0
ENSG00000278455,0
ENSG00000253326,0
ENSG00000212230,0
ENSG00000143702,6645
ENSG00000227230,0
ENSG00000232085,0
ENSG00000135835,173
ENSG00000289589,35
ENSG00000169174,104
ENSG00000231095,0
ENSG00000265822,0
ENSG00000162402,5067
ENSG00000122417,1001
ENSG00000187642,0
ENSG00000183853,6770
ENSG00000226520,2
ENSG00000288460,0
ENSG00000231666,0
ENSG00000227295,2
ENSG00000158473,0
ENSG00000229914,0
ENSG00000176320,0
ENSG00000229305,0
ENSG00000288816,0
ENSG00000227634,0
ENSG00000200975,0
ENSG00000233645,0
ENSG00000232912,0
ENSG00000221083,0
ENSG00000270282,0
ENSG00000234619,0
ENSG00000224315,0
ENSG00000222511,0
ENSG00000226545,0
ENSG00000228423,0
ENSG00000229716,0
ENSG00000074800,45266
ENSG00000274258,0
ENSG00000230679,2
ENSG00000201725,0
ENSG00000238249,2
ENSG00000232208,0
ENSG00000232663,0
ENSG00000131686,0
ENSG00000290109,0
ENSG00000265141,0
ENSG00000142599,4015
ENSG00000143622,2706
ENSG00000153187,33578
ENSG00000273175,0
ENSG00000065526,3342
ENSG00000197617,0
ENSG00000289566,0
ENSG00000249730,0
ENSG00000271806,0
ENSG00000182873,8
ENSG00000162585,575
ENSG00000234396,0
ENSG00000287356,0
ENSG00000272161,0
ENSG00000157933,3742
ENSG00000232628,0
ENSG00000162923,6918
ENSG00000228626,0
ENSG00000274020,22
ENSG00000238107,0
ENSG00000224481,0
ENSG00000235988,0
ENSG00000252744,0
ENSG00000283676,0
ENSG00000202408,0
ENSG00000272824,0
ENSG00000207340,0
ENSG00000252135,0
ENSG00000278596,0
ENSG00000238825,0
ENSG00000201183,0
ENSG00000225871,0
ENSG00000285062,0
ENSG00000280649,8
ENSG00000289614,2
ENSG00000288925,0
ENSG00000233791,0
ENSG00000229120,0
ENSG00000272262,0
ENSG00000232626,0
ENSG00000236439,28
ENSG00000253042,0
ENSG00000143858,0
ENSG00000226862,0
ENSG00000225620,0
ENSG00000117139,15022
ENSG00000228288,52
ENSG00000077157,672
ENSG00000289432,0
ENSG00000116199,4258
ENSG00000232750,0
ENSG00000186283,948
ENSG00000143322,2008
ENSG00000234041,0
ENSG00000231905,0
ENSG00000212338,0
ENSG00000201619,0
ENSG00000231564,0
ENSG00000225711,0
ENSG00000223794,0
ENSG00000228191,0
ENSG00000181773,20
ENSG00000077522,18
ENSG00000271746,2
ENSG00000265392,0
ENSG00000231868,0
ENSG00000243062,0
ENSG00000143340,0
ENSG00000229407,0
ENSG00000231966,0
ENSG00000169905,5381
ENSG00000272906,0
ENSG00000143337,4082
ENSG00000264916,0
ENSG00000261831,0
ENSG00000260360,24
ENSG00000235145,0
ENSG00000223450,0
ENSG00000261817,0
ENSG00000116260,2282
ENSG00000121454,6
ENSG00000198626,12
ENSG00000289628,0
ENSG00000237250,0
ENSG00000230019,0
ENSG00000097033,6944
ENSG00000237094,0
ENSG00000290385,4
ENSG00000154198,0
ENSG00000290456,0
ENSG00000225492,0
ENSG00000290525,0
ENSG00000229887,0
ENSG00000290536,0
ENSG00000241361,0
ENSG00000290547,0
ENSG00000243967,0
ENSG00000290552,0
ENSG00000227179,0
ENSG00000290561,0
ENSG00000223804,0
ENSG00000290569,5
ENSG00000229961,0
ENSG00000290592,0
ENSG00000215834,0
ENSG00000290604,0
ENSG00000197067,0
ENSG00000290608,0
ENSG00000224227,0
ENSG00000290612,0
ENSG00000227671,259
ENSG00000290683,5
ENSG00000203664,0
ENSG00000290684,0
ENSG00000215859,0
ENSG00000290705,4
ENSG00000234571,0
ENSG00000290735,0
ENSG00000203878,0
ENSG00000290764,0
ENSG00000229978,0
ENSG00000290772,0
ENSG00000230092,0
ENSG00000290784,10
ENSG00000234232,0
ENSG00000290790,0
ENSG00000220323,0
ENSG00000290791,114
ENSG00000261716,0
ENSG00000290792,336
ENSG00000223972,0
ENSG00000290825,0
ENSG00000240361,0
ENSG00000290826,0
ENSG00000080947,0
ENSG00000290842,28
ENSG00000227684,0
ENSG00000186715,0
ENSG00000215790,0
ENSG00000290854,117
ENSG00000272419,0
ENSG00000290867,0
ENSG00000276756,0
ENSG00000290869,0
ENSG00000285215,0
ENSG00000290903,0
ENSG00000275585,0
ENSG00000290904,0
ENSG00000234761,0
ENSG00000290909,0
ENSG00000284740,0
ENSG00000290916,0
ENSG00000185495,0
ENSG00000290989,24
ENSG00000275131,10
ENSG00000290999,0
ENSG00000272150,0
ENSG00000291005,10
ENSG00000153923,0
ENSG00000291014,0
ENSG00000272645,0
ENSG00000291068,31
ENSG00000215908,11
ENSG00000237276,1
ENSG00000291077,0
ENSG00000223345,0
ENSG00000291123,0
ENSG00000243970,0
ENSG00000291129,26
ENSG00000220785,0
ENSG00000291132,0
ENSG00000198019,0
ENSG00000291135,0
ENSG00000160766,0
ENSG00000232022,0
ENSG00000291138,0
ENSG00000231752,0
ENSG00000291141,2
ENSG00000217801,0
ENSG00000291156,8
ENSG00000286640,0
ENSG00000291157,0
ENSG00000277147,0
ENSG00000291158,72
ENSG00000231827,0
ENSG00000291199,0
ENSG00000228327,0
ENSG00000291215,23
ENSG00000231512,0
ENSG00000291216,0
ENSG00000214837,0
ENSG00000291217,0
ENSG00000236957,0
ENSG00000291226,0
ENSG00000231551,0
ENSG00000215861,0
ENSG00000214796,0
ENSG00000291234,8
ENSG00000143549,15270
ENSG00000288982,4
ENSG00000284699,0
ENSG00000169504,29422
ENSG00000238482,0
ENSG00000278034,0
ENSG00000133226,4382
ENSG00000285053,282
ENSG00000188783,10
ENSG00000188770,0
ENSG00000058668,15052
ENSG00000125944,19090
ENSG00000249087,60
ENSG00000230424,16
ENSG00000077549,7860
ENSG00000173436,265
ENSG00000201609,0
ENSG00000235185,0
ENSG00000158747,151
ENSG00000270136,0
ENSG00000226396,10
ENSG00000158748,0
ENSG00000020633,0
ENSG00000229162,0
ENSG00000261025,11
ENSG00000264371,0
ENSG00000285823,0
ENSG00000070831,48
ENSG00000291072,64
ENSG00000290849,0
ENSG00000268869,0
ENSG00000290850,0
ENSG00000290851,0
ENSG00000238142,0
ENSG00000290122,0
ENSG00000231507,0
ENSG00000202300,0
ENSG00000122176,4
ENSG00000229652,0
ENSG00000271588,0
ENSG00000211451,106
ENSG00000233396,131
ENSG00000290578,24
ENSG00000277406,0
ENSG00000273768,0
ENSG00000287978,16
ENSG00000274428,0
ENSG00000277655,0
ENSG00000291242,0
ENSG00000289321,0
ENSG00000274408,0
ENSG00000276975,4
ENSG00000290557,0
ENSG00000274450,0
ENSG00000291243,0
ENSG00000237188,9
ENSG00000131781,18
ENSG00000226015,12
ENSG00000236806,0
ENSG00000131778,4
ENSG00000213226,0
ENSG00000227947,0
ENSG00000269113,0
ENSG00000223814,0
ENSG00000225028,0
ENSG00000226133,0
ENSG00000231413,0
ENSG00000237180,0
ENSG00000279096,0
ENSG00000242267,0
ENSG00000223720,0
ENSG00000117834,4
ENSG00000272491,6
ENSG00000279214,2
ENSG00000132122,2959
ENSG00000224986,7
ENSG00000290466,0
ENSG00000291246,0
ENSG00000230864,0
ENSG00000060718,9548
ENSG00000234257,0
ENSG00000135837,1666
ENSG00000085832,4998
ENSG00000227070,0
ENSG00000227742,0
ENSG00000134686,6622
ENSG00000159023,2507
ENSG00000159388,7284
ENSG00000069424,212
ENSG00000116254,181
ENSG00000285629,0
ENSG00000116251,10432
ENSG00000226944,0
ENSG00000158286,38
ENSG00000116237,6366
ENSG00000225077,0
ENSG00000158292,527
ENSG00000173673,0
ENSG00000069812,12
ENSG00000117569,962
ENSG00000207730,0
ENSG00000207607,0
ENSG00000198976,0
ENSG00000162571,0
ENSG00000169972,175
ENSG00000224870,358
ENSG00000205116,12
ENSG00000291232,0
ENSG00000178104,5570
ENSG00000291233,16
ENSG00000117152,966
ENSG00000213036,10
ENSG00000215819,0
ENSG00000250536,0
ENSG00000224584,0
ENSG00000185221,0
ENSG00000223869,0
ENSG00000287008,0
ENSG00000117724,6982
ENSG00000231064,27
ENSG00000291137,4
ENSG00000160767,737
ENSG00000162543,0
ENSG00000157211,0
ENSG00000225632,0
ENSG00000157216,6028
ENSG00000143552,4
ENSG00000169641,1569
ENSG00000289014,0
ENSG00000179546,0
ENSG00000067208,2924
ENSG00000143774,2695
ENSG00000169991,526
ENSG00000198400,10
ENSG00000241128,0
ENSG00000097021,2765
ENSG00000187017,26
ENSG00000198216,50
ENSG00000179930,0
ENSG00000224810,0
ENSG00000225982,0
ENSG00000228918,0
ENSG00000232309,0
ENSG00000289573,0
ENSG00000232096,0
ENSG00000206764,0
ENSG00000228664,0
ENSG00000231684,4
ENSG00000264470,0
ENSG00000162437,1202
ENSG00000122432,6
ENSG00000284882,8
ENSG00000289881,2
ENSG00000285325,0
ENSG00000284452,0
ENSG00000115705,0
ENSG00000228613,0
ENSG00000227713,0
ENSG00000227364,0
ENSG00000280360,0
ENSG00000286905,0
ENSG00000171853,272
ENSG00000182551,2130
ENSG00000231482,0
ENSG00000228391,0
ENSG00000237401,0
ENSG00000230515,0
ENSG00000234423,0
ENSG00000233296,0
ENSG00000225942,0
ENSG00000231173,0
ENSG00000232979,0
ENSG00000236172,2
ENSG00000240980,0
ENSG00000225234,8
ENSG00000287583,0
ENSG00000235403,0
ENSG00000228799,0
ENSG00000233633,0
ENSG00000283766,0
ENSG00000227007,0
ENSG00000172554,0
ENSG00000223884,3
ENSG00000224128,0
ENSG00000228585,0
ENSG00000223640,0
ENSG00000234796,0
ENSG00000272002,12
ENSG00000235665,0
ENSG00000235078,5
ENSG00000171865,3384
ENSG00000287126,162
ENSG00000287119,0
ENSG00000272342,0
ENSG00000226506,0
ENSG00000237720,0
ENSG00000223985,0
ENSG00000233970,0
ENSG00000271868,0
ENSG00000227047,0
ENSG00000151353,1180
ENSG00000236760,0
ENSG00000171863,35610
ENSG00000229405,0
ENSG00000151379,0
ENSG00000163029,1180
ENSG00000224885,14
ENSG00000237667,0
ENSG00000286851,0
ENSG00000286857,0
ENSG00000231532,0
ENSG00000232835,0
ENSG00000231948,0
ENSG00000162981,915
ENSG00000232451,0
ENSG00000230090,33
ENSG00000229740,0
ENSG00000227718,0
ENSG00000145835,0
ENSG00000151693,1694
ENSG00000230044,0
ENSG00000229550,0
ENSG00000231204,0
ENSG00000231610,0
ENSG00000287881,0
ENSG00000227210,5
ENSG00000242282,0
ENSG00000229370,0
ENSG00000169006,0
ENSG00000228784,5
ENSG00000261012,0
ENSG00000234378,0
ENSG00000084674,0
ENSG00000271315,0
ENSG00000242136,0
ENSG00000233416,0
ENSG00000224604,0
ENSG00000223530,0
ENSG00000084754,13672
ENSG00000236436,0
ENSG00000214866,0
ENSG00000233005,0
ENSG00000237266,0
ENSG00000213774,0
ENSG00000225378,0
ENSG00000287291,0
ENSG00000176887,27772
ENSG00000231821,0
ENSG00000277893,0
ENSG00000223634,0
ENSG00000236665,0
ENSG00000143867,14
ENSG00000228505,0
ENSG00000270654,0
ENSG00000230448,0
ENSG00000183891,128
ENSG00000157851,10281
ENSG00000224361,0
ENSG00000235537,0
ENSG00000233714,0
ENSG00000226041,0
ENSG00000084710,5670
ENSG00000235911,0
ENSG00000196208,1814
ENSG00000223647,0
ENSG00000234597,0
ENSG00000213729,0
ENSG00000229621,0
ENSG00000178295,1051
ENSG00000224626,0
ENSG00000230737,0
ENSG00000163032,90
ENSG00000276411,0
ENSG00000225402,0
ENSG00000235127,0
ENSG00000228563,0
ENSG00000261104,0
ENSG00000234275,18
ENSG00000226649,0
ENSG00000261117,3
ENSG00000238111,0
ENSG00000260331,0
ENSG00000237670,0
ENSG00000278908,0
ENSG00000235497,0
ENSG00000233553,0
ENSG00000242540,135
ENSG00000270422,0
ENSG00000204993,0
ENSG00000234579,0
ENSG00000285984,0
ENSG00000280276,0
ENSG00000197644,0
ENSG00000138061,160
ENSG00000118961,2080
ENSG00000287284,0
ENSG00000132031,18
ENSG00000280390,0
ENSG00000118960,414
ENSG00000119778,1536
ENSG00000285354,0
ENSG00000235064,0
ENSG00000225024,0
ENSG00000226398,0
ENSG00000068784,2018
ENSG00000231336,0
ENSG00000213403,0
ENSG00000162949,0
ENSG00000214691,0
ENSG00000049323,6677
ENSG00000214711,0
ENSG00000215263,0
ENSG00000282828,0
ENSG00000233335,0
ENSG00000143869,0
ENSG00000158125,4
ENSG00000271629,0
ENSG00000223360,0
ENSG00000233083,0
ENSG00000171132,399
ENSG00000224400,0
ENSG00000285754,0
ENSG00000138039,0
ENSG00000272027,0
ENSG00000233587,2
ENSG00000232518,0
ENSG00000287313,0
ENSG00000237790,0
ENSG00000237803,0
ENSG00000229160,0
ENSG00000214843,0
ENSG00000286519,0
ENSG00000232604,0
ENSG00000225943,0
ENSG00000171126,0
ENSG00000227292,0
ENSG00000226523,0
ENSG00000235848,0
ENSG00000115808,3105
ENSG00000115163,826
ENSG00000286829,0
ENSG00000242412,0
ENSG00000233953,0
ENSG00000288553,0
ENSG00000235968,0
ENSG00000232693,0
ENSG00000244310,0
ENSG00000232444,0
ENSG00000230749,0
ENSG00000115380,6796
ENSG00000170820,0
ENSG00000236913,0
ENSG00000013016,832
ENSG00000279956,0
ENSG00000273398,0
ENSG00000115421,1604
ENSG00000237179,2
ENSG00000224464,0
ENSG00000273275,0
ENSG00000228481,0
ENSG00000226488,0
ENSG00000230355,0
ENSG00000232668,0
ENSG00000231815,0
ENSG00000271443,0
ENSG00000269976,0
ENSG00000227770,0
ENSG00000235009,0
ENSG00000138029,6472
ENSG00000171055,4640
ENSG00000213620,0
ENSG00000286480,0
ENSG00000285577,0
ENSG00000270447,0
ENSG00000232526,0
ENSG00000138079,0
ENSG00000232164,0
ENSG00000223897,0
ENSG00000272702,0
ENSG00000196975,287
ENSG00000273090,0
ENSG00000271955,0
ENSG00000234255,0
ENSG00000273006,0
ENSG00000228033,0
ENSG00000237979,0
ENSG00000143951,387
ENSG00000228999,155
ENSG00000115944,5913
ENSG00000233702,0
ENSG00000144040,1082
ENSG00000286604,0
ENSG00000075292,3252
ENSG00000282998,0
ENSG00000272180,1
ENSG00000119787,3792
ENSG00000285611,0
ENSG00000275052,9192
ENSG00000236348,0
ENSG00000231712,0
ENSG00000280257,0
ENSG00000226247,0
ENSG00000204792,0
ENSG00000231367,0
ENSG00000284932,0
ENSG00000115464,6577
ENSG00000236989,0
ENSG00000233829,0
ENSG00000287172,0
ENSG00000270996,18
ENSG00000237162,0
ENSG00000143971,908
ENSG00000227088,0
ENSG00000225815,0
ENSG00000233971,10
ENSG00000226700,0
ENSG00000223739,0
ENSG00000232403,0
ENSG00000271356,0
ENSG00000213626,1568
ENSG00000243667,196
ENSG00000226819,0
ENSG00000229503,14
ENSG00000235586,14
ENSG00000186854,6
ENSG00000213553,370
ENSG00000228902,0
ENSG00000225045,0
ENSG00000115363,40
ENSG00000143889,5645
ENSG00000235885,0
ENSG00000287145,0
ENSG00000115946,1933
ENSG00000231054,0
ENSG00000223977,0
ENSG00000227293,0
ENSG00000236259,0
ENSG00000231781,0
ENSG00000286524,0
ENSG00000138035,1801
ENSG00000234653,0
ENSG00000285876,0
ENSG00000232285,0
ENSG00000236209,0
ENSG00000285542,0
ENSG00000170577,10
ENSG00000235519,0
ENSG00000138083,589
ENSG00000232153,0
ENSG00000239995,0
ENSG00000213699,2068
ENSG00000271134,0
ENSG00000231918,8
ENSG00000287474,0
ENSG00000115350,338
ENSG00000135625,0
ENSG00000235463,0
ENSG00000232696,0
ENSG00000182814,0
ENSG00000276362,0
ENSG00000266931,0
ENSG00000286728,0
ENSG00000143954,0
ENSG00000235725,0
ENSG00000279519,0
ENSG00000273064,6
ENSG00000237498,0
ENSG00000286427,32
ENSG00000287344,0
ENSG00000115386,0
ENSG00000197794,0
ENSG00000152147,714
ENSG00000237293,0
ENSG00000232548,0
ENSG00000196085,0
ENSG00000271452,64
ENSG00000115239,2085
ENSG00000224695,0
ENSG00000224071,0
ENSG00000116016,30
ENSG00000143919,218
ENSG00000135631,502
ENSG00000287026,0
ENSG00000230975,0
ENSG00000285755,0
ENSG00000075340,4396
ENSG00000176407,3474
ENSG00000119866,504
ENSG00000034510,31042
ENSG00000232531,2
ENSG00000229604,4
ENSG00000214513,0
ENSG00000184303,0
ENSG00000224627,0
ENSG00000213400,0
ENSG00000229560,0
ENSG00000287658,0
ENSG00000230836,0
ENSG00000287931,0
ENSG00000226972,0
ENSG00000225136,0
ENSG00000226605,0
ENSG00000286932,0
ENSG00000233107,0
ENSG00000233251,2
ENSG00000278957,0
ENSG00000125551,2
ENSG00000282890,0
ENSG00000213495,0
ENSG00000115364,5501
ENSG00000225787,0
ENSG00000231156,0
ENSG00000228873,0
ENSG00000124374,368
ENSG00000163586,0
ENSG00000286211,0
ENSG00000231172,0
ENSG00000279791,0
ENSG00000234429,0
ENSG00000284879,19
ENSG00000237442,0
ENSG00000287749,0
ENSG00000236538,0
ENSG00000230840,0
ENSG00000281195,9
ENSG00000121152,2093
ENSG00000236847,0
ENSG00000227789,0
ENSG00000162878,144
ENSG00000226994,0
ENSG00000287640,0
ENSG00000228272,0
ENSG00000224875,0
ENSG00000172023,0
ENSG00000286202,0
ENSG00000270462,0
ENSG00000288535,0
ENSG00000234587,0
ENSG00000230395,0
ENSG00000287956,0
ENSG00000152284,18
ENSG00000228225,0
ENSG00000213399,52
ENSG00000253435,0
ENSG00000159399,4279
ENSG00000230968,0
ENSG00000233891,0
ENSG00000230477,0
ENSG00000230964,0
ENSG00000286979,0
ENSG00000231722,0
ENSG00000225428,0
ENSG00000233444,0
ENSG00000273445,0
ENSG00000055813,0
ENSG00000168129,0
ENSG00000222030,0
ENSG00000270569,0
ENSG00000286698,0
ENSG00000226366,0
ENSG00000270748,0
ENSG00000221849,0
ENSG00000287130,0
ENSG00000226860,0
ENSG00000158089,0
ENSG00000158435,2463
ENSG00000115353,0
ENSG00000286260,0
ENSG00000138032,1522
ENSG00000214330,0
ENSG00000135972,536
ENSG00000157884,0
ENSG00000214602,0
ENSG00000203643,0
ENSG00000271707,12
ENSG00000236090,0
ENSG00000230118,0
ENSG00000119801,6076
ENSG00000236969,0
ENSG00000233716,0
ENSG00000225444,0
ENSG00000270696,9
ENSG00000237320,0
ENSG00000214354,0
ENSG00000228209,0
ENSG00000234781,0
ENSG00000232144,0
ENSG00000229494,0
ENSG00000229805,0
ENSG00000115616,10
ENSG00000071082,27356
ENSG00000075568,4908
ENSG00000135974,1724
ENSG00000225588,0
ENSG00000233205,0
ENSG00000230747,0
ENSG00000237077,0
ENSG00000163162,891
ENSG00000204745,28
ENSG00000233605,0
ENSG00000270677,0
ENSG00000005436,1096
ENSG00000261600,10
ENSG00000225156,106
ENSG00000229013,0
ENSG00000232046,21
ENSG00000286002,0
ENSG00000231723,0
ENSG00000233752,0
ENSG00000287025,0
ENSG00000237992,0
ENSG00000230525,0
ENSG00000115423,75
ENSG00000068697,13280
ENSG00000271402,0
ENSG00000237583,0
ENSG00000237916,0
ENSG00000143995,1243
ENSG00000172086,1420
ENSG00000225842,0
ENSG00000184731,200
ENSG00000233707,0
ENSG00000260840,0
ENSG00000115507,94
ENSG00000173960,2721
ENSG00000231134,0
ENSG00000135973,2
ENSG00000231626,0
ENSG00000287036,0
ENSG00000272663,5
ENSG00000271627,0
ENSG00000230690,0
ENSG00000224869,0
ENSG00000227270,0
ENSG00000271097,0
ENSG00000237880,0
ENSG00000271894,0
ENSG00000171094,951
ENSG00000227513,0
ENSG00000259056,0
ENSG00000228968,0
ENSG00000227842,0
ENSG00000163235,0
ENSG00000168658,8
ENSG00000230790,0
ENSG00000115875,8964
ENSG00000237013,0
ENSG00000213301,0
ENSG00000235847,0
ENSG00000238207,12
ENSG00000275094,0
ENSG00000163121,0
ENSG00000173557,0
ENSG00000204929,6
ENSG00000204670,0
ENSG00000226341,0
ENSG00000282033,0
ENSG00000135638,0
ENSG00000224173,0
ENSG00000230696,0
ENSG00000285673,0
ENSG00000162869,1024
ENSG00000275597,0
ENSG00000237085,0
ENSG00000230595,0
ENSG00000231848,2
ENSG00000229682,0
ENSG00000135951,116
ENSG00000259863,21
ENSG00000214429,0
ENSG00000233671,0
ENSG00000237722,0
ENSG00000230140,0
ENSG00000225669,0
ENSG00000270437,0
ENSG00000238250,0
ENSG00000228615,0
ENSG00000231851,18
ENSG00000236837,0
ENSG00000287625,0
ENSG00000287165,2
ENSG00000224679,0
ENSG00000135953,608
ENSG00000115665,0
ENSG00000125538,0
ENSG00000150938,3076
ENSG00000163541,2683
ENSG00000233955,0
ENSG00000236533,0
ENSG00000272861,0
ENSG00000204640,0
ENSG00000234169,0
ENSG00000223703,0
ENSG00000231570,0
ENSG00000287793,0
ENSG00000243466,0
ENSG00000227157,28
ENSG00000236109,0
ENSG00000143924,3004
ENSG00000235486,0
ENSG00000287763,50
ENSG00000286769,0
ENSG00000231221,0
ENSG00000234065,0
ENSG00000232597,80
ENSG00000258910,0
ENSG00000225398,0
ENSG00000230950,0
ENSG00000281477,0
ENSG00000237745,0
ENSG00000231822,6
ENSG00000172985,261
ENSG00000287308,0
ENSG00000280154,0
ENSG00000224344,0
ENSG00000144021,3950
ENSG00000170417,404
ENSG00000235495,0
ENSG00000228528,122
ENSG00000272711,176
ENSG00000235871,0
ENSG00000143891,294
ENSG00000270470,0
ENSG00000237614,0
ENSG00000150551,233
ENSG00000211599,0
ENSG00000278131,0
ENSG00000281920,1
ENSG00000227294,0
ENSG00000225933,0
ENSG00000271532,0
ENSG00000286515,0
ENSG00000280228,0
ENSG00000158050,14
ENSG00000272895,0
ENSG00000270190,0
ENSG00000228488,0
ENSG00000226481,0
ENSG00000115091,18718
ENSG00000223549,0
ENSG00000229173,0
ENSG00000226516,0
ENSG00000288437,0
ENSG00000235717,0
ENSG00000235235,0
ENSG00000088205,7045
ENSG00000283031,0
ENSG00000115593,4
ENSG00000270571,0
ENSG00000250741,0
ENSG00000236397,18
ENSG00000230958,0
ENSG00000144227,142
ENSG00000271115,0
ENSG00000240857,250
ENSG00000233594,0
ENSG00000205086,0
ENSG00000228898,0
ENSG00000231635,0
ENSG00000234177,68
ENSG00000232474,5
ENSG00000234148,0
ENSG00000235325,0
ENSG00000230065,4
ENSG00000278060,0
ENSG00000223710,0
ENSG00000163064,0
ENSG00000186132,652
ENSG00000228876,0
ENSG00000214533,0
ENSG00000232991,0
ENSG00000227497,0
ENSG00000240356,497
ENSG00000236917,0
ENSG00000116096,12
ENSG00000279307,10
ENSG00000229118,0
ENSG00000091436,2741
ENSG00000136720,1405
ENSG00000232101,0
ENSG00000286218,0
ENSG00000223430,0
ENSG00000234877,0
ENSG00000286737,0
ENSG00000226479,1636
ENSG00000234898,0
ENSG00000234231,0
ENSG00000180152,0
ENSG00000235774,0
ENSG00000279957,0
ENSG00000230158,0
ENSG00000229104,0
ENSG00000240350,0
ENSG00000226928,0
ENSG00000235128,0
ENSG00000286208,0
ENSG00000236141,7
ENSG00000068781,20
ENSG00000198142,1432
ENSG00000279267,165
ENSG00000071051,1182
ENSG00000227291,0
ENSG00000286697,0
ENSG00000232992,0
ENSG00000229758,4
ENSG00000233248,0
ENSG00000273634,0
ENSG00000234946,0
ENSG00000227653,0
ENSG00000238133,0
ENSG00000229360,0
ENSG00000228551,0
ENSG00000157856,54
ENSG00000227878,0
ENSG00000236167,0
ENSG00000235232,0
ENSG00000071073,1474
ENSG00000235147,0
ENSG00000279904,0
ENSG00000236977,0
ENSG00000170485,4
ENSG00000115641,220
ENSG00000287670,0
ENSG00000088179,3178
ENSG00000229935,0
ENSG00000270100,0
ENSG00000144028,11655
ENSG00000213222,77
ENSG00000136718,1726
ENSG00000236681,0
ENSG00000287147,0
ENSG00000287832,0
ENSG00000230482,0
ENSG00000271635,0
ENSG00000234199,0
ENSG00000223947,0
ENSG00000228374,0
ENSG00000168702,589
ENSG00000236255,30
ENSG00000225304,0
ENSG00000230391,0
ENSG00000229890,0
ENSG00000162989,0
ENSG00000235522,0
ENSG00000144120,195
ENSG00000144278,406
ENSG00000230104,0
ENSG00000229867,6
ENSG00000286679,0
ENSG00000248134,0
ENSG00000236780,0
ENSG00000185631,0
ENSG00000237532,0
ENSG00000223554,0
ENSG00000287662,0
ENSG00000232140,0
ENSG00000286778,0
ENSG00000285793,35
ENSG00000236440,0
ENSG00000287871,0
ENSG00000236655,0
ENSG00000231954,0
ENSG00000230251,0
ENSG00000228016,4
ENSG00000230603,0
ENSG00000128708,6723
ENSG00000231266,0
ENSG00000225744,4
ENSG00000223816,0
ENSG00000204434,0
ENSG00000286370,0
ENSG00000228837,0
ENSG00000224028,0
ENSG00000227359,17
ENSG00000072135,378
ENSG00000115896,186
ENSG00000231043,4
ENSG00000135966,1448
ENSG00000232688,0
ENSG00000233299,0
ENSG00000081320,917
ENSG00000226939,0
ENSG00000230353,0
ENSG00000238065,0
ENSG00000152127,6716
ENSG00000273118,0
ENSG00000287875,0
ENSG00000213194,0
ENSG00000204637,0
ENSG00000238180,0
ENSG00000188674,52
ENSG00000286776,0
ENSG00000144188,0
ENSG00000116120,3863
ENSG00000213148,0
ENSG00000238273,0
ENSG00000224675,0
ENSG00000150540,2088
ENSG00000227149,0
ENSG00000187957,1477
ENSG00000076003,7050
ENSG00000232034,0
ENSG00000233741,0
ENSG00000238277,0
ENSG00000237964,0
ENSG00000288565,0
ENSG00000198612,6484
ENSG00000228568,0
ENSG00000222031,0
ENSG00000226034,0
ENSG00000229131,0
ENSG00000244063,1
ENSG00000230991,0
ENSG00000235840,0
ENSG00000163075,77
ENSG00000236193,0
ENSG00000233329,0
ENSG00000287791,0
ENSG00000091428,252
ENSG00000186522,4242
ENSG00000236651,26
ENSG00000172878,475
ENSG00000236832,0
ENSG00000235651,2
ENSG00000274353,0
ENSG00000287771,0
ENSG00000136535,20
ENSG00000182263,846
ENSG00000230646,0
ENSG00000238004,0
ENSG00000231567,0
ENSG00000234060,0
ENSG00000144158,6
ENSG00000233869,0
ENSG00000230569,0
ENSG00000236211,0
ENSG00000224231,0
ENSG00000237844,0
ENSG00000072080,0
ENSG00000229066,0
ENSG00000232292,0
ENSG00000231099,0
ENSG00000272211,0
ENSG00000287149,0
ENSG00000230343,0
ENSG00000287900,0
ENSG00000279218,0
ENSG00000226131,0
ENSG00000286045,0
ENSG00000232555,0
ENSG00000283698,0
ENSG00000233939,0
ENSG00000272519,0
ENSG00000223976,0
ENSG00000172965,1251
ENSG00000232982,0
ENSG00000226442,0
ENSG00000234446,0
ENSG00000261298,0
ENSG00000223921,0
ENSG00000225394,0
ENSG00000114948,1452
ENSG00000144228,1979
ENSG00000204460,0
ENSG00000229326,0
ENSG00000235047,0
ENSG00000237784,0
ENSG00000136542,30
ENSG00000235716,0
ENSG00000288040,6
ENSG00000286539,0
ENSG00000188383,0
ENSG00000223973,0
ENSG00000229203,0
ENSG00000229209,0
ENSG00000229779,0
ENSG00000230173,0
ENSG00000287451,0
ENSG00000175509,0
ENSG00000237035,0
ENSG00000152128,138
ENSG00000237856,0
ENSG00000196096,0
ENSG00000248672,0
ENSG00000259094,0
ENSG00000231682,0
ENSG00000228111,0
ENSG00000229701,0
ENSG00000235724,2
ENSG00000233045,0
ENSG00000235056,0
ENSG00000163510,868
ENSG00000236605,0
ENSG00000232690,2
ENSG00000236653,0
ENSG00000223859,0
ENSG00000235319,2
ENSG00000233868,24
ENSG00000286234,0
ENSG00000138411,336
ENSG00000198369,3428
ENSG00000226666,4
ENSG00000287091,0
ENSG00000162944,1487
ENSG00000231898,0
ENSG00000163083,6
ENSG00000144320,4777
ENSG00000234645,23
ENSG00000270289,0
ENSG00000178662,3472
ENSG00000226331,0
ENSG00000229127,20
ENSG00000224076,0
ENSG00000144355,6726
ENSG00000232760,0
ENSG00000230496,0
ENSG00000224099,0
ENSG00000144331,4
ENSG00000144118,2360
ENSG00000235640,0
ENSG00000236885,0
ENSG00000235419,0
ENSG00000237525,0
ENSG00000188042,6542
ENSG00000233307,0
ENSG00000241772,0
ENSG00000286068,0
ENSG00000237939,2
ENSG00000233479,0
ENSG00000135632,1277
ENSG00000213083,0
ENSG00000271893,0
ENSG00000227682,2
ENSG00000135960,20
ENSG00000249884,2
ENSG00000225258,0
ENSG00000286797,118
ENSG00000163600,0
ENSG00000183022,2
ENSG00000138400,334
ENSG00000280744,104
ENSG00000233428,0
ENSG00000223466,0
ENSG00000213126,0
ENSG00000224826,0
ENSG00000138376,2329
ENSG00000260059,0
ENSG00000228446,0
ENSG00000234044,0
ENSG00000115844,2401
ENSG00000278593,0
ENSG00000235070,3
ENSG00000227738,0
ENSG00000233709,0
ENSG00000231063,0
ENSG00000232990,0
ENSG00000232915,0
ENSG00000229568,0
ENSG00000225216,0
ENSG00000279844,0
ENSG00000235951,0
ENSG00000231541,0
ENSG00000170035,4900
ENSG00000234663,2
ENSG00000228721,0
ENSG00000222035,0
ENSG00000228577,0
ENSG00000233654,10
ENSG00000227623,0
ENSG00000197585,0
ENSG00000054219,0
ENSG00000228681,0
ENSG00000233039,0
ENSG00000244337,0
ENSG00000260742,78
ENSG00000234714,0
ENSG00000251491,0
ENSG00000229267,12
ENSG00000230562,18
ENSG00000144119,0
ENSG00000115425,140
ENSG00000225421,2
ENSG00000213739,0
ENSG00000223373,0
ENSG00000283202,0
ENSG00000251621,0
ENSG00000272800,45
ENSG00000225406,0
ENSG00000285016,0
ENSG00000228043,0
ENSG00000232337,2
ENSG00000242441,0
ENSG00000237271,0
ENSG00000163012,0
ENSG00000232740,0
ENSG00000213917,0
ENSG00000249997,0
ENSG00000231653,0
ENSG00000233729,0
ENSG00000115361,53
ENSG00000281131,0
ENSG00000124019,0
ENSG00000227055,0
ENSG00000260142,0
ENSG00000225182,0
ENSG00000226125,0
ENSG00000286965,0
ENSG00000138434,9095
ENSG00000236049,0
ENSG00000237260,0
ENSG00000235242,0
ENSG00000274629,0
ENSG00000118997,76
ENSG00000175497,1004
ENSG00000224670,0
ENSG00000115020,3416
ENSG00000279874,0
ENSG00000174453,0
ENSG00000115109,4516
ENSG00000163449,342
ENSG00000237772,0
ENSG00000279559,0
ENSG00000254552,0
ENSG00000225341,0
ENSG00000214024,0
ENSG00000260171,0
ENSG00000231557,0
ENSG00000224467,0
ENSG00000203435,0
ENSG00000215043,0
ENSG00000225610,0
ENSG00000226564,10
ENSG00000236595,0
ENSG00000226992,0
ENSG00000136732,4
ENSG00000271667,0
ENSG00000230076,6
ENSG00000234793,0
ENSG00000286980,0
ENSG00000287151,220
ENSG00000232658,0
ENSG00000224257,0
ENSG00000154252,0
ENSG00000115221,0
ENSG00000236695,0
ENSG00000226553,0
ENSG00000226383,4
ENSG00000227788,0
ENSG00000168530,10
ENSG00000280878,0
ENSG00000279512,0
ENSG00000153107,2408
ENSG00000115539,2401
ENSG00000177261,0
ENSG00000287854,0
ENSG00000163082,52
ENSG00000233608,10
ENSG00000235218,0
ENSG00000237220,0
ENSG00000231013,0
ENSG00000235615,0
ENSG00000286290,0
ENSG00000196872,20
ENSG00000228670,0
ENSG00000185078,0
ENSG00000224219,0
ENSG00000115183,2696
ENSG00000115107,739
ENSG00000234285,0
ENSG00000144339,189
ENSG00000236667,0
ENSG00000233494,0
ENSG00000213958,0
ENSG00000286868,0
ENSG00000283940,0
ENSG00000153246,12
ENSG00000237758,10
ENSG00000286384,0
ENSG00000272902,0
ENSG00000232359,0
ENSG00000229750,0
ENSG00000229457,0
ENSG00000144452,48
ENSG00000227259,0
ENSG00000228400,0
ENSG00000114933,1506
ENSG00000118246,4050
ENSG00000079246,35394
ENSG00000287135,0
ENSG00000270891,0
ENSG00000280721,0
ENSG00000233286,0
ENSG00000224063,5
ENSG00000286621,0
ENSG00000237041,0
ENSG00000280409,0
ENSG00000227418,0
ENSG00000236485,0
ENSG00000229321,8
ENSG00000233131,0
ENSG00000232970,0
ENSG00000225813,0
ENSG00000198914,7924
ENSG00000115165,0
ENSG00000236478,0
ENSG00000136560,2733
ENSG00000277527,0
ENSG00000225369,0
ENSG00000169629,33
ENSG00000213189,19
ENSG00000228586,0
ENSG00000234279,0
ENSG00000215692,0
ENSG00000064989,32
ENSG00000226708,0
ENSG00000065413,407
ENSG00000224352,0
ENSG00000234172,0
ENSG00000279348,1836
ENSG00000233999,0
ENSG00000235491,0
ENSG00000270815,0
ENSG00000232023,0
ENSG00000228226,0
ENSG00000286160,0
ENSG00000124835,0
ENSG00000231739,0
ENSG00000187699,40
ENSG00000236153,0
ENSG00000115233,7373
ENSG00000130147,4996
ENSG00000144290,532
ENSG00000220256,0
ENSG00000168582,0
ENSG00000243104,0
ENSG00000234919,0
ENSG00000236596,0
ENSG00000287414,0
ENSG00000237750,0
ENSG00000227769,0
ENSG00000226542,0
ENSG00000135916,4540
ENSG00000286807,0
ENSG00000198586,3021
ENSG00000227680,0
ENSG00000288031,0
ENSG00000232227,0
ENSG00000231032,0
ENSG00000182187,0
ENSG00000243792,0
ENSG00000260804,2793
ENSG00000234189,0
ENSG00000223824,0
ENSG00000285155,0
ENSG00000235293,0
ENSG00000182329,17
ENSG00000230282,0
ENSG00000280105,0
ENSG00000287621,0
ENSG00000224612,0
ENSG00000227368,0
ENSG00000122085,834
ENSG00000259889,0
ENSG00000226242,0
ENSG00000135898,0
ENSG00000227252,62
ENSG00000284171,0
ENSG00000224252,0
ENSG00000213201,0
ENSG00000196950,11984
ENSG00000232089,0
ENSG00000286748,0
ENSG00000226878,0
ENSG00000003436,4389
ENSG00000226886,0
ENSG00000226915,0
ENSG00000226121,8
ENSG00000183840,19
ENSG00000230385,0
ENSG00000239498,0
ENSG00000176720,188
ENSG00000224410,0
ENSG00000136710,705
ENSG00000232320,10
ENSG00000115840,1072
ENSG00000283164,0
ENSG00000213107,0
ENSG00000238171,0
ENSG00000226338,0
ENSG00000235337,0
ENSG00000079156,2344
ENSG00000214025,0
ENSG00000213120,0
ENSG00000204253,109
ENSG00000273113,0
ENSG00000235351,0
ENSG00000232409,0
ENSG00000225493,2
ENSG00000136731,7686
ENSG00000286170,0
ENSG00000271435,0
ENSG00000226946,0
ENSG00000235861,0
ENSG00000227708,0
ENSG00000135617,417
ENSG00000196758,0
ENSG00000242575,0
ENSG00000144476,41
ENSG00000230783,0
ENSG00000226953,20
ENSG00000224881,0
ENSG00000168393,1624
ENSG00000227459,0
ENSG00000228380,0
ENSG00000241399,1
ENSG00000144445,981
ENSG00000225819,0
ENSG00000270930,0
ENSG00000224967,0
ENSG00000213081,0
ENSG00000230548,0
ENSG00000228064,2
ENSG00000236451,2
ENSG00000221823,3862
ENSG00000288091,0
ENSG00000270335,0
ENSG00000227400,0
ENSG00000177855,46
ENSG00000223725,0
ENSG00000184898,140
ENSG00000067066,6
ENSG00000286206,0
ENSG00000226905,0
ENSG00000121988,606
ENSG00000226813,0
ENSG00000248136,0
ENSG00000153820,0
ENSG00000233934,0
ENSG00000224819,0
ENSG00000224789,0
ENSG00000188668,0
ENSG00000270540,0
ENSG00000118242,166
ENSG00000250011,0
ENSG00000286272,0
ENSG00000232893,6
ENSG00000243179,0
ENSG00000229395,0
ENSG00000186889,552
ENSG00000269707,4
ENSG00000233550,0
ENSG00000223691,0
ENSG00000118231,0
ENSG00000236283,0
ENSG00000234934,0
ENSG00000203387,0
ENSG00000225205,0
ENSG00000231546,0
ENSG00000227617,0
ENSG00000196141,1189
ENSG00000286772,0
ENSG00000231926,0
ENSG00000232328,0
ENSG00000238046,0
ENSG00000213110,0
ENSG00000232520,11
ENSG00000286199,0
ENSG00000286836,0
ENSG00000144583,34
ENSG00000178385,1264
ENSG00000286879,0
ENSG00000235770,2
ENSG00000235726,0
ENSG00000231538,0
ENSG00000228909,0
ENSG00000225911,0
ENSG00000132321,0
ENSG00000286358,221
ENSG00000234235,0
ENSG00000235035,0
ENSG00000286152,0
ENSG00000231092,0
ENSG00000236878,2
ENSG00000227430,0
ENSG00000177519,24
ENSG00000224529,0
ENSG00000163254,8
ENSG00000227824,0
ENSG00000168918,92
ENSG00000115084,3944
ENSG00000228538,0
ENSG00000224559,0
ENSG00000170340,636
ENSG00000231896,0
ENSG00000286145,2
ENSG00000223642,0
ENSG00000286707,104
ENSG00000287027,0
ENSG00000224095,0
ENSG00000115685,2269
ENSG00000216721,0
ENSG00000233996,0
ENSG00000225521,0
ENSG00000213594,0
ENSG00000226276,0
ENSG00000235066,0
ENSG00000287299,6
ENSG00000287418,0
ENSG00000125633,1349
ENSG00000234207,18
ENSG00000224839,10
ENSG00000235616,0
ENSG00000128654,1309
ENSG00000287937,0
ENSG00000115368,3068
ENSG00000270893,0
ENSG00000213601,0
ENSG00000006607,2748
ENSG00000230651,0
ENSG00000228073,0
ENSG00000170745,8
ENSG00000286513,0
ENSG00000168754,0
ENSG00000162804,11
ENSG00000180902,147
ENSG00000171227,18
ENSG00000229727,2
ENSG00000136536,6915
ENSG00000213236,11
ENSG00000226508,31
ENSG00000288524,0
ENSG00000224232,0
ENSG00000223374,0
ENSG00000229996,0
ENSG00000204262,5451
ENSG00000288080,0
ENSG00000152093,0
ENSG00000286588,0
ENSG00000224048,0
ENSG00000115694,2200
ENSG00000168397,1845
ENSG00000128641,8996
ENSG00000168385,44369
ENSG00000252238,0
ENSG00000207192,0
ENSG00000283394,0
ENSG00000221255,0
ENSG00000237261,0
ENSG00000251704,0
ENSG00000222842,0
ENSG00000265056,0
ENSG00000276733,0
ENSG00000266059,0
ENSG00000251859,0
ENSG00000212455,0
ENSG00000200763,0
ENSG00000223145,0
ENSG00000222616,0
ENSG00000207170,0
ENSG00000265172,0
ENSG00000238503,0
ENSG00000264089,0
ENSG00000266738,0
ENSG00000207183,0
ENSG00000202430,0
ENSG00000264370,0
ENSG00000264192,0
ENSG00000206882,0
ENSG00000243847,0
ENSG00000207187,0
ENSG00000201671,0
ENSG00000207218,0
ENSG00000207255,0
ENSG00000265301,0
ENSG00000264352,0
ENSG00000252756,0
ENSG00000223245,0
ENSG00000239396,0
ENSG00000212204,0
ENSG00000252246,0
ENSG00000242699,0
ENSG00000273913,0
ENSG00000199603,0
ENSG00000278764,0
ENSG00000221300,0
ENSG00000207411,0
ENSG00000251889,0
ENSG00000202344,0
ENSG00000274520,0
ENSG00000242158,0
ENSG00000212175,0
ENSG00000207548,0
ENSG00000277311,0
ENSG00000207798,0
ENSG00000211520,0
ENSG00000266078,0
ENSG00000199395,0
ENSG00000200807,0
ENSG00000276229,0
ENSG00000277809,0
ENSG00000276048,0
ENSG00000274547,0
ENSG00000200101,0
ENSG00000239189,0
ENSG00000238493,0
ENSG00000252726,0
ENSG00000241625,0
ENSG00000212168,0
ENSG00000283636,0
ENSG00000202227,0
ENSG00000251942,0
ENSG00000252718,0
ENSG00000239958,0
ENSG00000264975,0
ENSG00000252436,0
ENSG00000202195,0
ENSG00000212036,0
ENSG00000252804,0
ENSG00000206915,0
ENSG00000264071,0
ENSG00000200779,0
ENSG00000221638,0
ENSG00000238410,0
ENSG00000264525,0
ENSG00000200028,0
ENSG00000200488,0
ENSG00000263909,0
ENSG00000222536,0
ENSG00000202423,0
ENSG00000242118,0
ENSG00000252897,0
ENSG00000200048,0
ENSG00000212378,0
ENSG00000201311,0
ENSG00000201010,0
ENSG00000200701,0
ENSG00000251947,0
ENSG00000200890,0
ENSG00000199295,0
ENSG00000265507,0
ENSG00000265003,0
ENSG00000264793,0
ENSG00000222835,0
ENSG00000276670,0
ENSG00000238619,0
ENSG00000275655,0
ENSG00000264857,0
ENSG00000201070,0
ENSG00000222724,0
ENSG00000252845,0
ENSG00000207249,2
ENSG00000212283,0
ENSG00000273515,0
ENSG00000222923,0
ENSG00000264934,0
ENSG00000265965,0
ENSG00000277628,0
ENSG00000221055,0
ENSG00000264833,0
ENSG00000238830,0
ENSG00000266063,0
ENSG00000202427,0
ENSG00000206726,0
ENSG00000212182,0
ENSG00000243029,0
ENSG00000239185,0
ENSG00000202046,0
ENSG00000206963,0
ENSG00000265429,0
ENSG00000243510,0
ENSG00000266139,0
ENSG00000251900,0
ENSG00000252742,0
ENSG00000223118,0
ENSG00000252674,0
ENSG00000200432,0
ENSG00000263813,0
ENSG00000251956,0
ENSG00000251976,0
ENSG00000238379,0
ENSG00000222394,0
ENSG00000274711,0
ENSG00000251973,0
ENSG00000222921,0
ENSG00000222826,0
ENSG00000206901,0
ENSG00000200718,0
ENSG00000283506,0
ENSG00000201892,0
ENSG00000252015,0
ENSG00000277306,0
ENSG00000252688,0
ENSG00000222068,0
ENSG00000206718,0
ENSG00000200377,0
ENSG00000223197,0
ENSG00000222404,0
ENSG00000223290,0
ENSG00000244372,0
ENSG00000200708,0
ENSG00000202029,0
ENSG00000238570,0
ENSG00000271924,0
ENSG00000200902,0
ENSG00000240977,0
ENSG00000275141,0
ENSG00000207117,0
ENSG00000212425,0
ENSG00000252779,0
ENSG00000200121,0
ENSG00000241074,0
ENSG00000199866,0
ENSG00000239041,0
ENSG00000283734,0
ENSG00000215973,0
ENSG00000266705,0
ENSG00000266808,0
ENSG00000264725,0
ENSG00000201813,0
ENSG00000222845,0
ENSG00000199626,0
ENSG00000252517,0
ENSG00000252130,0
ENSG00000201649,0
ENSG00000276200,0
ENSG00000280636,0
ENSG00000202216,0
ENSG00000207319,0
ENSG00000265694,0
ENSG00000201875,0
ENSG00000199348,0
ENSG00000202164,0
ENSG00000276123,0
ENSG00000266354,0
ENSG00000265734,0
ENSG00000221240,0
ENSG00000283637,0
ENSG00000199203,0
ENSG00000222300,0
ENSG00000251941,0
ENSG00000278406,0
ENSG00000252485,0
ENSG00000207274,0
ENSG00000243125,0
ENSG00000207386,0
ENSG00000200281,0
ENSG00000266518,0
ENSG00000263363,0
ENSG00000199791,0
ENSG00000283469,0
ENSG00000263468,0
ENSG00000212246,0
ENSG00000243650,0
ENSG00000201044,0
ENSG00000263941,0
ENSG00000202341,0
ENSG00000263752,0
ENSG00000207186,1
ENSG00000202016,0
ENSG00000202206,0
ENSG00000162975,26
ENSG00000226080,18
ENSG00000145063,4
ENSG00000150873,8
ENSG00000162976,436
ENSG00000207267,0
ENSG00000230154,0
ENSG00000226961,0
ENSG00000230952,0
ENSG00000231403,0
ENSG00000169016,1998
ENSG00000200822,0
ENSG00000235548,0
ENSG00000282440,0
ENSG00000115159,2044
ENSG00000283436,0
ENSG00000238069,0
ENSG00000287048,0
ENSG00000286889,0
ENSG00000286530,0
ENSG00000224177,0
ENSG00000251935,0
ENSG00000284052,6
ENSG00000138386,2380
ENSG00000235852,1
ENSG00000229023,0
ENSG00000230686,0
ENSG00000231858,0
ENSG00000138378,21
ENSG00000288064,0
ENSG00000207402,0
ENSG00000280083,0
ENSG00000230611,0
ENSG00000230979,38
ENSG00000224443,0
ENSG00000224058,0
ENSG00000283502,0
ENSG00000235369,0
ENSG00000236549,0
ENSG00000226473,0
ENSG00000228100,0
ENSG00000187600,0
ENSG00000284608,0
ENSG00000253515,0
ENSG00000241791,0
ENSG00000284701,0
ENSG00000250565,171
ENSG00000119729,4956
ENSG00000250116,4
ENSG00000151665,910
ENSG00000119878,2360
ENSG00000279254,6
ENSG00000271639,0
ENSG00000228949,0
ENSG00000227846,0
ENSG00000234143,0
ENSG00000241119,0
ENSG00000167165,0
ENSG00000224814,0
ENSG00000233445,0
ENSG00000248114,0
ENSG00000227802,0
ENSG00000228445,0
ENSG00000248705,0
ENSG00000178836,0
ENSG00000241635,0
ENSG00000123485,1048
ENSG00000224287,0
ENSG00000279809,0
ENSG00000144481,1155
ENSG00000237581,0
ENSG00000286059,0
ENSG00000233221,0
ENSG00000281159,0
ENSG00000281516,0
ENSG00000284479,0
ENSG00000152102,14111
ENSG00000230450,0
ENSG00000225448,0
ENSG00000236956,0
ENSG00000285819,0
ENSG00000248796,0
ENSG00000212199,0
ENSG00000236516,0
ENSG00000008869,1118
ENSG00000224891,0
ENSG00000233159,0
ENSG00000218739,1040
ENSG00000115816,2885
ENSG00000272054,0
ENSG00000003509,377
ENSG00000115825,6486
ENSG00000232028,0
ENSG00000207364,0
ENSG00000285925,0
ENSG00000115828,16
ENSG00000253078,0
ENSG00000287316,0
ENSG00000163171,5589
ENSG00000236572,0
ENSG00000264041,0
ENSG00000238285,4
ENSG00000256458,0
ENSG00000173166,280
ENSG00000234632,0
ENSG00000225658,0
ENSG00000237737,1
ENSG00000159239,0
ENSG00000234521,0
ENSG00000286623,0
ENSG00000233155,5
ENSG00000005448,921
ENSG00000115274,0
ENSG00000274049,0
ENSG00000239779,312
ENSG00000286883,0
ENSG00000204822,0
ENSG00000135637,63
ENSG00000115282,260
ENSG00000272183,0
ENSG00000115289,268
ENSG00000115297,0
ENSG00000144045,6
ENSG00000115307,2083
ENSG00000237571,0
ENSG00000138363,2409
ENSG00000225166,0
ENSG00000228618,0
ENSG00000234938,0
ENSG00000227981,0
ENSG00000152253,1706
ENSG00000152254,0
ENSG00000073734,0
ENSG00000235321,0
ENSG00000235995,0
ENSG00000081479,2056
ENSG00000170396,54
ENSG00000237824,0
ENSG00000237666,0
ENSG00000232001,0
ENSG00000231505,0
ENSG00000214199,108
ENSG00000254126,0
ENSG00000223523,0
ENSG00000168542,12
ENSG00000221502,0
ENSG00000283238,0
ENSG00000284180,0
ENSG00000163081,0
ENSG00000272564,0
ENSG00000287628,0
ENSG00000132300,5545
ENSG00000208772,5
ENSG00000200241,0
ENSG00000265420,0
ENSG00000132313,3196
ENSG00000202537,0
ENSG00000251974,0
ENSG00000115548,4558
ENSG00000258984,0
ENSG00000251971,0
ENSG00000132330,67
ENSG00000144488,0
ENSG00000168427,0
ENSG00000178752,58
ENSG00000132323,770
ENSG00000225057,0
ENSG00000144485,4366
ENSG00000283635,0
ENSG00000232306,0
ENSG00000204104,684
ENSG00000279484,2
ENSG00000277986,0
ENSG00000284378,0
ENSG00000156973,924
ENSG00000237641,0
ENSG00000261096,8
ENSG00000260622,0
ENSG00000222246,0
ENSG00000163273,0
ENSG00000144535,590
ENSG00000227033,0
ENSG00000207626,0
ENSG00000251485,1
ENSG00000230122,0
ENSG00000275157,0
ENSG00000163283,0
ENSG00000224516,0
ENSG00000163286,0
ENSG00000204121,0
ENSG00000237087,0
ENSG00000223788,0
ENSG00000163295,0
ENSG00000171551,250
ENSG00000237412,46
ENSG00000135902,0
ENSG00000196811,0
ENSG00000271179,0
ENSG00000225594,0
ENSG00000227745,0
ENSG00000239108,0
ENSG00000202174,0
ENSG00000221288,0
ENSG00000233786,4
ENSG00000230803,0
ENSG00000230992,0
ENSG00000252705,0
ENSG00000232349,0
ENSG00000143952,1409
ENSG00000228079,0
ENSG00000197329,7209
ENSG00000230923,0
ENSG00000270354,0
ENSG00000238012,0
ENSG00000238201,0
ENSG00000264297,0
ENSG00000283222,0
ENSG00000236148,2
ENSG00000251982,0
ENSG00000278004,0
ENSG00000224414,0
ENSG00000231035,0
ENSG00000275458,0
ENSG00000231672,28
ENSG00000232408,0
ENSG00000277668,0
ENSG00000251757,0
ENSG00000282944,0
ENSG00000223349,0
ENSG00000173302,0
ENSG00000229797,0
ENSG00000232503,0
ENSG00000284604,0
ENSG00000227817,0
ENSG00000284706,0
ENSG00000224425,0
ENSG00000283303,0
ENSG00000233285,0
ENSG00000227275,0
ENSG00000235080,0
ENSG00000231777,0
ENSG00000284003,0
ENSG00000283865,0
ENSG00000227661,0
ENSG00000236590,0
ENSG00000234480,0
ENSG00000237910,0
ENSG00000234939,0
ENSG00000234576,0
ENSG00000226831,0
ENSG00000276460,0
ENSG00000223631,0
ENSG00000284659,0
ENSG00000214077,20
ENSG00000217950,0
ENSG00000232742,8
ENSG00000273073,11
ENSG00000173272,479
ENSG00000075886,0
ENSG00000284149,0
ENSG00000136002,160
ENSG00000163331,0
ENSG00000153165,8
ENSG00000115841,148
ENSG00000138078,7301
ENSG00000218819,0
ENSG00000144199,80
ENSG00000152256,1036
ENSG00000080293,0
ENSG00000244474,0
ENSG00000138449,176
ENSG00000115687,495
ENSG00000144036,1836
ENSG00000135956,2854
ENSG00000168395,865
ENSG00000136698,10
ENSG00000007001,10
ENSG00000135903,0
ENSG00000196862,52
ENSG00000238062,10
ENSG00000204128,60
ENSG00000261829,0
ENSG00000135914,0
ENSG00000201574,0
ENSG00000237039,4
ENSG00000263641,0
ENSG00000156966,4
ENSG00000172799,0
ENSG00000230047,0
ENSG00000233538,0
ENSG00000206885,0
ENSG00000207280,0
ENSG00000202400,0
ENSG00000283312,0
ENSG00000283491,4
ENSG00000223198,1
ENSG00000286942,0
ENSG00000171596,0
ENSG00000287049,0
ENSG00000142327,671
ENSG00000260942,28
ENSG00000142330,274
ENSG00000276949,0
ENSG00000185176,0
ENSG00000219159,0
ENSG00000274977,0
ENSG00000172482,0
ENSG00000172478,0
ENSG00000233392,0
ENSG00000223991,0
ENSG00000224490,0
ENSG00000238813,0
ENSG00000222376,0
ENSG00000135925,0
ENSG00000228135,0
ENSG00000200029,0
ENSG00000235024,0
ENSG00000224928,1
ENSG00000171450,50
ENSG00000236445,0
ENSG00000163497,0
ENSG00000163499,0
ENSG00000198973,0
ENSG00000224090,0
ENSG00000181378,38
ENSG00000163501,0
ENSG00000264755,0
ENSG00000286606,25
ENSG00000240317,0
ENSG00000213901,0
ENSG00000115649,1248
ENSG00000144567,3247
ENSG00000158552,112
ENSG00000287529,0
ENSG00000115657,7
ENSG00000284820,0
ENSG00000198925,811
ENSG00000163516,360
ENSG00000163521,254
ENSG00000115661,708
ENSG00000243910,0
ENSG00000054356,187
ENSG00000207647,0
ENSG00000230432,0
ENSG00000182698,0
ENSG00000234162,0
ENSG00000119147,18
ENSG00000115652,1297
ENSG00000233339,0
ENSG00000273595,0
ENSG00000213295,0
ENSG00000224061,0
ENSG00000152076,62
ENSG00000152082,251
ENSG00000152086,0
ENSG00000227632,6
ENSG00000230756,4
ENSG00000213225,0
ENSG00000188542,167
ENSG00000237007,0
ENSG00000242272,0
ENSG00000273165,0
ENSG00000162961,2016
ENSG00000271228,2
ENSG00000152683,3967
ENSG00000229816,2
ENSG00000201113,0
ENSG00000234253,0
ENSG00000212580,0
ENSG00000285548,0
ENSG00000230327,0
ENSG00000283058,0
ENSG00000216191,0
ENSG00000238165,0
ENSG00000286412,0
ENSG00000287867,0
ENSG00000223318,0
ENSG00000233204,0
ENSG00000288089,0
ENSG00000238782,0
ENSG00000235993,0
ENSG00000222344,0
ENSG00000153832,104
ENSG00000252333,0
ENSG00000231534,0
ENSG00000206725,0
ENSG00000163053,624
ENSG00000199400,0
ENSG00000236116,0
ENSG00000135917,2
ENSG00000252346,0
ENSG00000226718,0
ENSG00000229172,0
ENSG00000115009,0
ENSG00000183514,0
ENSG00000123977,6
ENSG00000272237,0
ENSG00000201006,0
ENSG00000229774,0
ENSG00000074047,488
ENSG00000271709,0
ENSG00000201584,0
ENSG00000234455,0
ENSG00000225963,0
ENSG00000283451,0
ENSG00000079263,0
ENSG00000279964,0
ENSG00000283118,0
ENSG00000279166,0
ENSG00000238057,0
ENSG00000275372,0
ENSG00000273537,0
ENSG00000277444,0
ENSG00000232125,0
ENSG00000134324,2336
ENSG00000270776,0
ENSG00000286207,0
ENSG00000234932,0
ENSG00000226213,0
ENSG00000162994,522
ENSG00000203327,4
ENSG00000227799,10
ENSG00000085760,1667
ENSG00000162997,56
ENSG00000240401,0
ENSG00000206964,0
ENSG00000279485,0
ENSG00000228305,6
ENSG00000229920,0
ENSG00000234488,2
ENSG00000228872,0
ENSG00000229221,0
ENSG00000014641,7994
ENSG00000252988,0
ENSG00000287435,0
ENSG00000285068,0
ENSG00000214484,0
ENSG00000230002,22
ENSG00000284902,0
ENSG00000144035,0
ENSG00000144034,1716
ENSG00000273245,0
ENSG00000280037,2
ENSG00000234945,0
ENSG00000234072,176
ENSG00000115234,4823
ENSG00000163795,312
ENSG00000115241,8536
ENSG00000213453,2
ENSG00000115216,4466
ENSG00000157992,2
ENSG00000235267,0
ENSG00000200003,0
ENSG00000115226,824
ENSG00000138002,693
ENSG00000232723,0
ENSG00000265451,27
ENSG00000264229,0
ENSG00000222467,0
ENSG00000230993,0
ENSG00000279721,0
ENSG00000213239,0
ENSG00000155438,2566
ENSG00000211460,11428
ENSG00000270798,2
ENSG00000224655,0
ENSG00000229143,0
ENSG00000121989,2833
ENSG00000212389,0
ENSG00000223911,0
ENSG00000115947,4021
ENSG00000204406,1063
ENSG00000281469,0
ENSG00000281772,0
ENSG00000212181,0
ENSG00000224007,0
ENSG00000232238,0
ENSG00000015568,6
ENSG00000284337,0
ENSG00000283684,0
ENSG00000240069,0
ENSG00000225108,0
ENSG00000204588,0
ENSG00000235721,0
ENSG00000229730,0
ENSG00000283283,0
ENSG00000265682,0
ENSG00000144063,0
ENSG00000264979,0
ENSG00000233370,0
ENSG00000282304,0
ENSG00000282785,0
ENSG00000263881,0
ENSG00000283167,0
ENSG00000226991,0
ENSG00000230650,0
ENSG00000175772,0
ENSG00000226065,0
ENSG00000230596,0
ENSG00000273471,0
ENSG00000227574,0
ENSG00000144061,244
ENSG00000227744,4
ENSG00000266109,0
ENSG00000264810,0
ENSG00000286307,0
ENSG00000287405,0
ENSG00000265215,0
ENSG00000264292,0
ENSG00000288082,0
ENSG00000286188,0
ENSG00000172954,977
ENSG00000163072,15
ENSG00000196151,183
ENSG00000115504,1704
ENSG00000028116,0
ENSG00000243244,1546
ENSG00000136541,14
ENSG00000172292,5422
ENSG00000184182,609
ENSG00000077380,10391
ENSG00000057935,2047
ENSG00000138413,12271
ENSG00000032389,774
ENSG00000071909,38
ENSG00000221944,792
ENSG00000163001,2428
ENSG00000251775,1
ENSG00000223962,0
ENSG00000231079,6
ENSG00000228848,0
ENSG00000226340,0
ENSG00000286167,0
ENSG00000228236,0
ENSG00000282836,0
ENSG00000144395,38
ENSG00000252923,0
ENSG00000119041,2500
ENSG00000187944,18
ENSG00000280176,0
ENSG00000197121,11397
ENSG00000225636,0
ENSG00000224442,0
ENSG00000115594,36
ENSG00000226925,0
ENSG00000115598,0
ENSG00000205716,0
ENSG00000115602,0
ENSG00000236785,0
ENSG00000264764,0
ENSG00000236525,0
ENSG00000234389,0
ENSG00000180251,28
ENSG00000241962,31
ENSG00000144182,115
ENSG00000273155,0
ENSG00000158411,440
ENSG00000185414,2242
ENSG00000144214,0
ENSG00000115514,1661
ENSG00000213938,2
ENSG00000232732,6
ENSG00000227004,0
ENSG00000240302,0
ENSG00000178074,1532
ENSG00000162971,552
ENSG00000221445,0
ENSG00000235072,8
ENSG00000224220,0
ENSG00000201160,0
ENSG00000236145,0
ENSG00000115112,16
ENSG00000238162,0
ENSG00000223917,0
ENSG00000237308,0
ENSG00000224719,0
ENSG00000226185,0
ENSG00000236431,0
ENSG00000273305,0
ENSG00000233037,0
ENSG00000168992,0
ENSG00000232717,0
ENSG00000274028,0
ENSG00000230083,0
ENSG00000144015,4
ENSG00000236026,0
ENSG00000271003,0
ENSG00000270193,0
ENSG00000204699,0
ENSG00000275497,0
ENSG00000235959,0
ENSG00000236750,0
ENSG00000225979,0
ENSG00000213104,4
ENSG00000115524,17632
ENSG00000202434,0
ENSG00000206836,0
ENSG00000115541,2053
ENSG00000270757,0
ENSG00000115540,3547
ENSG00000231699,0
ENSG00000287858,2
ENSG00000154479,41
ENSG00000226072,0
ENSG00000144362,97
ENSG00000213160,4314
ENSG00000206961,0
ENSG00000231550,0
ENSG00000214369,0
ENSG00000138385,6158
ENSG00000138382,1467
ENSG00000227176,0
ENSG00000252807,0
ENSG00000144381,48474
ENSG00000144357,3176
ENSG00000234732,0
ENSG00000231445,0
ENSG00000224674,0
ENSG00000233397,0
ENSG00000115263,0
ENSG00000236841,0
ENSG00000229337,18
ENSG00000251746,0
ENSG00000226273,0
ENSG00000201102,0
ENSG00000213069,0
ENSG00000284252,0
ENSG00000225808,8
ENSG00000265396,0
ENSG00000222043,4
ENSG00000271825,2
ENSG00000271996,0
ENSG00000278418,0
ENSG00000237178,0
ENSG00000238295,0
ENSG00000196659,487
ENSG00000237655,0
ENSG00000197557,1095
ENSG00000197635,211
ENSG00000229087,0
ENSG00000234022,2
ENSG00000224194,0
ENSG00000231031,0
ENSG00000231494,0
ENSG00000228884,0
ENSG00000286399,0
ENSG00000177673,0
ENSG00000239202,0
ENSG00000079785,9041
ENSG00000115053,45561
ENSG00000236501,0
ENSG00000264279,0
ENSG00000231278,0
ENSG00000213048,0
ENSG00000172428,2558
ENSG00000178602,0
ENSG00000286325,0
ENSG00000286183,0
ENSG00000227479,0
ENSG00000276366,0
ENSG00000130414,3847
ENSG00000180228,2042
ENSG00000204311,24
ENSG00000238082,0
ENSG00000116095,2240
ENSG00000270956,3
ENSG00000270277,29
ENSG00000279598,0
ENSG00000271011,0
ENSG00000270574,8
ENSG00000271141,0
ENSG00000271401,15
ENSG00000267784,0
ENSG00000143977,2842
ENSG00000233849,0
ENSG00000235289,0
ENSG00000229229,0
ENSG00000224606,0
ENSG00000173692,10225
ENSG00000163093,231
ENSG00000251569,0
ENSG00000239474,12
ENSG00000138399,1511
ENSG00000229827,0
ENSG00000138398,5202
ENSG00000115750,1294
ENSG00000269973,132
ENSG00000287305,0
ENSG00000134317,51
ENSG00000188525,0
ENSG00000260476,0
ENSG00000260077,54
ENSG00000172059,1346
ENSG00000271787,0
ENSG00000233502,0
ENSG00000212558,0
ENSG00000171848,12097
ENSG00000206647,0
ENSG00000265418,0
ENSG00000264030,0
ENSG00000206898,0
ENSG00000115756,540
ENSG00000206633,0
ENSG00000232789,0
ENSG00000229525,2
ENSG00000234638,0
ENSG00000280323,0
ENSG00000072195,288
ENSG00000227432,0
ENSG00000286143,0
ENSG00000268896,0
ENSG00000265252,0
ENSG00000124006,1837
ENSG00000269068,0
ENSG00000123999,0
ENSG00000222678,0
ENSG00000144589,400
ENSG00000228973,0
ENSG00000114923,402
ENSG00000267919,0
ENSG00000231802,0
ENSG00000227308,0
ENSG00000223903,0
ENSG00000234624,0
ENSG00000206937,0
ENSG00000285857,0
ENSG00000271243,0
ENSG00000226884,0
ENSG00000206973,0
ENSG00000115884,1466
ENSG00000235411,0
ENSG00000238735,0
ENSG00000232800,0
ENSG00000212171,0
ENSG00000143878,2550
ENSG00000228950,0
ENSG00000200829,0
ENSG00000237016,0
ENSG00000237617,0
ENSG00000270460,0
ENSG00000234415,0
ENSG00000271151,4
ENSG00000273258,0
ENSG00000260868,0
ENSG00000235414,0
ENSG00000138430,11798
ENSG00000270799,0
ENSG00000243770,0
ENSG00000201088,0
ENSG00000227180,0
ENSG00000237804,18
ENSG00000231453,0
ENSG00000280414,0
ENSG00000217236,148
ENSG00000138433,860
ENSG00000144306,1770
ENSG00000179997,0
ENSG00000279884,0
ENSG00000206965,0
ENSG00000237798,0
ENSG00000237126,117
ENSG00000204120,3006
ENSG00000213055,0
ENSG00000241409,0
ENSG00000115474,278
ENSG00000066248,0
ENSG00000222001,0
ENSG00000115488,0
ENSG00000236449,0
ENSG00000235655,4082
ENSG00000138435,26
ENSG00000162980,5374
ENSG00000288066,1432
ENSG00000232114,0
ENSG00000163214,2133
ENSG00000223922,0
ENSG00000225284,0
ENSG00000207295,0
ENSG00000265905,0
ENSG00000229692,0
ENSG00000206985,0
ENSG00000225900,0
ENSG00000202309,0
ENSG00000279181,0
ENSG00000257800,37
ENSG00000217702,0
ENSG00000163170,120
ENSG00000114978,10780
ENSG00000065911,6224
ENSG00000279201,0
ENSG00000279070,0
ENSG00000135913,1072
ENSG00000222714,0
ENSG00000144580,4433
ENSG00000207393,0
ENSG00000115556,43
ENSG00000074582,621
ENSG00000163481,579
ENSG00000163482,1003
ENSG00000135912,1279
ENSG00000135929,18
ENSG00000286154,0
ENSG00000272555,0
ENSG00000283639,0
ENSG00000232625,0
ENSG00000263828,0
ENSG00000174325,0
ENSG00000252250,0
ENSG00000169599,1001
ENSG00000244236,0
ENSG00000207016,0
ENSG00000232228,8
ENSG00000229948,0
ENSG00000231024,0
ENSG00000115568,700
ENSG00000188760,440
ENSG00000198885,32
ENSG00000163040,162
ENSG00000222038,20
ENSG00000204634,72
ENSG00000163013,138
ENSG00000154518,5751
ENSG00000187514,39177
ENSG00000118257,5610
ENSG00000123992,636
ENSG00000185404,6
ENSG00000273045,0
ENSG00000163328,684
ENSG00000197223,1707
ENSG00000115414,13460
ENSG00000231536,0
ENSG00000216867,10
ENSG00000169679,3586
ENSG00000235881,0
ENSG00000236330,0
ENSG00000204581,24
ENSG00000153094,2612
ENSG00000230499,6
ENSG00000227992,28
ENSG00000271590,0
ENSG00000118965,3006
ENSG00000115155,0
ENSG00000228329,0
ENSG00000163217,0
ENSG00000183607,0
ENSG00000169605,0
ENSG00000286347,0
ENSG00000266649,0
ENSG00000251850,0
ENSG00000199460,0
ENSG00000271597,0
ENSG00000169604,18742
ENSG00000172016,0
ENSG00000224879,0
ENSG00000286227,0
ENSG00000229385,4
ENSG00000277171,0
ENSG00000230237,0
ENSG00000252031,0
ENSG00000266436,0
ENSG00000276917,0
ENSG00000224731,0
ENSG00000223427,2
ENSG00000162951,58
ENSG00000237031,0
ENSG00000066032,452
ENSG00000115271,563
ENSG00000212312,0
ENSG00000055332,3763
ENSG00000077232,9692
ENSG00000232430,0
ENSG00000212404,0
ENSG00000207178,0
ENSG00000205837,0
ENSG00000225964,0
ENSG00000134321,38
ENSG00000271947,6
ENSG00000151692,1868
ENSG00000162929,896
ENSG00000274769,0
ENSG00000212978,481
ENSG00000271889,0
ENSG00000173209,128
ENSG00000273302,0
ENSG00000271146,0
ENSG00000123609,0
ENSG00000123610,4
ENSG00000283569,0
ENSG00000264684,0
ENSG00000242113,0
ENSG00000080345,6474
ENSG00000237633,0
ENSG00000279663,0
ENSG00000197872,389
ENSG00000235480,0
ENSG00000196843,204
ENSG00000114982,2638
ENSG00000249715,4
ENSG00000114988,1146
ENSG00000158158,400
ENSG00000264157,0
ENSG00000273265,0
ENSG00000168763,1522
ENSG00000163126,0
ENSG00000213337,110
ENSG00000168758,1057
ENSG00000286654,0
ENSG00000274206,0
ENSG00000286864,0
ENSG00000132329,4
ENSG00000263723,0
ENSG00000124003,0
ENSG00000233751,0
ENSG00000203531,0
ENSG00000235225,0
ENSG00000224121,0
ENSG00000234193,0
ENSG00000278083,0
ENSG00000123983,38869
ENSG00000229798,0
ENSG00000115318,296
ENSG00000233872,0
ENSG00000108442,0
ENSG00000204843,4931
ENSG00000082898,15743
ENSG00000235013,0
ENSG00000277998,8
ENSG00000224331,0
ENSG00000206869,0
ENSG00000199508,0
ENSG00000115339,7
ENSG00000235192,0
ENSG00000229195,0
ENSG00000232411,0
ENSG00000123607,1213
ENSG00000155749,0
ENSG00000115993,3330
ENSG00000082146,3468
ENSG00000213090,6
ENSG00000202008,0
ENSG00000155754,0
ENSG00000234842,0
ENSG00000224299,0
ENSG00000227736,0
ENSG00000224590,0
ENSG00000234731,0
ENSG00000249177,0
ENSG00000227841,0
ENSG00000241790,0
ENSG00000287133,2
ENSG00000082126,18
ENSG00000222972,0
ENSG00000230799,0
ENSG00000138395,0
ENSG00000202137,0
ENSG00000231124,0
ENSG00000212184,0
ENSG00000273209,0
ENSG00000003393,2296
ENSG00000018510,4989
ENSG00000206732,0
ENSG00000138092,1020
ENSG00000271936,52
ENSG00000115137,171
ENSG00000237953,0
ENSG00000202479,0
ENSG00000286645,0
ENSG00000207069,0
ENSG00000276653,0
ENSG00000229593,0
ENSG00000138031,346
ENSG00000136709,2834
ENSG00000173349,0
ENSG00000201470,0
ENSG00000200390,0
ENSG00000274010,2
ENSG00000144231,2599
ENSG00000202532,0
ENSG00000244563,0
ENSG00000273950,0
ENSG00000272667,103
ENSG00000286873,111
ENSG00000204399,0
ENSG00000136715,1954
ENSG00000125637,26
ENSG00000234174,0
ENSG00000189223,0
ENSG00000231292,0
ENSG00000272563,0
ENSG00000143947,31167
ENSG00000225328,0
ENSG00000236877,0
ENSG00000227597,0
ENSG00000198203,0
ENSG00000261209,0
ENSG00000271070,0
ENSG00000198075,800
ENSG00000271284,0
ENSG00000135945,1484
ENSG00000273306,7
ENSG00000230393,0
ENSG00000232084,0
ENSG00000286058,0
ENSG00000231240,0
ENSG00000248313,0
ENSG00000196604,0
ENSG00000228471,0
ENSG00000224087,0
ENSG00000252223,0
ENSG00000234398,0
ENSG00000177483,2
ENSG00000173559,211
ENSG00000274845,0
ENSG00000288582,0
ENSG00000225884,0
ENSG00000168497,46
ENSG00000213946,0
ENSG00000287250,0
ENSG00000286244,0
ENSG00000271536,0
ENSG00000163017,94
ENSG00000114956,1999
ENSG00000201876,0
ENSG00000235499,0
ENSG00000187605,3971
ENSG00000198380,6792
ENSG00000135999,3472
ENSG00000222126,0
ENSG00000168280,30382
ENSG00000150556,68
ENSG00000286335,0
ENSG00000224337,0
ENSG00000187123,687
ENSG00000223604,0
ENSG00000168288,6351
ENSG00000207270,0
ENSG00000162947,0
ENSG00000230645,0
ENSG00000231420,2
ENSG00000175701,78
ENSG00000144115,0
ENSG00000176204,190
ENSG00000115963,13478
ENSG00000155760,528
ENSG00000115970,1607
ENSG00000115604,0
ENSG00000019169,0
ENSG00000235118,0
ENSG00000163046,0
ENSG00000184924,460
ENSG00000162959,209
ENSG00000084090,14110
ENSG00000003137,0
ENSG00000134326,46
ENSG00000207116,0
ENSG00000224346,0
ENSG00000223092,0
ENSG00000252759,0
ENSG00000201499,0
ENSG00000252916,0
ENSG00000115942,1317
ENSG00000183308,0
ENSG00000225695,16
ENSG00000226658,0
ENSG00000252148,0
ENSG00000273975,0
ENSG00000232719,0
ENSG00000224672,0
ENSG00000232133,2
ENSG00000226312,0
ENSG00000238829,0
ENSG00000235579,0
ENSG00000234431,0
ENSG00000227348,0
ENSG00000225796,0
ENSG00000235318,0
ENSG00000119013,1998
ENSG00000288048,0
ENSG00000286557,0
ENSG00000278924,0
ENSG00000226963,4
ENSG00000232788,0
ENSG00000152527,94
ENSG00000229695,0
ENSG00000252490,0
ENSG00000138036,893
ENSG00000138075,0
ENSG00000143921,0
ENSG00000200924,0
ENSG00000264047,0
ENSG00000219391,0
ENSG00000252599,0
ENSG00000224637,0
ENSG00000273106,0
ENSG00000223658,0
ENSG00000233579,0
ENSG00000138380,758
ENSG00000232479,7
ENSG00000270664,0
ENSG00000232994,0
ENSG00000202059,0
ENSG00000228513,0
ENSG00000225124,0
ENSG00000204196,0
ENSG00000138095,11740
ENSG00000288707,0
ENSG00000229498,11
ENSG00000252321,0
ENSG00000232504,0
ENSG00000068654,3774
ENSG00000226681,0
ENSG00000115232,234
ENSG00000234595,0
ENSG00000225570,0
ENSG00000223873,0
ENSG00000221023,0
ENSG00000232508,0
ENSG00000283262,0
ENSG00000212133,0
ENSG00000252395,0
ENSG00000224291,0
ENSG00000214336,40
ENSG00000172073,1
ENSG00000225420,0
ENSG00000153574,1258
ENSG00000240040,0
ENSG00000265510,0
ENSG00000211592,0
ENSG00000211593,0
ENSG00000211594,0
ENSG00000211595,0
ENSG00000211596,0
ENSG00000211597,0
ENSG00000211598,0
ENSG00000087338,3214
ENSG00000275381,0
ENSG00000270723,0
ENSG00000124380,1904
ENSG00000059728,1570
ENSG00000263669,0
ENSG00000169564,160
ENSG00000233060,0
ENSG00000225392,0
ENSG00000115998,334
ENSG00000221238,0
ENSG00000231414,34
ENSG00000224553,0
ENSG00000115827,1614
ENSG00000228507,3
ENSG00000234061,0
ENSG00000233762,270
ENSG00000071967,3189
ENSG00000237651,24
ENSG00000124356,3966
ENSG00000123612,4
ENSG00000234584,0
ENSG00000115170,2134
ENSG00000270557,2
ENSG00000251980,0
ENSG00000271320,0
ENSG00000128714,10
ENSG00000170178,0
ENSG00000128713,0
ENSG00000128710,0
ENSG00000237380,0
ENSG00000128709,0
ENSG00000175879,0
ENSG00000207744,0
ENSG00000170166,0
ENSG00000224189,0
ENSG00000272729,0
ENSG00000128645,0
ENSG00000283880,0
ENSG00000279160,0
ENSG00000218175,66
ENSG00000230384,0
ENSG00000128652,0
ENSG00000158417,5537
ENSG00000144218,1445
ENSG00000170500,5050
ENSG00000269383,0
ENSG00000270699,0
ENSG00000115526,3448
ENSG00000238029,0
ENSG00000223923,0
ENSG00000127824,28
ENSG00000135924,1604
ENSG00000276828,0
ENSG00000138381,1666
ENSG00000286053,0
ENSG00000286165,0
ENSG00000128694,475
ENSG00000253559,14
ENSG00000273240,6
ENSG00000128699,3055
ENSG00000151687,25
ENSG00000201308,0
ENSG00000207654,0
ENSG00000144224,10033
ENSG00000115850,2
ENSG00000200664,0
ENSG00000226806,0
ENSG00000048991,2546
ENSG00000212391,0
ENSG00000169047,2618
ENSG00000272622,10
ENSG00000261379,0
ENSG00000144468,868
ENSG00000169031,7
ENSG00000236432,140
ENSG00000168955,0
ENSG00000284092,0
ENSG00000173744,6554
ENSG00000143970,2751
ENSG00000187536,0
ENSG00000217643,0
ENSG00000218682,0
ENSG00000217718,0
ENSG00000084731,3707
ENSG00000237629,0
ENSG00000268412,2
ENSG00000084733,14668
ENSG00000199872,0
ENSG00000235440,0
ENSG00000231655,0
ENSG00000214465,4
ENSG00000227133,0
ENSG00000237951,0
ENSG00000157833,1661
ENSG00000135931,1104
ENSG00000115138,4
ENSG00000230452,0
ENSG00000081052,44
ENSG00000215023,0
ENSG00000224272,8
ENSG00000204099,0
ENSG00000235151,0
ENSG00000188389,0
ENSG00000188011,0
ENSG00000216921,0
ENSG00000237940,0
ENSG00000280119,0
ENSG00000226423,0
ENSG00000287971,0
ENSG00000232002,0
ENSG00000261186,26
ENSG00000224160,0
ENSG00000244528,0
ENSG00000271153,0
ENSG00000224132,0
ENSG00000222022,0
ENSG00000277842,0
ENSG00000163359,148
ENSG00000175084,0
ENSG00000136531,294
ENSG00000184261,8
ENSG00000235760,0
ENSG00000275423,0
ENSG00000138081,3450
ENSG00000231731,3
ENSG00000202429,0
ENSG00000272789,0
ENSG00000172071,1414
ENSG00000188452,0
ENSG00000162992,9
ENSG00000144591,428
ENSG00000172845,8586
ENSG00000115677,17590
ENSG00000030419,354
ENSG00000144407,10
ENSG00000288702,0
ENSG00000071575,10914
ENSG00000242366,0
ENSG00000288705,0
ENSG00000188886,0
ENSG00000244122,0
ENSG00000233087,8
ENSG00000239855,0
ENSG00000243063,0
ENSG00000240671,0
ENSG00000241755,0
ENSG00000253278,0
ENSG00000241351,0
ENSG00000243290,0
ENSG00000253497,0
ENSG00000253265,0
ENSG00000244437,0
ENSG00000240864,0
ENSG00000240382,0
ENSG00000254157,0
ENSG00000253732,0
ENSG00000239951,0
ENSG00000211611,0
ENSG00000253578,0
ENSG00000253625,0
ENSG00000241294,0
ENSG00000253202,0
ENSG00000254098,0
ENSG00000277852,0
ENSG00000244575,0
ENSG00000244116,0
ENSG00000253998,0
ENSG00000243238,0
ENSG00000253158,0
ENSG00000253870,0
ENSG00000242076,0
ENSG00000253860,0
ENSG00000253461,0
ENSG00000253487,0
ENSG00000239862,0
ENSG00000253592,0
ENSG00000242371,0
ENSG00000273962,0
ENSG00000283427,0
ENSG00000276861,0
ENSG00000283132,0
ENSG00000283214,0
ENSG00000283659,0
ENSG00000251039,0
ENSG00000251546,0
ENSG00000254009,0
ENSG00000250036,0
ENSG00000253127,0
ENSG00000232747,0
ENSG00000253501,0
ENSG00000239975,0
ENSG00000253191,0
ENSG00000253999,0
ENSG00000239571,0
ENSG00000243264,0
ENSG00000242534,0
ENSG00000224607,0
ENSG00000211623,0
ENSG00000254097,0
ENSG00000241566,0
ENSG00000254345,0
ENSG00000253365,0
ENSG00000225523,0
ENSG00000211625,0
ENSG00000253765,0
ENSG00000254220,0
ENSG00000211626,0
ENSG00000242766,0
ENSG00000241244,0
ENSG00000224041,0
ENSG00000254292,0
ENSG00000276566,0
ENSG00000278857,0
ENSG00000211632,0
ENSG00000253906,0
ENSG00000211633,0
ENSG00000242580,0
ENSG00000239819,0
ENSG00000228325,0
ENSG00000275490,0
ENSG00000270999,0
ENSG00000265897,0
ENSG00000281904,0
ENSG00000155052,0
ENSG00000144426,1246
ENSG00000123600,787
ENSG00000150722,6
ENSG00000244617,0
ENSG00000196228,0
ENSG00000125571,24
ENSG00000169967,4224
ENSG00000144134,280
ENSG00000084676,2238
ENSG00000284308,21
ENSG00000155744,1517
ENSG00000287742,0
ENSG00000115718,0
ENSG00000264075,0
ENSG00000072163,12
ENSG00000144230,0
ENSG00000116127,1386
ENSG00000068024,1421
ENSG00000286095,0
ENSG00000285591,0
ENSG00000231083,0
ENSG00000225642,0
ENSG00000115738,2231
ENSG00000143797,6247
ENSG00000230886,0
ENSG00000152049,14
ENSG00000134313,9810
ENSG00000119820,3896
ENSG00000272754,0
ENSG00000230046,0
ENSG00000276334,30
ENSG00000276517,20
ENSG00000207653,0
ENSG00000274159,0
ENSG00000279544,0
ENSG00000018699,1420
ENSG00000265057,0
ENSG00000230876,48
ENSG00000085978,642
ENSG00000252010,0
ENSG00000251791,0
ENSG00000130561,0
ENSG00000259793,0
ENSG00000077044,1014
ENSG00000201013,0
ENSG00000183091,2
ENSG00000115275,781
ENSG00000286101,0
ENSG00000115590,0
ENSG00000138442,3348
ENSG00000287041,0
ENSG00000231903,0
ENSG00000227890,0
ENSG00000223825,0
ENSG00000116030,15784
ENSG00000224463,0
ENSG00000055044,2598
ENSG00000212534,0
ENSG00000212309,0
ENSG00000271852,0
ENSG00000238317,0
ENSG00000286223,0
ENSG00000264275,0
ENSG00000226261,0
ENSG00000272966,0
ENSG00000242696,0
ENSG00000204217,8948
ENSG00000289490,0
ENSG00000270915,0
ENSG00000236047,0
ENSG00000223619,0
ENSG00000233888,0
ENSG00000235433,0
ENSG00000237542,0
ENSG00000233134,0
ENSG00000241221,0
ENSG00000227454,0
ENSG00000233311,0
ENSG00000138439,6780
ENSG00000238018,1
ENSG00000231334,0
ENSG00000285519,0
ENSG00000252507,0
ENSG00000227238,0
ENSG00000243943,779
ENSG00000259080,0
ENSG00000176714,464
ENSG00000198522,2688
ENSG00000206731,0
ENSG00000119760,1565
ENSG00000231747,10
ENSG00000237753,22
ENSG00000275961,0
ENSG00000274286,0
ENSG00000011566,2538
ENSG00000252473,0
ENSG00000273035,1
ENSG00000184945,0
ENSG00000132305,4166
ENSG00000013441,1462
ENSG00000135932,4228
ENSG00000163092,4
ENSG00000115966,4864
ENSG00000196290,1004
ENSG00000119004,579
ENSG00000176771,314
ENSG00000176946,957
ENSG00000188219,40
ENSG00000064933,1913
ENSG00000135976,50
ENSG00000003402,240
ENSG00000153250,2287
ENSG00000123636,1118
ENSG00000125629,964
ENSG00000144229,28
ENSG00000184611,42
ENSG00000138018,12256
ENSG00000136682,1798
ENSG00000155368,8172
ENSG00000144451,22
ENSG00000135624,17086
ENSG00000115468,28
ENSG00000196834,0
ENSG00000170802,5229
ENSG00000171303,14
ENSG00000179915,144
ENSG00000115355,3506
ENSG00000078098,0
ENSG00000036257,5561
ENSG00000284600,0
ENSG00000232057,0
ENSG00000225619,0
ENSG00000186487,32
ENSG00000144130,0
ENSG00000238542,0
ENSG00000115904,4254
ENSG00000155657,252
ENSG00000169994,0
ENSG00000185304,42
ENSG00000174279,2
ENSG00000188010,1118
ENSG00000173567,22
ENSG00000242515,0
ENSG00000115520,1608
ENSG00000205221,0
ENSG00000163492,4
ENSG00000182177,0
ENSG00000072182,0
ENSG00000138068,0
ENSG00000119772,2277
ENSG00000224844,0
ENSG00000115648,2
ENSG00000222449,0
ENSG00000071677,0
ENSG00000124839,38
ENSG00000234949,0
ENSG00000230286,0
ENSG00000084764,1568
ENSG00000205500,0
ENSG00000119777,1261
ENSG00000084693,1413
ENSG00000231636,2
ENSG00000272056,2
ENSG00000229122,5
ENSG00000272148,4
ENSG00000228474,1885
ENSG00000138080,62
ENSG00000138028,183
ENSG00000143994,27
ENSG00000138073,1423
ENSG00000186143,0
ENSG00000163792,0
ENSG00000236099,0
ENSG00000138074,1770
ENSG00000084774,2429
ENSG00000115194,0
ENSG00000163793,0
ENSG00000138100,0
ENSG00000163794,0
ENSG00000115204,1097
ENSG00000236107,6
ENSG00000169432,259
ENSG00000283657,0
ENSG00000138085,1905
ENSG00000155755,2627
ENSG00000177917,2473
ENSG00000277701,0
ENSG00000237837,0
ENSG00000271351,0
ENSG00000276050,0
ENSG00000271015,0
ENSG00000270252,0
ENSG00000271569,0
ENSG00000270450,0
ENSG00000278537,0
ENSG00000270187,0
ENSG00000230606,0
ENSG00000278766,0
ENSG00000235833,0
ENSG00000286036,0
ENSG00000228970,0
ENSG00000135940,2217
ENSG00000115073,1334
ENSG00000228486,31
ENSG00000201806,0
ENSG00000196912,33
ENSG00000235584,0
ENSG00000232931,46
ENSG00000169554,784
ENSG00000174501,66
ENSG00000153086,1
ENSG00000263783,0
ENSG00000176601,0
ENSG00000115839,3116
ENSG00000208308,0
ENSG00000200283,0
ENSG00000179270,0
ENSG00000229224,0
ENSG00000286963,0
ENSG00000144152,138
ENSG00000278962,175
ENSG00000144161,446
ENSG00000286545,4
ENSG00000188177,842
ENSG00000235258,0
ENSG00000236555,0
ENSG00000136546,8
ENSG00000236634,0
ENSG00000237843,0
ENSG00000287524,0
ENSG00000223890,0
ENSG00000116117,598
ENSG00000023228,6072
ENSG00000231955,0
ENSG00000237580,0
ENSG00000114942,17733
ENSG00000277502,0
ENSG00000281780,0
ENSG00000207047,0
ENSG00000207406,0
ENSG00000183671,100
ENSG00000279220,0
ENSG00000222496,0
ENSG00000159186,0
ENSG00000224070,0
ENSG00000252716,0
ENSG00000204186,1818
ENSG00000180105,0
ENSG00000234491,2
ENSG00000138356,2
ENSG00000284084,0
ENSG00000201737,0
ENSG00000230408,0
ENSG00000082153,23385
ENSG00000115295,420
ENSG00000163464,0
ENSG00000224159,0
ENSG00000163466,8759
ENSG00000261338,61
ENSG00000179921,0
ENSG00000127837,2880
ENSG00000135926,261
ENSG00000284173,0
ENSG00000237281,0
ENSG00000278524,0
ENSG00000230580,6
ENSG00000018280,5
ENSG00000144579,1433
ENSG00000273361,0
ENSG00000199121,0
ENSG00000127831,0
ENSG00000127838,645
ENSG00000158428,0
ENSG00000172318,1144
ENSG00000228222,0
ENSG00000238357,0
ENSG00000214211,0
ENSG00000235335,0
ENSG00000230299,0
ENSG00000246575,0
ENSG00000152291,5922
ENSG00000239143,0
ENSG00000270532,6
ENSG00000042445,1923
ENSG00000115459,212
ENSG00000271014,0
ENSG00000273196,0
ENSG00000042493,2
ENSG00000286011,10
ENSG00000229648,0
ENSG00000168906,9107
ENSG00000118640,13
ENSG00000168899,46
ENSG00000168894,942
ENSG00000168890,358
ENSG00000168883,3043
ENSG00000168887,915
ENSG00000168878,2
ENSG00000115523,0
ENSG00000203363,0
ENSG00000169507,0
ENSG00000152292,0
ENSG00000284407,0
ENSG00000244384,0
ENSG00000135930,5267
ENSG00000207456,0
ENSG00000143942,692
ENSG00000265452,12
ENSG00000119737,20
ENSG00000068878,5540
ENSG00000068912,4695
ENSG00000283591,0
ENSG00000152689,14
ENSG00000119812,3444
ENSG00000286415,0
ENSG00000238038,0
ENSG00000187999,0
ENSG00000239649,0
ENSG00000202382,0
ENSG00000278590,0
ENSG00000207207,0
ENSG00000244399,0
ENSG00000199936,0
ENSG00000276281,0
ENSG00000115486,1833
ENSG00000119771,246
ENSG00000073737,0
ENSG00000082438,256
ENSG00000115607,0
ENSG00000079150,1670
ENSG00000091409,6138
ENSG00000226321,0
ENSG00000115762,7603
ENSG00000123989,1345
ENSG00000205795,0
ENSG00000214842,12
ENSG00000144057,136
ENSG00000146205,7
ENSG00000185038,0
ENSG00000256977,0
ENSG00000162972,598
ENSG00000138101,515
ENSG00000288958,20
ENSG00000288900,0
ENSG00000222032,0
ENSG00000287849,0
ENSG00000226363,0
ENSG00000223751,4
ENSG00000205054,2
ENSG00000234028,72
ENSG00000230838,84
ENSG00000288866,0
ENSG00000224568,0
ENSG00000288786,0
ENSG00000289389,0
ENSG00000286481,0
ENSG00000289349,0
ENSG00000289157,0
ENSG00000236106,91
ENSG00000289374,0
ENSG00000289429,0
ENSG00000236790,0
ENSG00000225649,32
ENSG00000289413,42
ENSG00000235597,196
ENSG00000181798,10
ENSG00000288791,0
ENSG00000230695,0
ENSG00000289077,0
ENSG00000286081,0
ENSG00000289026,0
ENSG00000259439,50
ENSG00000233611,10
ENSG00000228857,14
ENSG00000289533,0
ENSG00000223734,0
ENSG00000231908,12
ENSG00000225439,529
ENSG00000231689,0
ENSG00000238217,0
ENSG00000233766,0
ENSG00000228496,0
ENSG00000289555,4
ENSG00000289261,6
ENSG00000235997,8
ENSG00000289463,0
ENSG00000289003,4
ENSG00000289498,138
ENSG00000288994,4
ENSG00000289534,0
ENSG00000289272,2
ENSG00000285373,0
ENSG00000229941,0
ENSG00000236664,0
ENSG00000213962,2
ENSG00000229744,0
ENSG00000206788,0
ENSG00000249909,0
ENSG00000227241,0
ENSG00000155636,406
ENSG00000223096,0
ENSG00000128655,10
ENSG00000288948,0
ENSG00000289167,0
ENSG00000237751,0
ENSG00000277764,0
ENSG00000116035,43
ENSG00000116039,0
ENSG00000258881,1
ENSG00000239322,0
ENSG00000226186,0
ENSG00000241159,0
ENSG00000144031,0
ENSG00000228384,0
ENSG00000236469,0
ENSG00000234485,0
ENSG00000234896,0
ENSG00000124357,1073
ENSG00000124370,60
ENSG00000288065,10
ENSG00000233870,4
ENSG00000136699,2084
ENSG00000289250,0
ENSG00000200550,4
ENSG00000162882,0
ENSG00000289082,1
ENSG00000226491,0
ENSG00000232202,0
ENSG00000162881,0
ENSG00000227028,0
ENSG00000235653,0
ENSG00000289013,0
ENSG00000285898,0
ENSG00000287468,0
ENSG00000233128,0
ENSG00000231331,0
ENSG00000232594,0
ENSG00000233105,0
ENSG00000224585,0
ENSG00000233447,0
ENSG00000235186,0
ENSG00000277591,0
ENSG00000233850,0
ENSG00000172005,108
ENSG00000231062,0
ENSG00000287362,6
ENSG00000275111,380
ENSG00000275768,0
ENSG00000155066,0
ENSG00000235129,0
ENSG00000115042,457
ENSG00000248821,0
ENSG00000233275,0
ENSG00000227120,0
ENSG00000115207,2071
ENSG00000234818,0
ENSG00000243819,13
ENSG00000277446,0
ENSG00000236162,0
ENSG00000143882,13
ENSG00000239053,0
ENSG00000272275,3
ENSG00000143870,16204
ENSG00000238962,0
ENSG00000271952,0
ENSG00000232056,0
ENSG00000270488,0
ENSG00000115761,1735
ENSG00000135968,706
ENSG00000214184,5
ENSG00000228763,0
ENSG00000233648,0
ENSG00000235644,0
ENSG00000163006,1112
ENSG00000227470,26
ENSG00000169756,8436
ENSG00000118260,9056
ENSG00000144401,937
ENSG00000223433,0
ENSG00000224137,2
ENSG00000199251,0
ENSG00000213082,6
ENSG00000200764,0
ENSG00000163249,1273
ENSG00000272851,0
ENSG00000284079,0
ENSG00000163251,2081
ENSG00000185674,0
ENSG00000222418,0
ENSG00000287536,0
ENSG00000242121,0
ENSG00000252452,0
ENSG00000199781,0
ENSG00000182600,6
ENSG00000289176,0
ENSG00000223935,2
ENSG00000237217,0
ENSG00000119862,1376
ENSG00000223863,0
ENSG00000283204,0
ENSG00000252414,0
ENSG00000233694,0
ENSG00000179833,1416
ENSG00000226756,3
ENSG00000227791,0
ENSG00000288986,0
ENSG00000231735,0
ENSG00000236391,0
ENSG00000115252,60
ENSG00000264324,0
ENSG00000188687,0
ENSG00000152133,1231
ENSG00000229434,0
ENSG00000236231,0
ENSG00000283203,0
ENSG00000252027,0
ENSG00000207303,0
ENSG00000235042,0
ENSG00000232485,37
ENSG00000241520,2
ENSG00000197756,53294
ENSG00000224391,0
ENSG00000225794,0
ENSG00000235444,0
ENSG00000115457,13416
ENSG00000115461,37503
ENSG00000237930,0
ENSG00000222832,0
ENSG00000234588,0
ENSG00000231597,0
ENSG00000118245,0
ENSG00000223874,0
ENSG00000237479,0
ENSG00000236295,0
ENSG00000287498,0
ENSG00000289265,0
ENSG00000279015,0
ENSG00000230621,0
ENSG00000144460,99
ENSG00000119844,1268
ENSG00000204705,0
ENSG00000277747,0
ENSG00000234903,0
ENSG00000144010,0
ENSG00000233459,0
ENSG00000233031,0
ENSG00000178562,20
ENSG00000224791,0
ENSG00000213925,0
ENSG00000206970,0
ENSG00000144048,1060
ENSG00000237383,0
ENSG00000227265,0
ENSG00000213355,0
ENSG00000234837,0
ENSG00000235571,0
ENSG00000064012,110
ENSG00000289698,2
ENSG00000222017,0
ENSG00000247626,895
ENSG00000152430,0
ENSG00000286020,0
ENSG00000237262,10
ENSG00000227347,38
ENSG00000003400,0
ENSG00000121966,5571
ENSG00000279024,0
ENSG00000230037,0
ENSG00000273063,0
ENSG00000233426,26
ENSG00000225226,0
ENSG00000226674,0
ENSG00000234940,0
ENSG00000276706,0
ENSG00000235352,0
ENSG00000268580,0
ENSG00000235435,0
ENSG00000214064,0
ENSG00000225107,0
ENSG00000286225,0
ENSG00000226218,0
ENSG00000234119,0
ENSG00000233842,0
ENSG00000279876,0
ENSG00000251905,0
ENSG00000230559,0
ENSG00000227134,0
ENSG00000198526,0
ENSG00000231040,0
ENSG00000271583,0
ENSG00000287847,0
ENSG00000207225,0
ENSG00000207161,0
ENSG00000202074,0
ENSG00000253083,0
ENSG00000257207,0
ENSG00000256671,2
ENSG00000231583,0
ENSG00000183054,2
ENSG00000226847,0
ENSG00000229641,0
ENSG00000115392,531
ENSG00000163599,2
ENSG00000252214,0
ENSG00000115317,612
ENSG00000115325,451
ENSG00000213486,0
ENSG00000227361,0
ENSG00000229831,0
ENSG00000170264,516
ENSG00000230702,0
ENSG00000277498,0
ENSG00000115484,13730
ENSG00000236498,0
ENSG00000286360,1
ENSG00000278523,0
ENSG00000289247,0
ENSG00000136688,0
ENSG00000236124,0
ENSG00000232090,0
ENSG00000136694,0
ENSG00000136696,0
ENSG00000136697,0
ENSG00000201805,0
ENSG00000136689,0
ENSG00000144354,1855
ENSG00000136695,0
ENSG00000227227,0
ENSG00000144369,2234
ENSG00000138448,19115
ENSG00000283586,0
ENSG00000285843,0
ENSG00000114993,506
ENSG00000238259,0
ENSG00000198648,3033
ENSG00000115267,104
ENSG00000180871,0
ENSG00000188282,0
ENSG00000214821,0
ENSG00000213981,24
ENSG00000275414,0
ENSG00000222033,0
ENSG00000204335,0
ENSG00000128692,66
ENSG00000222509,0
ENSG00000128683,296
ENSG00000235934,27
ENSG00000286611,0
ENSG00000286115,1
ENSG00000115806,4688
ENSG00000091106,6
ENSG00000289727,6
ENSG00000204334,246
ENSG00000228203,80
ENSG00000153201,9666
ENSG00000201610,0
ENSG00000264010,0
ENSG00000251718,0
ENSG00000285626,0
ENSG00000239899,0
ENSG00000134318,2490
ENSG00000169618,0
ENSG00000163219,0
ENSG00000283994,0
ENSG00000231758,0
ENSG00000257277,0
ENSG00000257226,0
ENSG00000236356,0
ENSG00000200287,0
ENSG00000232377,0
ENSG00000144524,1061
ENSG00000237477,0
ENSG00000214070,0
ENSG00000115866,3147
ENSG00000159374,0
ENSG00000135622,648
ENSG00000286739,0
ENSG00000287687,0
ENSG00000224646,0
ENSG00000116106,5066
ENSG00000226726,0
ENSG00000272944,10
ENSG00000230406,0
ENSG00000138379,16
ENSG00000151689,150
ENSG00000198130,1302
ENSG00000187231,3148
ENSG00000121964,1557
ENSG00000114999,7884
ENSG00000125630,3287
ENSG00000207383,0
ENSG00000125611,287
ENSG00000243389,0
ENSG00000228251,0
ENSG00000169607,1299
ENSG00000115008,0
ENSG00000115211,813
ENSG00000244125,0
ENSG00000228134,0
ENSG00000229781,0
ENSG00000115919,12
ENSG00000270390,0
ENSG00000075884,63
ENSG00000224288,0
ENSG00000226839,0
ENSG00000224852,0
ENSG00000232772,0
ENSG00000236300,0
ENSG00000227557,0
ENSG00000225476,0
ENSG00000284167,0
ENSG00000231766,0
ENSG00000257284,0
ENSG00000228655,0
ENSG00000163596,478
ENSG00000173163,675
ENSG00000229839,15
ENSG00000242735,0
ENSG00000271657,0
ENSG00000266097,0
ENSG00000236307,10
ENSG00000153208,122
ENSG00000240183,0
ENSG00000225496,4
ENSG00000232277,0
ENSG00000286904,6
ENSG00000287141,0
ENSG00000144136,14585
ENSG00000116001,6070
ENSG00000116005,7262
ENSG00000152154,106
ENSG00000138050,450
ENSG00000144285,682
ENSG00000199687,0
ENSG00000168874,355
ENSG00000278783,0
ENSG00000115525,444
ENSG00000084734,4
ENSG00000243147,1539
ENSG00000171174,34
ENSG00000270846,0
ENSG00000265321,11
ENSG00000270528,0
ENSG00000277035,0
ENSG00000223522,3
ENSG00000225991,0
ENSG00000229951,0
ENSG00000075426,1092
ENSG00000270640,0
ENSG00000270210,0
ENSG00000227938,0
ENSG00000163803,41
ENSG00000242915,0
ENSG00000230730,22
ENSG00000222232,0
ENSG00000226833,10
ENSG00000163806,4
ENSG00000273233,0
ENSG00000171103,876
ENSG00000163811,4777
ENSG00000264994,0
ENSG00000265145,0
ENSG00000222224,0
ENSG00000265706,0
ENSG00000189350,14
ENSG00000233581,0
ENSG00000138375,770
ENSG00000214694,2
ENSG00000222005,0
ENSG00000171150,2174
ENSG00000226548,0
ENSG00000228925,0
ENSG00000180398,5526
ENSG00000272814,0
ENSG00000233845,0
ENSG00000239605,0
ENSG00000273269,0
ENSG00000225187,0
ENSG00000143933,26390
ENSG00000236824,60
ENSG00000119888,8
ENSG00000222685,0
ENSG00000207923,0
ENSG00000277396,0
ENSG00000135636,46
ENSG00000115041,186
ENSG00000135905,6
ENSG00000288898,0
ENSG00000227107,0
ENSG00000124831,2604
ENSG00000288857,0
ENSG00000135899,198
ENSG00000115415,7222
ENSG00000280537,0
ENSG00000187736,346
ENSG00000124383,1144
ENSG00000230552,0
ENSG00000237053,0
ENSG00000223777,0
ENSG00000279205,0
ENSG00000227098,0
ENSG00000206866,0
ENSG00000068724,223
ENSG00000235734,9
ENSG00000238719,0
ENSG00000115085,0
ENSG00000221843,144
ENSG00000115935,958
ENSG00000144029,23
ENSG00000289685,0
ENSG00000144026,220
ENSG00000196504,8137
ENSG00000205639,0
ENSG00000163026,1960
ENSG00000222940,0
ENSG00000119782,67
ENSG00000115128,4221
ENSG00000219626,36
ENSG00000115129,960
ENSG00000176732,0
ENSG00000276087,0
ENSG00000232642,0
ENSG00000223754,0
ENSG00000198399,446
ENSG00000242628,2
ENSG00000251805,0
ENSG00000232963,0
ENSG00000233747,0
ENSG00000186453,12
ENSG00000163798,927
ENSG00000177994,0
ENSG00000115306,6978
ENSG00000228108,0
ENSG00000237887,0
ENSG00000234943,0
ENSG00000289627,0
ENSG00000214595,38
ENSG00000115310,28663
ENSG00000200086,0
ENSG00000289606,12
ENSG00000169764,6242
ENSG00000068615,1564
ENSG00000115561,2974
ENSG00000200563,0
ENSG00000228363,2
ENSG00000239305,1688
ENSG00000144233,2548
ENSG00000063660,2741
ENSG00000218416,3
ENSG00000207611,0
ENSG00000178623,0
ENSG00000241524,0
ENSG00000237024,0
ENSG00000201076,0
ENSG00000267520,0
ENSG00000237522,8
ENSG00000232713,2
ENSG00000162927,242
ENSG00000222251,0
ENSG00000162928,2119
ENSG00000162924,62
ENSG00000144504,99
ENSG00000213772,4
ENSG00000119185,1745
ENSG00000119203,4612
ENSG00000134330,10
ENSG00000239300,8
ENSG00000271855,2
ENSG00000134308,52717
ENSG00000207086,0
ENSG00000244260,0
ENSG00000200034,0
ENSG00000240960,0
ENSG00000243491,2
ENSG00000151694,4020
ENSG00000235529,0
ENSG00000222007,0
ENSG00000228499,2
ENSG00000238812,0
ENSG00000264676,0
ENSG00000207049,0
ENSG00000168505,68
ENSG00000200745,0
ENSG00000157985,2413
ENSG00000231189,0
ENSG00000235610,0
ENSG00000171951,2276
ENSG00000226539,0
ENSG00000085449,3779
ENSG00000135900,2429
ENSG00000228802,0
ENSG00000135919,3984
ENSG00000152056,61
ENSG00000286239,0
ENSG00000153561,6798
ENSG00000172116,0
ENSG00000213605,0
ENSG00000231351,4
ENSG00000226114,0
ENSG00000153563,0
ENSG00000116044,3610
ENSG00000213963,231
ENSG00000115758,26816
ENSG00000185013,0
ENSG00000170144,13203
ENSG00000233757,1458
ENSG00000071054,24328
ENSG00000187833,0
ENSG00000184492,20
ENSG00000284643,0
ENSG00000284667,0
ENSG00000284718,0
ENSG00000284635,0
ENSG00000173699,0
ENSG00000283428,0
ENSG00000284629,0
ENSG00000284704,0
ENSG00000284725,0
ENSG00000288658,0
ENSG00000213115,0
ENSG00000200650,0
ENSG00000207951,0
ENSG00000144366,2648
ENSG00000116062,7129
ENSG00000151779,3586
ENSG00000256637,40
ENSG00000204685,135
ENSG00000289410,0
ENSG00000230407,0
ENSG00000238698,0
ENSG00000257045,0
ENSG00000119042,333
ENSG00000153234,159
ENSG00000205111,16
ENSG00000272979,2
ENSG00000189362,205
ENSG00000236854,0
ENSG00000206951,0
ENSG00000223951,0
ENSG00000115760,4208
ENSG00000289811,0
ENSG00000223564,0
ENSG00000232502,0
ENSG00000212140,0
ENSG00000278631,0
ENSG00000163060,0
ENSG00000237055,0
ENSG00000232128,0
ENSG00000233158,0
ENSG00000074054,6424
ENSG00000234988,0
ENSG00000288960,0
ENSG00000230918,0
ENSG00000289855,0
ENSG00000289856,0
ENSG00000231609,7
ENSG00000233862,12
ENSG00000234929,0
ENSG00000279227,52
ENSG00000231312,148
ENSG00000228414,0
ENSG00000226702,36
ENSG00000228162,14
ENSG00000226856,24
ENSG00000152117,99
ENSG00000289191,0
ENSG00000226266,12
ENSG00000289941,0
ENSG00000289943,24
ENSG00000233806,0
ENSG00000286525,0
ENSG00000232973,0
ENSG00000289974,0
ENSG00000289982,0
ENSG00000228590,0
ENSG00000260101,16
ENSG00000289296,5
ENSG00000225889,57
ENSG00000290000,3
ENSG00000228262,102
ENSG00000235092,73
ENSG00000240687,4
ENSG00000224184,46
ENSG00000290023,0
ENSG00000279317,2
ENSG00000223536,0
ENSG00000229743,476
ENSG00000290030,0
ENSG00000231327,11
ENSG00000289326,1
ENSG00000289033,0
ENSG00000273456,50
ENSG00000289135,42
ENSG00000233143,20
ENSG00000272913,0
ENSG00000290050,0
ENSG00000224165,6
ENSG00000233723,72
ENSG00000233230,18
ENSG00000289422,0
ENSG00000286833,4
ENSG00000271991,6
ENSG00000289556,0
ENSG00000289529,0
ENSG00000290060,0
ENSG00000288819,0
ENSG00000289018,0
ENSG00000260025,102
ENSG00000228541,0
ENSG00000236204,114
ENSG00000224577,4
ENSG00000236502,31
ENSG00000288902,0
ENSG00000163364,0
ENSG00000272769,0
ENSG00000290071,0
ENSG00000288932,0
ENSG00000268603,3
ENSG00000283839,0
ENSG00000234350,21
ENSG00000289545,0
ENSG00000285872,2
ENSG00000236008,0
ENSG00000234362,0
ENSG00000227403,0
ENSG00000271615,0
ENSG00000286532,33
ENSG00000225765,8
ENSG00000231890,58
ENSG00000226622,0
ENSG00000288734,0
ENSG00000222020,24
ENSG00000225539,0
ENSG00000289364,0
ENSG00000205334,0
ENSG00000288858,18
ENSG00000224509,23
ENSG00000270659,38
ENSG00000281162,0
ENSG00000231969,9
ENSG00000223960,434
ENSG00000226791,0
ENSG00000239332,2
ENSG00000289253,0
ENSG00000232044,67
ENSG00000231943,0
ENSG00000290085,55
ENSG00000225953,22
ENSG00000290086,1
ENSG00000224376,0
ENSG00000270019,16
ENSG00000235688,2
ENSG00000237298,111
ENSG00000290092,0
ENSG00000236859,231
ENSG00000290093,2
ENSG00000229056,0
ENSG00000289205,0
ENSG00000279526,0
ENSG00000289370,18
ENSG00000289615,0
ENSG00000289300,0
ENSG00000273080,38
ENSG00000289076,4
ENSG00000289091,0
ENSG00000290097,0
ENSG00000289129,0
ENSG00000234171,620
ENSG00000289002,0
ENSG00000290100,0
ENSG00000290104,0
ENSG00000289156,2
ENSG00000289567,0
ENSG00000257135,26
ENSG00000230773,6
ENSG00000290110,0
ENSG00000290112,2
ENSG00000235576,2
ENSG00000222041,1243
ENSG00000290113,0
ENSG00000235026,28
ENSG00000227946,63
ENSG00000289474,0
ENSG00000285569,2
ENSG00000270820,41
ENSG00000236213,0
ENSG00000233639,4261
ENSG00000225111,0
ENSG00000225062,0
ENSG00000290118,0
ENSG00000179818,532
ENSG00000231621,0
ENSG00000272606,0
ENSG00000289327,0
ENSG00000226853,4
ENSG00000288869,24
ENSG00000289608,0
ENSG00000290119,0
ENSG00000237883,12
ENSG00000272994,214
ENSG00000287115,0
ENSG00000224152,241
ENSG00000232606,0
ENSG00000151690,78
ENSG00000290089,0
ENSG00000237326,0
ENSG00000202160,0
ENSG00000214657,0
ENSG00000238371,0
ENSG00000233718,34
ENSG00000223850,0
ENSG00000243541,0
ENSG00000226764,0
ENSG00000236289,0
ENSG00000134323,455
ENSG00000231646,2
ENSG00000212581,0
ENSG00000226747,4
ENSG00000188738,146
ENSG00000287129,0
ENSG00000224019,0
ENSG00000226410,0
ENSG00000232568,0
ENSG00000259915,2
ENSG00000227692,0
ENSG00000065548,5192
ENSG00000224323,0
ENSG00000237877,28
ENSG00000213639,30320
ENSG00000186281,0
ENSG00000199884,0
ENSG00000213197,0
ENSG00000287085,0
ENSG00000289202,10
ENSG00000157827,4816
ENSG00000226124,6
ENSG00000186235,4
ENSG00000204872,0
ENSG00000228509,2
ENSG00000227542,37
ENSG00000144410,0
ENSG00000253008,0
ENSG00000237892,22
ENSG00000229647,0
ENSG00000277590,2
ENSG00000224342,0
ENSG00000234902,0
ENSG00000286568,0
ENSG00000225916,6
ENSG00000240440,0
ENSG00000225064,0
ENSG00000221628,0
ENSG00000118263,2447
ENSG00000183733,0
ENSG00000228034,4
ENSG00000152672,0
ENSG00000231386,0
ENSG00000116031,28
ENSG00000144043,3279
ENSG00000272735,0
ENSG00000202141,0
ENSG00000221498,0
ENSG00000231203,0
ENSG00000162999,315
ENSG00000224643,0
ENSG00000163002,1740
ENSG00000061676,19999
ENSG00000130294,11877
ENSG00000236682,52
ENSG00000163166,2033
ENSG00000275588,0
ENSG00000199964,0
ENSG00000287123,0
ENSG00000234572,0
ENSG00000237638,36
ENSG00000244534,0
ENSG00000227394,0
ENSG00000115902,4710
ENSG00000252892,6
ENSG00000232613,0
ENSG00000138069,12340
ENSG00000272025,0
ENSG00000273763,40
ENSG00000172974,173
ENSG00000138071,30129
ENSG00000085982,1420
ENSG00000259916,0
ENSG00000284622,0
ENSG00000284631,0
ENSG00000234281,0
ENSG00000115365,7986
ENSG00000021826,4849
ENSG00000288732,0
ENSG00000280837,0
ENSG00000288937,60
ENSG00000021574,8127
ENSG00000272716,0
ENSG00000235864,0
ENSG00000232799,0
ENSG00000240286,0
ENSG00000229670,0
ENSG00000289113,0
ENSG00000286249,0
ENSG00000222317,0
ENSG00000144406,605
ENSG00000237194,1
ENSG00000197713,2700
ENSG00000272807,12
ENSG00000078018,56103
ENSG00000153827,11282
ENSG00000153214,562
ENSG00000290108,0
ENSG00000055917,10594
ENSG00000203635,0
ENSG00000130508,3998
ENSG00000227061,0
ENSG00000035115,1013
ENSG00000143727,6980
ENSG00000233684,0
ENSG00000189292,8
ENSG00000228643,0
ENSG00000235779,0
ENSG00000277997,0
ENSG00000236856,0
ENSG00000226277,0
ENSG00000231826,1
ENSG00000233978,0
ENSG00000207087,0
ENSG00000288992,0
ENSG00000287255,0
ENSG00000288886,0
ENSG00000230587,5
ENSG00000286796,0
ENSG00000287387,0
ENSG00000152518,1987
ENSG00000279873,0
ENSG00000234936,0
ENSG00000170634,527
ENSG00000235937,0
ENSG00000233266,3
ENSG00000241114,0
ENSG00000272156,1
ENSG00000289065,0
ENSG00000252934,0
ENSG00000178021,0
ENSG00000079308,228
ENSG00000175874,0
ENSG00000226058,0
ENSG00000196460,4
ENSG00000223826,0
ENSG00000237549,0
ENSG00000232556,0
ENSG00000286047,0
ENSG00000187627,14
ENSG00000183281,3
ENSG00000231259,0
ENSG00000257702,0
ENSG00000238788,0
ENSG00000260634,0
ENSG00000286971,0
ENSG00000260163,0
ENSG00000136717,336
ENSG00000286400,0
ENSG00000237630,0
ENSG00000186684,18
ENSG00000226789,0
ENSG00000163161,1644
ENSG00000200250,0
ENSG00000230572,0
ENSG00000290565,0
ENSG00000214329,0
ENSG00000290575,0
ENSG00000125631,0
ENSG00000290590,0
ENSG00000287071,0
ENSG00000290594,0
ENSG00000178162,0
ENSG00000290596,0
ENSG00000239402,0
ENSG00000290599,0
ENSG00000184761,0
ENSG00000290610,0
ENSG00000290614,0
ENSG00000197927,77
ENSG00000290616,6
ENSG00000186825,0
ENSG00000290618,0
ENSG00000231431,0
ENSG00000290654,8
ENSG00000244280,0
ENSG00000290681,0
ENSG00000214081,0
ENSG00000240253,0
ENSG00000223760,0
ENSG00000163016,0
ENSG00000290727,0
ENSG00000186148,0
ENSG00000290731,0
ENSG00000261760,0
ENSG00000290732,0
ENSG00000184115,0
ENSG00000290733,0
ENSG00000204787,0
ENSG00000290771,0
ENSG00000237223,0
ENSG00000290794,0
ENSG00000042304,0
ENSG00000290795,0
ENSG00000283270,0
ENSG00000290802,0
ENSG00000283196,0
ENSG00000290846,9
ENSG00000279897,0
ENSG00000290864,0
ENSG00000237510,0
ENSG00000290897,0
ENSG00000018607,0
ENSG00000290902,0
ENSG00000244301,0
ENSG00000243478,0
ENSG00000229150,0
ENSG00000290929,0
ENSG00000205847,0
ENSG00000290930,0
ENSG00000261522,0
ENSG00000290941,0
ENSG00000233673,5
ENSG00000291013,0
ENSG00000229089,0
ENSG00000291024,0
ENSG00000259848,0
ENSG00000291025,0
ENSG00000240935,0
ENSG00000291125,0
ENSG00000229689,0
ENSG00000291126,0
ENSG00000230006,0
ENSG00000291127,0
ENSG00000146556,0
ENSG00000291134,19
ENSG00000286156,0
ENSG00000291142,146
ENSG00000220804,0
ENSG00000291147,8
ENSG00000143429,0
ENSG00000291150,12
ENSG00000237732,0
ENSG00000291155,0
ENSG00000231584,0
ENSG00000291176,0
ENSG00000229754,0
ENSG00000291236,0
ENSG00000237322,0
ENSG00000226297,0
ENSG00000253006,0
ENSG00000183023,652
ENSG00000153823,106
ENSG00000119865,702
ENSG00000203395,0
ENSG00000115956,13
ENSG00000229462,0
ENSG00000204923,56
ENSG00000169621,6
ENSG00000214525,0
ENSG00000283228,0
ENSG00000182389,183
ENSG00000225214,0
ENSG00000115145,2483
ENSG00000234272,0
ENSG00000271074,0
ENSG00000231017,0
ENSG00000178568,2572
ENSG00000199585,0
ENSG00000232631,0
ENSG00000236007,0
ENSG00000221782,0
ENSG00000234308,0
ENSG00000231254,0
ENSG00000153253,1132
ENSG00000287463,6
ENSG00000224043,254
ENSG00000234682,0
ENSG00000228098,0
ENSG00000082258,3500
ENSG00000290018,4527
ENSG00000128656,4325
ENSG00000212167,0
ENSG00000199827,0
ENSG00000227187,0
ENSG00000277948,0
ENSG00000229536,14
ENSG00000286957,0
ENSG00000291116,0
ENSG00000237574,0
ENSG00000214100,0
ENSG00000234559,0
ENSG00000290615,0
ENSG00000225449,0
ENSG00000222014,6
ENSG00000284619,0
ENSG00000286026,0
ENSG00000250207,0
ENSG00000217289,2
ENSG00000231147,0
ENSG00000290591,0
ENSG00000180178,0
ENSG00000291278,0
ENSG00000290707,0
ENSG00000155729,656
ENSG00000163535,1175
ENSG00000290905,0
ENSG00000237166,0
ENSG00000291279,0
ENSG00000290906,0
ENSG00000240761,0
ENSG00000011523,3796
ENSG00000162998,10
ENSG00000115419,2206
ENSG00000240344,862
ENSG00000115290,80
ENSG00000179528,2
ENSG00000115592,0
ENSG00000115596,0
ENSG00000234997,0
ENSG00000289035,0
ENSG00000125618,4
ENSG00000234690,124
ENSG00000226087,0
ENSG00000095002,6088
ENSG00000182083,0
ENSG00000178586,0
ENSG00000269210,0
ENSG00000222000,176
ENSG00000144191,28
ENSG00000227987,0
ENSG00000040933,1852
ENSG00000183513,1243
ENSG00000115446,1184
ENSG00000236564,0
ENSG00000158019,961
ENSG00000237524,0
ENSG00000118004,0
ENSG00000237370,0
ENSG00000188765,4
ENSG00000289136,4
ENSG00000151360,6
ENSG00000232718,0
ENSG00000224661,0
ENSG00000138030,46
ENSG00000183292,0
ENSG00000290699,0
ENSG00000290700,0
ENSG00000178171,30
ENSG00000228937,0
ENSG00000212410,0
ENSG00000231158,0
ENSG00000237327,0
ENSG00000227480,0
ENSG00000153237,68
ENSG00000234890,0
ENSG00000243723,0
ENSG00000144283,1330
ENSG00000289488,0
ENSG00000227331,0
ENSG00000204380,0
ENSG00000231675,0
ENSG00000168958,3280
ENSG00000035141,4121
ENSG00000237576,0
ENSG00000115977,2561
ENSG00000289294,90
ENSG00000138443,19479
ENSG00000153093,4
ENSG00000132326,294
ENSG00000202099,0
ENSG00000065802,4225
ENSG00000229915,0
ENSG00000274346,3
ENSG00000224918,0
ENSG00000214074,0
ENSG00000234661,0
ENSG00000229642,0
ENSG00000223727,0
ENSG00000285969,0
ENSG00000154764,0
ENSG00000134121,2210
ENSG00000234048,0
ENSG00000229756,0
ENSG00000227110,26
ENSG00000144635,3158
ENSG00000235629,0
ENSG00000215004,2
ENSG00000228242,12
ENSG00000287720,0
ENSG00000227498,0
ENSG00000238075,0
ENSG00000224858,44
ENSG00000223899,0
ENSG00000230067,2
ENSG00000231552,0
ENSG00000131379,2
ENSG00000235534,0
ENSG00000271643,274
ENSG00000206559,41
ENSG00000224318,2
ENSG00000214073,0
ENSG00000227588,0
ENSG00000287623,0
ENSG00000227795,0
ENSG00000230830,0
ENSG00000251038,0
ENSG00000287505,0
ENSG00000226022,0
ENSG00000224618,0
ENSG00000235493,0
ENSG00000231660,0
ENSG00000272334,0
ENSG00000173705,834
ENSG00000229243,0
ENSG00000215016,8
ENSG00000154822,339
ENSG00000228171,0
ENSG00000226320,12
ENSG00000229241,0
ENSG00000070950,2038
ENSG00000261468,0
ENSG00000144668,2
ENSG00000233121,0
ENSG00000224822,0
ENSG00000227707,0
ENSG00000224239,0
ENSG00000230480,0
ENSG00000227929,0
ENSG00000225044,0
ENSG00000269391,0
ENSG00000260902,0
ENSG00000163576,21
ENSG00000188167,87
ENSG00000286363,0
ENSG00000129810,588
ENSG00000235424,0
ENSG00000233570,0
ENSG00000281100,32
ENSG00000228723,0
ENSG00000093167,1062
ENSG00000229468,0
ENSG00000235158,0
ENSG00000228767,0
ENSG00000224728,4
ENSG00000226489,0
ENSG00000230172,0
ENSG00000230697,0
ENSG00000183977,12
ENSG00000279727,12
ENSG00000235593,0
ENSG00000230398,0
ENSG00000091317,6966
ENSG00000235904,2
ENSG00000230342,0
ENSG00000170860,4181
ENSG00000287641,0
ENSG00000157152,16
ENSG00000223791,0
ENSG00000224263,0
ENSG00000178567,6086
ENSG00000224039,0
ENSG00000230119,0
ENSG00000224514,8
ENSG00000234073,0
ENSG00000236165,0
ENSG00000225548,0
ENSG00000227549,0
ENSG00000144596,58
ENSG00000227260,0
ENSG00000226955,0
ENSG00000237982,0
ENSG00000236158,0
ENSG00000182247,724
ENSG00000223587,0
ENSG00000225386,36
ENSG00000114166,1246
ENSG00000287981,0
ENSG00000187118,626
ENSG00000232953,4
ENSG00000227339,2
ENSG00000255021,0
ENSG00000287140,0
ENSG00000271192,0
ENSG00000093217,51
ENSG00000134115,50
ENSG00000170011,4
ENSG00000283392,0
ENSG00000225275,0
ENSG00000131378,2450
ENSG00000170293,8
ENSG00000163528,633
ENSG00000286579,4
ENSG00000238008,0
ENSG00000283563,0
ENSG00000154783,4
ENSG00000237603,0
ENSG00000228351,0
ENSG00000233153,0
ENSG00000170248,4409
ENSG00000232563,0
ENSG00000231382,0
ENSG00000232958,0
ENSG00000287059,0
ENSG00000232167,0
ENSG00000251576,0
ENSG00000144455,1150
ENSG00000213854,0
ENSG00000144642,223
ENSG00000224808,0
ENSG00000287069,0
ENSG00000172940,0
ENSG00000231897,0
ENSG00000272121,12
ENSG00000226216,0
ENSG00000234723,0
ENSG00000268279,0
ENSG00000180438,0
ENSG00000175928,11283
ENSG00000184423,0
ENSG00000234123,0
ENSG00000230465,0
ENSG00000224094,58
ENSG00000230111,0
ENSG00000183960,32
ENSG00000213849,0
ENSG00000114353,13662
ENSG00000153560,3669
ENSG00000271235,0
ENSG00000236452,0
ENSG00000235482,0
ENSG00000163512,1019
ENSG00000126062,836
ENSG00000231401,0
ENSG00000114349,0
ENSG00000203506,0
ENSG00000213600,0
ENSG00000282987,0
ENSG00000213587,0
ENSG00000114378,3
ENSG00000224752,0
ENSG00000114388,364
ENSG00000198590,2
ENSG00000168301,1217
ENSG00000226183,0
ENSG00000144566,4444
ENSG00000287649,0
ENSG00000236411,0
ENSG00000286952,0
ENSG00000288050,0
ENSG00000170266,2968
ENSG00000235886,0
ENSG00000160746,1977
ENSG00000231304,1
ENSG00000243384,0
ENSG00000172939,4881
ENSG00000088543,202
ENSG00000235278,0
ENSG00000114383,869
ENSG00000240708,0
ENSG00000144724,5829
ENSG00000273356,14
ENSG00000225673,0
ENSG00000235058,0
ENSG00000231915,0
ENSG00000244226,0
ENSG00000281358,0
ENSG00000230123,0
ENSG00000271266,6
ENSG00000228337,0
ENSG00000173473,19693
ENSG00000170275,6110
ENSG00000243149,0
ENSG00000287873,0
ENSG00000144619,741
ENSG00000068001,1117
ENSG00000241367,0
ENSG00000186451,8
ENSG00000239383,0
ENSG00000226017,0
ENSG00000241593,0
ENSG00000011198,2064
ENSG00000244281,0
ENSG00000182921,0
ENSG00000240752,0
ENSG00000144677,34
ENSG00000163935,682
ENSG00000244183,0
ENSG00000283434,0
ENSG00000242911,0
ENSG00000240404,0
ENSG00000189002,0
ENSG00000271174,0
ENSG00000239767,0
ENSG00000114738,1476
ENSG00000226360,90
ENSG00000206538,531
ENSG00000114480,1489
ENSG00000223409,0
ENSG00000243295,0
ENSG00000240951,0
ENSG00000239699,0
ENSG00000243877,0
ENSG00000240573,0
ENSG00000088538,395
ENSG00000172986,388
ENSG00000241111,6
ENSG00000242705,0
ENSG00000277746,0
ENSG00000237456,0
ENSG00000153558,402
ENSG00000248839,0
ENSG00000234158,0
ENSG00000239572,0
ENSG00000114541,736
ENSG00000242960,6
ENSG00000271858,0
ENSG00000272149,0
ENSG00000244464,0
ENSG00000241319,0
ENSG00000163618,58
ENSG00000241095,8
ENSG00000163376,848
ENSG00000272305,8
ENSG00000243974,0
ENSG00000144744,4317
ENSG00000244222,0
ENSG00000241293,4
ENSG00000239440,4
ENSG00000242190,0
ENSG00000121440,582
ENSG00000287053,0
ENSG00000241776,0
ENSG00000288004,0
ENSG00000214560,0
ENSG00000080819,791
ENSG00000244383,18
ENSG00000168309,2386
ENSG00000286567,4
ENSG00000240255,0
ENSG00000227124,90
ENSG00000272202,0
ENSG00000242009,0
ENSG00000234629,0
ENSG00000278934,7
ENSG00000163378,391
ENSG00000242828,0
ENSG00000172971,0
ENSG00000240241,0
ENSG00000271389,0
ENSG00000271034,0
ENSG00000270059,0
ENSG00000242195,0
ENSG00000240476,13
ENSG00000242365,0
ENSG00000241622,0
ENSG00000242586,0
ENSG00000243089,0
ENSG00000241158,4
ENSG00000282912,0
ENSG00000241532,0
ENSG00000240135,0
ENSG00000044524,104
ENSG00000081148,8
ENSG00000235156,0
ENSG00000288105,0
ENSG00000273374,6
ENSG00000242145,0
ENSG00000144747,1924
ENSG00000251088,0
ENSG00000239226,0
ENSG00000271024,0
ENSG00000243296,0
ENSG00000244048,0
ENSG00000282511,0
ENSG00000243195,0
ENSG00000243635,0
ENSG00000241328,0
ENSG00000244461,0
ENSG00000036054,2612
ENSG00000154174,5616
ENSG00000240309,0
ENSG00000285780,0
ENSG00000138468,1241
ENSG00000240827,0
ENSG00000242641,0
ENSG00000241305,0
ENSG00000242573,0
ENSG00000184220,1754
ENSG00000241884,0
ENSG00000242781,0
ENSG00000114021,712
ENSG00000277000,0
ENSG00000255423,15
ENSG00000236691,0
ENSG00000114423,1374
ENSG00000285635,0
ENSG00000206535,308
ENSG00000250562,0
ENSG00000241754,10
ENSG00000239589,0
ENSG00000004838,27
ENSG00000153266,56
ENSG00000138472,0
ENSG00000239388,4
ENSG00000144810,249
ENSG00000287378,3
ENSG00000178660,4
ENSG00000230618,0
ENSG00000170017,3838
ENSG00000242609,0
ENSG00000242428,0
ENSG00000144827,3736
ENSG00000272104,0
ENSG00000174500,26
ENSG00000240572,0
ENSG00000242545,0
ENSG00000239288,0
ENSG00000214405,0
ENSG00000225662,0
ENSG00000163412,2998
ENSG00000240107,0
ENSG00000241738,0
ENSG00000287421,0
ENSG00000243014,0
ENSG00000240156,0
ENSG00000240959,0
ENSG00000154165,0
ENSG00000226082,4
ENSG00000240097,0
ENSG00000240393,0
ENSG00000228980,0
ENSG00000279349,6
ENSG00000249992,2397
ENSG00000091972,2145
ENSG00000240405,22
ENSG00000283544,3
ENSG00000163377,2
ENSG00000176142,814
ENSG00000242841,0
ENSG00000276471,0
ENSG00000163666,38
ENSG00000288074,16
ENSG00000244130,0
ENSG00000288039,0
ENSG00000241572,0
ENSG00000244513,3
ENSG00000145050,4702
ENSG00000241861,0
ENSG00000241804,0
ENSG00000288079,22
ENSG00000113845,2602
ENSG00000243903,0
ENSG00000176095,3412
ENSG00000198919,1824
ENSG00000244342,0
ENSG00000243849,0
ENSG00000286602,14
ENSG00000243197,0
ENSG00000163530,0
ENSG00000240751,0
ENSG00000287131,14
ENSG00000240568,0
ENSG00000243873,0
ENSG00000240787,0
ENSG00000285708,0
ENSG00000144837,0
ENSG00000214380,0
ENSG00000170837,1797
ENSG00000280435,38
ENSG00000163424,0
ENSG00000250218,0
ENSG00000243429,12
ENSG00000242385,0
ENSG00000280382,0
ENSG00000283669,0
ENSG00000163814,52
ENSG00000232407,0
ENSG00000121594,0
ENSG00000174738,4872
ENSG00000261364,0
ENSG00000240359,0
ENSG00000080822,4486
ENSG00000241316,108
ENSG00000242829,8
ENSG00000240895,0
ENSG00000243081,0
ENSG00000273033,507
ENSG00000241224,0
ENSG00000240254,0
ENSG00000189283,62
ENSG00000206530,65
ENSG00000144746,8756
ENSG00000243674,0
ENSG00000198406,66
ENSG00000168306,460
ENSG00000287795,0
ENSG00000244196,0
ENSG00000244215,0
ENSG00000144847,708
ENSG00000287784,0
ENSG00000153551,0
ENSG00000163611,80
ENSG00000163513,320
ENSG00000240198,0
ENSG00000114487,0
ENSG00000183813,0
ENSG00000224074,0
ENSG00000240661,8
ENSG00000144834,1900
ENSG00000243945,0
ENSG00000261786,99
ENSG00000272610,18
ENSG00000234458,0
ENSG00000286915,1
ENSG00000114446,2345
ENSG00000285943,0
ENSG00000185565,4115
ENSG00000239921,0
ENSG00000242052,0
ENSG00000239432,0
ENSG00000236138,0
ENSG00000286919,0
ENSG00000114520,3964
ENSG00000121578,402
ENSG00000272967,0
ENSG00000163870,278
ENSG00000186265,2
ENSG00000287232,0
ENSG00000286492,0
ENSG00000228112,0
ENSG00000172139,0
ENSG00000244722,0
ENSG00000285738,0
ENSG00000214283,0
ENSG00000239350,0
ENSG00000144848,1788
ENSG00000214552,8
ENSG00000169087,457
ENSG00000259956,3951
ENSG00000228963,0
ENSG00000114638,0
ENSG00000241478,0
ENSG00000170142,1910
ENSG00000242029,0
ENSG00000240774,0
ENSG00000242880,16
ENSG00000163519,0
ENSG00000241596,0
ENSG00000272662,2
ENSG00000239314,0
ENSG00000177494,0
ENSG00000239311,0
ENSG00000273461,0
ENSG00000214324,0
ENSG00000286967,0
ENSG00000242109,0
ENSG00000228252,0
ENSG00000163605,10923
ENSG00000244441,0
ENSG00000001617,96
ENSG00000240175,0
ENSG00000239439,0
ENSG00000214381,10
ENSG00000242070,0
ENSG00000241155,0
ENSG00000240562,0
ENSG00000243276,0
ENSG00000236722,0
ENSG00000170819,0
ENSG00000251012,0
ENSG00000144824,305
ENSG00000242308,2
ENSG00000250012,12
ENSG00000244640,0
ENSG00000241257,0
ENSG00000158186,2098
ENSG00000198643,0
ENSG00000114125,2463
ENSG00000144909,2129
ENSG00000189196,0
ENSG00000242525,0
ENSG00000065485,665
ENSG00000174564,48
ENSG00000138459,5500
ENSG00000145103,0
ENSG00000251011,0
ENSG00000261734,0
ENSG00000271249,0
ENSG00000231395,0
ENSG00000158220,0
ENSG00000118007,2927
ENSG00000241777,0
ENSG00000239677,0
ENSG00000241695,0
ENSG00000228398,0
ENSG00000206527,3888
ENSG00000244144,0
ENSG00000244720,0
ENSG00000163421,701
ENSG00000242968,0
ENSG00000240888,0
ENSG00000163430,35564
ENSG00000157500,5514
ENSG00000239482,20
ENSG00000168875,0
ENSG00000214237,0
ENSG00000241359,0
ENSG00000243016,0
ENSG00000244142,0
ENSG00000241143,0
ENSG00000286822,0
ENSG00000286660,0
ENSG00000241213,0
ENSG00000244124,0
ENSG00000114744,6280
ENSG00000242222,0
ENSG00000177707,3521
ENSG00000239877,0
ENSG00000240891,1985
ENSG00000244561,0
ENSG00000163637,245
ENSG00000240893,0
ENSG00000241506,86
ENSG00000241131,110
ENSG00000282975,0
ENSG00000282502,0
ENSG00000240922,0
ENSG00000241544,0
ENSG00000239453,0
ENSG00000249407,0
ENSG00000261488,6
ENSG00000240086,0
ENSG00000152977,16952
ENSG00000242791,6
ENSG00000250433,0
ENSG00000175792,3664
ENSG00000286735,0
ENSG00000244171,2
ENSG00000244101,0
ENSG00000198829,0
ENSG00000065518,3702
ENSG00000114107,617
ENSG00000243347,0
ENSG00000280399,0
ENSG00000285660,0
ENSG00000250608,0
ENSG00000243620,1220
ENSG00000243305,0
ENSG00000174715,0
ENSG00000241679,4
ENSG00000174930,0
ENSG00000242370,0
ENSG00000239412,0
ENSG00000240216,0
ENSG00000249820,0
ENSG00000240012,0
ENSG00000163590,4442
ENSG00000031081,1212
ENSG00000047457,33
ENSG00000240766,0
ENSG00000173193,589
ENSG00000239265,5
ENSG00000159685,620
ENSG00000287688,8
ENSG00000282860,0
ENSG00000242537,0
ENSG00000163762,738
ENSG00000243733,0
ENSG00000241636,0
ENSG00000240354,4
ENSG00000242104,0
ENSG00000249305,0
ENSG00000243154,0
ENSG00000163630,50
ENSG00000280397,0
ENSG00000241048,0
ENSG00000239941,0
ENSG00000241397,0
ENSG00000279147,0
ENSG00000239207,0
ENSG00000241792,0
ENSG00000242671,2
ENSG00000114771,0
ENSG00000169255,132
ENSG00000244429,0
ENSG00000158092,2603
ENSG00000114200,2924
ENSG00000197953,0
ENSG00000239408,0
ENSG00000244040,4
ENSG00000242456,0
ENSG00000288585,0
ENSG00000114790,1563
ENSG00000242036,0
ENSG00000242795,0
ENSG00000244493,0
ENSG00000240804,0
ENSG00000240695,6
ENSG00000244468,0
ENSG00000244571,0
ENSG00000169908,4884
ENSG00000224831,38
ENSG00000244545,0
ENSG00000286714,0
ENSG00000241220,0
ENSG00000248374,0
ENSG00000286994,0
ENSG00000242440,0
ENSG00000206120,48
ENSG00000249417,0
ENSG00000249290,0
ENSG00000240704,0
ENSG00000221962,0
ENSG00000239227,2
ENSG00000241929,0
ENSG00000287916,2
ENSG00000241912,3
ENSG00000241168,0
ENSG00000234717,0
ENSG00000181804,118
ENSG00000224962,2
ENSG00000181788,1246
ENSG00000241874,0
ENSG00000114670,24
ENSG00000272797,0
ENSG00000242151,0
ENSG00000248710,0
ENSG00000231688,0
ENSG00000239513,0
ENSG00000121858,34
ENSG00000241369,0
ENSG00000244321,0
ENSG00000288087,0
ENSG00000240824,0
ENSG00000244650,0
ENSG00000239351,0
ENSG00000248772,0
ENSG00000242321,0
ENSG00000173889,2326
ENSG00000155893,2185
ENSG00000168917,397
ENSG00000240792,0
ENSG00000237501,0
ENSG00000244024,0
ENSG00000075420,9932
ENSG00000230497,0
ENSG00000244515,19
ENSG00000241767,0
ENSG00000090402,0
ENSG00000163584,2091
ENSG00000144962,0
ENSG00000241479,0
ENSG00000231384,0
ENSG00000242326,0
ENSG00000069849,8588
ENSG00000261758,0
ENSG00000243822,0
ENSG00000242178,0
ENSG00000244381,0
ENSG00000285218,0
ENSG00000186329,0
ENSG00000279862,0
ENSG00000163645,2
ENSG00000163655,8836
ENSG00000287899,14
ENSG00000285557,0
ENSG00000220343,0
ENSG00000215606,0
ENSG00000236385,0
ENSG00000261146,0
ENSG00000223387,0
ENSG00000239774,5
ENSG00000225552,0
ENSG00000238026,0
ENSG00000241203,0
ENSG00000274149,0
ENSG00000132394,269
ENSG00000223715,0
ENSG00000240458,0
ENSG00000271052,0
ENSG00000163581,0
ENSG00000243044,0
ENSG00000272990,8
ENSG00000121871,0
ENSG00000251058,0
ENSG00000228221,2
ENSG00000233597,14
ENSG00000241383,0
ENSG00000169860,1242
ENSG00000241429,76
ENSG00000244738,0
ENSG00000230292,0
ENSG00000288104,0
ENSG00000239739,0
ENSG00000273177,0
ENSG00000214192,0
ENSG00000120742,12101
ENSG00000227440,0
ENSG00000249986,0
ENSG00000154310,1850
ENSG00000068885,1033
ENSG00000224611,0
ENSG00000241696,0
ENSG00000242268,0
ENSG00000241882,0
ENSG00000177694,412
ENSG00000226765,0
ENSG00000270321,0
ENSG00000260217,0
ENSG00000243832,0
ENSG00000285558,0
ENSG00000224426,0
ENSG00000242012,0
ENSG00000239205,0
ENSG00000237473,0
ENSG00000287012,0
ENSG00000273486,106
ENSG00000241899,0
ENSG00000213155,0
ENSG00000240084,0
ENSG00000236686,0
ENSG00000242908,0
ENSG00000238755,0
ENSG00000285051,0
ENSG00000213178,30
ENSG00000243885,0
ENSG00000181449,13083
ENSG00000235110,0
ENSG00000174953,7082
ENSG00000248724,23
ENSG00000205412,0
ENSG00000243072,0
ENSG00000226779,0
ENSG00000237978,0
ENSG00000085276,14
ENSG00000236241,0
ENSG00000073803,1361
ENSG00000241526,0
ENSG00000286003,0
ENSG00000286695,0
ENSG00000197415,124
ENSG00000138463,967
ENSG00000175040,642
ENSG00000241202,0
ENSG00000082684,518
ENSG00000231516,0
ENSG00000175054,2002
ENSG00000175077,47
ENSG00000235294,0
ENSG00000242097,0
ENSG00000288032,0
ENSG00000271711,0
ENSG00000285798,0
ENSG00000223941,0
ENSG00000243486,0
ENSG00000230362,0
ENSG00000169359,1510
ENSG00000213174,0
ENSG00000228561,0
ENSG00000243886,0
ENSG00000250170,0
ENSG00000270981,0
ENSG00000242816,0
ENSG00000279305,0
ENSG00000242479,0
ENSG00000240246,0
ENSG00000241098,0
ENSG00000243687,0
ENSG00000241810,0
ENSG00000206199,18
ENSG00000214210,0
ENSG00000241985,0
ENSG00000169903,0
ENSG00000242001,0
ENSG00000239805,0
ENSG00000236182,0
ENSG00000182000,0
ENSG00000121853,0
ENSG00000240033,0
ENSG00000244668,0
ENSG00000227709,0
ENSG00000230457,18
ENSG00000242510,0
ENSG00000174948,0
ENSG00000242561,0
ENSG00000163659,1650
ENSG00000229638,194
ENSG00000240068,0
ENSG00000241570,6
ENSG00000239978,0
ENSG00000243629,0
ENSG00000237787,0
ENSG00000236357,0
ENSG00000277241,0
ENSG00000271131,0
ENSG00000225473,1
ENSG00000226482,0
ENSG00000233885,0
ENSG00000240489,114
ENSG00000240497,18
ENSG00000241151,0
ENSG00000224855,0
ENSG00000157005,0
ENSG00000244564,2
ENSG00000158258,156
ENSG00000238077,0
ENSG00000286361,0
ENSG00000114796,9092
ENSG00000285619,0
ENSG00000136514,0
ENSG00000285938,0
ENSG00000243944,0
ENSG00000244503,0
ENSG00000241313,1
ENSG00000225742,6
ENSG00000144730,33406
ENSG00000138246,2487
ENSG00000244327,0
ENSG00000241101,0
ENSG00000275163,0
ENSG00000241671,0
ENSG00000236297,2
ENSG00000242017,0
ENSG00000223986,0
ENSG00000113924,6
ENSG00000242536,0
ENSG00000230115,0
ENSG00000163389,1576
ENSG00000179170,0
ENSG00000155890,0
ENSG00000058866,8
ENSG00000172578,0
ENSG00000241231,70
ENSG00000271413,0
ENSG00000230454,0
ENSG00000260234,0
ENSG00000228308,0
ENSG00000230215,0
ENSG00000240875,4
ENSG00000241947,0
ENSG00000239926,0
ENSG00000174912,0
ENSG00000163638,859
ENSG00000234594,0
ENSG00000176597,3995
ENSG00000240048,0
ENSG00000234805,0
ENSG00000224187,0
ENSG00000173905,3041
ENSG00000229863,0
ENSG00000235897,1
ENSG00000244265,0
ENSG00000224049,0
ENSG00000240596,0
ENSG00000238031,0
ENSG00000230077,0
ENSG00000152492,6957
ENSG00000114315,933
ENSG00000175066,478
ENSG00000213123,52
ENSG00000286086,0
ENSG00000113790,230
ENSG00000241770,0
ENSG00000261826,0
ENSG00000286624,0
ENSG00000198491,0
ENSG00000240541,4
ENSG00000163959,89
ENSG00000280270,0
ENSG00000236489,0
ENSG00000239381,0
ENSG00000145191,1388
ENSG00000051382,2091
ENSG00000228271,4
ENSG00000235126,0
ENSG00000144736,1347
ENSG00000214146,2
ENSG00000225058,0
ENSG00000198471,0
ENSG00000233308,3
ENSG00000236864,0
ENSG00000230401,0
ENSG00000276407,0
ENSG00000244541,0
ENSG00000228952,0
ENSG00000161217,1353
ENSG00000243861,0
ENSG00000233987,0
ENSG00000232874,0
ENSG00000186001,1434
ENSG00000241879,0
ENSG00000174013,2710
ENSG00000163915,0
ENSG00000237418,0
ENSG00000197099,0
ENSG00000235943,0
ENSG00000226345,0
ENSG00000244706,0
ENSG00000279891,0
ENSG00000225770,0
ENSG00000113916,91
ENSG00000163872,1962
ENSG00000163904,3574
ENSG00000161267,0
ENSG00000127252,118
ENSG00000253548,0
ENSG00000237167,0
ENSG00000238043,0
ENSG00000236412,0
ENSG00000283175,10
ENSG00000229912,0
ENSG00000229964,0
ENSG00000230102,4
ENSG00000225822,0
ENSG00000287073,0
ENSG00000163961,2156
ENSG00000273331,0
ENSG00000228028,0
ENSG00000286661,0
ENSG00000272989,0
ENSG00000234238,0
ENSG00000163958,0
ENSG00000239706,0
ENSG00000163900,872
ENSG00000180611,290
ENSG00000223812,0
ENSG00000224563,0
ENSG00000225240,0
ENSG00000090530,1826
ENSG00000287206,0
ENSG00000273013,6
ENSG00000185798,415
ENSG00000283765,0
ENSG00000272741,0
ENSG00000188001,22
ENSG00000237222,0
ENSG00000236508,0
ENSG00000214147,0
ENSG00000243518,0
ENSG00000163960,8603
ENSG00000242152,0
ENSG00000244268,0
ENSG00000240477,0
ENSG00000181092,0
ENSG00000127249,506
ENSG00000239508,0
ENSG00000242925,0
ENSG00000237483,0
ENSG00000224403,0
ENSG00000239212,0
ENSG00000205835,2
ENSG00000214097,0
ENSG00000214919,0
ENSG00000227971,0
ENSG00000241307,0
ENSG00000240601,0
ENSG00000243584,0
ENSG00000244405,16112
ENSG00000174928,7
ENSG00000249725,0
ENSG00000181467,3864
ENSG00000213358,0
ENSG00000284952,0
ENSG00000243321,6
ENSG00000234197,0
ENSG00000271682,0
ENSG00000286317,0
ENSG00000243033,0
ENSG00000182580,4166
ENSG00000243759,8
ENSG00000232130,0
ENSG00000239263,0
ENSG00000286856,0
ENSG00000163898,0
ENSG00000163577,956
ENSG00000242522,0
ENSG00000228804,0
ENSG00000236229,0
ENSG00000153283,56
ENSG00000239661,0
ENSG00000163714,5128
ENSG00000252017,0
ENSG00000223040,0
ENSG00000253081,0
ENSG00000207815,0
ENSG00000207163,0
ENSG00000263988,0
ENSG00000244169,0
ENSG00000271898,0
ENSG00000266745,0
ENSG00000212269,0
ENSG00000206728,0
ENSG00000281863,0
ENSG00000199815,0
ENSG00000238912,0
ENSG00000199927,0
ENSG00000201545,0
ENSG00000199577,0
ENSG00000283885,0
ENSG00000265376,0
ENSG00000276147,0
ENSG00000281710,0
ENSG00000206807,0
ENSG00000199609,2
ENSG00000212442,0
ENSG00000275090,0
ENSG00000222983,0
ENSG00000202175,0
ENSG00000201315,0
ENSG00000252700,0
ENSG00000207625,0
ENSG00000206645,2
ENSG00000199514,0
ENSG00000202268,4
ENSG00000252562,0
ENSG00000239105,0
ENSG00000210181,0
ENSG00000272543,0
ENSG00000252980,0
ENSG00000200222,0
ENSG00000283298,0
ENSG00000252828,0
ENSG00000244632,0
ENSG00000252449,0
ENSG00000252301,0
ENSG00000243957,0
ENSG00000252937,0
ENSG00000276890,0
ENSG00000239119,0
ENSG00000277592,0
ENSG00000223247,0
ENSG00000252420,0
ENSG00000238959,0
ENSG00000281426,0
ENSG00000212211,0
ENSG00000252184,0
ENSG00000283894,0
ENSG00000222934,0
ENSG00000202322,0
ENSG00000283367,0
ENSG00000212340,0
ENSG00000239250,0
ENSG00000207316,0
ENSG00000206939,0
ENSG00000212598,0
ENSG00000240964,0
ENSG00000200703,0
ENSG00000265193,0
ENSG00000265355,0
ENSG00000222389,0
ENSG00000266396,0
ENSG00000222574,0
ENSG00000275108,0
ENSG00000251773,0
ENSG00000265328,0
ENSG00000264897,0
ENSG00000252889,0
ENSG00000207954,0
ENSG00000221206,0
ENSG00000222490,0
ENSG00000265956,0
ENSG00000201065,0
ENSG00000207310,0
ENSG00000243359,0
ENSG00000241156,0
ENSG00000201922,0
ENSG00000275670,0
ENSG00000265433,0
ENSG00000200372,0
ENSG00000278072,0
ENSG00000274732,0
ENSG00000252965,6
ENSG00000252651,0
ENSG00000207940,0
ENSG00000201426,0
ENSG00000265253,0
ENSG00000221633,0
ENSG00000212344,0
ENSG00000202388,0
ENSG00000275067,0
ENSG00000276083,0
ENSG00000201288,0
ENSG00000206889,0
ENSG00000212556,0
ENSG00000284421,0
ENSG00000277635,0
ENSG00000200571,0
ENSG00000201325,0
ENSG00000252914,0
ENSG00000271922,0
ENSG00000201398,0
ENSG00000265813,0
ENSG00000200389,0
ENSG00000272020,0
ENSG00000272096,0
ENSG00000222778,0
ENSG00000206604,0
ENSG00000251751,0
ENSG00000251804,0
ENSG00000202125,0
ENSG00000201778,0
ENSG00000251759,0
ENSG00000207323,0
ENSG00000222357,0
ENSG00000222499,0
ENSG00000200052,0
ENSG00000201217,0
ENSG00000252581,0
ENSG00000238924,0
ENSG00000201800,0
ENSG00000207963,0
ENSG00000222506,0
ENSG00000207717,0
ENSG00000200162,0
ENSG00000200288,0
ENSG00000199858,0
ENSG00000252082,0
ENSG00000206777,0
ENSG00000242201,0
ENSG00000239093,0
ENSG00000201860,0
ENSG00000221251,0
ENSG00000283333,0
ENSG00000201229,0
ENSG00000207114,0
ENSG00000253020,0
ENSG00000202502,0
ENSG00000199986,0
ENSG00000212146,0
ENSG00000207156,0
ENSG00000199488,0
ENSG00000216058,0
ENSG00000200355,0
ENSG00000277118,0
ENSG00000252172,0
ENSG00000252302,0
ENSG00000253092,0
ENSG00000201458,0
ENSG00000264974,0
ENSG00000266317,0
ENSG00000251854,0
ENSG00000207370,6
ENSG00000199792,0
ENSG00000251730,0
ENSG00000201648,0
ENSG00000199363,0
ENSG00000201452,0
ENSG00000276074,0
ENSG00000276690,0
ENSG00000278026,0
ENSG00000199839,0
ENSG00000201810,0
ENSG00000222675,0
ENSG00000252336,0
ENSG00000206644,0
ENSG00000207651,0
ENSG00000241868,0
ENSG00000243339,0
ENSG00000243991,0
ENSG00000212489,0
ENSG00000243398,0
ENSG00000222335,0
ENSG00000144820,0
ENSG00000252989,0
ENSG00000243495,0
ENSG00000213431,0
ENSG00000201642,0
ENSG00000240521,0
ENSG00000163751,0
ENSG00000287198,8
ENSG00000241627,2
ENSG00000163754,2870
ENSG00000071794,1458
ENSG00000239718,0
ENSG00000201031,0
ENSG00000240511,0
ENSG00000163755,954
ENSG00000242049,0
ENSG00000244300,0
ENSG00000239405,0
ENSG00000286806,0
ENSG00000163902,14033
ENSG00000277250,0
ENSG00000242551,0
ENSG00000207130,0
ENSG00000239503,0
ENSG00000198685,0
ENSG00000241535,0
ENSG00000179021,3140
ENSG00000242159,0
ENSG00000232830,0
ENSG00000282978,19
ENSG00000201554,0
ENSG00000175841,0
ENSG00000081154,10398
ENSG00000242299,210
ENSG00000243396,0
ENSG00000252348,0
ENSG00000212319,0
ENSG00000201511,0
ENSG00000201121,0
ENSG00000231845,0
ENSG00000260633,8
ENSG00000214289,0
ENSG00000248377,0
ENSG00000214288,0
ENSG00000249691,0
ENSG00000174611,4
ENSG00000286982,0
ENSG00000253087,0
ENSG00000201413,0
ENSG00000232901,20
ENSG00000206567,156
ENSG00000229217,0
ENSG00000163705,0
ENSG00000254999,8378
ENSG00000287086,0
ENSG00000134070,46
ENSG00000272410,0
ENSG00000231177,8
ENSG00000157017,0
ENSG00000240288,8
ENSG00000276678,0
ENSG00000157020,3406
ENSG00000264534,0
ENSG00000224424,0
ENSG00000178537,398
ENSG00000221883,42
ENSG00000235236,2
ENSG00000223343,1
ENSG00000273211,0
ENSG00000178467,514
ENSG00000285416,0
ENSG00000178149,597
ENSG00000199032,0
ENSG00000178057,489
ENSG00000207605,0
ENSG00000272434,0
ENSG00000163661,763
ENSG00000286892,0
ENSG00000188817,0
ENSG00000224479,0
ENSG00000163634,1902
ENSG00000240549,0
ENSG00000280620,1
ENSG00000239653,36
ENSG00000271843,1
ENSG00000243410,0
ENSG00000272181,0
ENSG00000240912,0
ENSG00000241490,0
ENSG00000240487,0
ENSG00000181847,0
ENSG00000259976,0
ENSG00000284134,0
ENSG00000241560,2
ENSG00000242290,0
ENSG00000241295,0
ENSG00000264623,0
ENSG00000239946,0
ENSG00000240002,0
ENSG00000242767,5
ENSG00000244157,0
ENSG00000243969,0
ENSG00000243953,0
ENSG00000240666,0
ENSG00000241336,0
ENSG00000240045,0
ENSG00000242790,0
ENSG00000239443,0
ENSG00000076242,2559
ENSG00000092345,6
ENSG00000151090,0
ENSG00000172020,8398
ENSG00000174748,71513
ENSG00000169714,19143
ENSG00000154767,889
ENSG00000073792,1357
ENSG00000174255,0
ENSG00000144908,6
ENSG00000175193,218
ENSG00000163660,870
ENSG00000144959,640
ENSG00000170876,3000
ENSG00000180834,4
ENSG00000145107,0
ENSG00000198585,838
ENSG00000181744,8724
ENSG00000144840,2578
ENSG00000163380,17
ENSG00000242992,0
ENSG00000244232,0
ENSG00000239483,0
ENSG00000244065,0
ENSG00000243022,0
ENSG00000242062,0
ENSG00000261159,4
ENSG00000231305,10
ENSG00000250796,0
ENSG00000279507,0
ENSG00000163635,920
ENSG00000241669,0
ENSG00000169064,18
ENSG00000181458,370
ENSG00000250174,0
ENSG00000273123,0
ENSG00000207002,0
ENSG00000266383,0
ENSG00000240622,6
ENSG00000075785,9424
ENSG00000272166,0
ENSG00000275227,0
ENSG00000283971,0
ENSG00000238225,0
ENSG00000151092,1855
ENSG00000213872,12
ENSG00000213871,0
ENSG00000151093,6
ENSG00000230891,0
ENSG00000221120,0
ENSG00000214160,482
ENSG00000284753,42
ENSG00000284917,0
ENSG00000163888,166
ENSG00000175166,11696
ENSG00000114867,13254
ENSG00000212158,0
ENSG00000175182,593
ENSG00000114859,91
ENSG00000224153,0
ENSG00000283625,0
ENSG00000227509,0
ENSG00000200579,0
ENSG00000008226,2
ENSG00000231668,0
ENSG00000201965,0
ENSG00000060971,824
ENSG00000114354,4936
ENSG00000231243,0
ENSG00000206708,0
ENSG00000114742,3138
ENSG00000268324,0
ENSG00000241186,0
ENSG00000283877,0
ENSG00000286570,0
ENSG00000251967,0
ENSG00000178038,0
ENSG00000181585,0
ENSG00000206549,0
ENSG00000283706,0
ENSG00000261603,0
ENSG00000284672,0
ENSG00000286651,0
ENSG00000238013,0
ENSG00000226074,0
ENSG00000178055,0
ENSG00000160808,0
ENSG00000160801,10
ENSG00000273682,4
ENSG00000160796,114
ENSG00000236409,0
ENSG00000275940,0
ENSG00000229589,60
ENSG00000114739,2806
ENSG00000207512,0
ENSG00000230683,10
ENSG00000232439,9
ENSG00000240429,0
ENSG00000121864,3177
ENSG00000260743,34
ENSG00000171109,3146
ENSG00000114450,4924
ENSG00000242539,0
ENSG00000272699,0
ENSG00000239255,0
ENSG00000181260,6
ENSG00000136518,5165
ENSG00000272910,5
ENSG00000272660,0
ENSG00000136522,3191
ENSG00000239096,0
ENSG00000178772,0
ENSG00000172061,16
ENSG00000271483,0
ENSG00000252053,0
ENSG00000232873,0
ENSG00000272707,3
ENSG00000041802,1139
ENSG00000185112,284
ENSG00000134107,872
ENSG00000230182,0
ENSG00000224082,0
ENSG00000207283,0
ENSG00000237566,0
ENSG00000134108,5540
ENSG00000233912,0
ENSG00000268509,0
ENSG00000134109,1056
ENSG00000265180,0
ENSG00000241227,0
ENSG00000230944,0
ENSG00000287882,0
ENSG00000260670,0
ENSG00000244345,0
ENSG00000199469,0
ENSG00000239568,0
ENSG00000242568,0
ENSG00000242775,0
ENSG00000244586,60
ENSG00000242317,0
ENSG00000240777,0
ENSG00000281708,0
ENSG00000264013,0
ENSG00000200379,0
ENSG00000200238,0
ENSG00000180376,282
ENSG00000240265,0
ENSG00000240842,0
ENSG00000241667,0
ENSG00000241665,0
ENSG00000168356,30
ENSG00000177383,3463
ENSG00000229433,0
ENSG00000273403,92
ENSG00000272922,9
ENSG00000288576,0
ENSG00000187068,2059
ENSG00000223358,0
ENSG00000229704,0
ENSG00000264614,0
ENSG00000156931,2155
ENSG00000201957,0
ENSG00000196455,1771
ENSG00000222783,0
ENSG00000285631,0
ENSG00000232829,0
ENSG00000284095,0
ENSG00000250592,0
ENSG00000252894,0
ENSG00000249098,0
ENSG00000251579,0
ENSG00000250129,4
ENSG00000201550,0
ENSG00000163347,28
ENSG00000231047,0
ENSG00000113946,0
ENSG00000017260,6883
ENSG00000114126,3802
ENSG00000114405,0
ENSG00000168016,1057
ENSG00000172340,3495
ENSG00000187091,448
ENSG00000114850,16426
ENSG00000034533,17
ENSG00000163636,4428
ENSG00000114805,2767
ENSG00000018408,12990
ENSG00000144749,670
ENSG00000174963,331
ENSG00000090534,0
ENSG00000169251,5960
ENSG00000163947,416
ENSG00000114737,139
ENSG00000082996,4708
ENSG00000197885,1455
ENSG00000163785,5082
ENSG00000114735,359
ENSG00000072858,0
ENSG00000175455,1249
ENSG00000114395,78
ENSG00000114529,84
ENSG00000239620,0
ENSG00000091986,5335
ENSG00000134072,68
ENSG00000250151,0
ENSG00000269886,0
ENSG00000171135,1608
ENSG00000163701,2
ENSG00000283189,0
ENSG00000145020,0
ENSG00000145029,0
ENSG00000201301,0
ENSG00000226913,0
ENSG00000164061,412
ENSG00000235120,0
ENSG00000164062,3228
ENSG00000259970,0
ENSG00000164068,749
ENSG00000176020,0
ENSG00000173540,419
ENSG00000239576,0
ENSG00000230082,0
ENSG00000269982,41
ENSG00000187288,11
ENSG00000241993,0
ENSG00000244089,0
ENSG00000239128,0
ENSG00000114648,1252
ENSG00000280173,101
ENSG00000226652,0
ENSG00000207505,0
ENSG00000230951,0
ENSG00000156976,17872
ENSG00000263826,11
ENSG00000238942,0
ENSG00000200418,0
ENSG00000283958,0
ENSG00000221420,0
ENSG00000200320,0
ENSG00000263776,0
ENSG00000231724,0
ENSG00000232233,0
ENSG00000231982,0
ENSG00000242244,0
ENSG00000244578,0
ENSG00000183770,2
ENSG00000206262,0
ENSG00000206260,0
ENSG00000184814,0
ENSG00000233701,0
ENSG00000251137,0
ENSG00000232416,0
ENSG00000281473,0
ENSG00000276304,0
ENSG00000286988,0
ENSG00000272656,0
ENSG00000283418,0
ENSG00000114113,0
ENSG00000248790,0
ENSG00000178631,6
ENSG00000206721,0
ENSG00000240882,0
ENSG00000163428,7782
ENSG00000282950,0
ENSG00000242613,0
ENSG00000284121,0
ENSG00000237676,10
ENSG00000251224,0
ENSG00000213842,0
ENSG00000227337,4
ENSG00000206557,48
ENSG00000226642,0
ENSG00000157150,0
ENSG00000233026,0
ENSG00000236062,0
ENSG00000225026,0
ENSG00000200114,0
ENSG00000251774,6
ENSG00000274514,0
ENSG00000114209,2180
ENSG00000241120,0
ENSG00000163536,917
ENSG00000287319,0
ENSG00000239238,0
ENSG00000114698,92
ENSG00000243596,0
ENSG00000241358,0
ENSG00000279320,0
ENSG00000188313,380
ENSG00000199812,0
ENSG00000241457,0
ENSG00000276055,0
ENSG00000113810,4890
ENSG00000207779,0
ENSG00000198987,0
ENSG00000213186,1138
ENSG00000244009,0
ENSG00000238427,0
ENSG00000186432,8376
ENSG00000238741,10
ENSG00000229320,108
ENSG00000242285,0
ENSG00000179674,0
ENSG00000207084,0
ENSG00000260572,10
ENSG00000264119,0
ENSG00000083937,2096
ENSG00000239829,0
ENSG00000114251,803
ENSG00000183833,8
ENSG00000285585,0
ENSG00000239994,0
ENSG00000240471,0
ENSG00000239835,0
ENSG00000241546,0
ENSG00000244308,2
ENSG00000244139,0
ENSG00000233252,0
ENSG00000287707,2
ENSG00000114767,552
ENSG00000280422,0
ENSG00000180929,0
ENSG00000272762,0
ENSG00000114786,0
ENSG00000243989,3
ENSG00000162244,24374
ENSG00000285685,0
ENSG00000164086,307
ENSG00000164087,633
ENSG00000286419,0
ENSG00000242849,0
ENSG00000023330,1666
ENSG00000280003,0
ENSG00000173366,0
ENSG00000247596,516
ENSG00000164088,174
ENSG00000164091,15733
ENSG00000199150,0
ENSG00000168237,86
ENSG00000242797,17
ENSG00000207926,0
ENSG00000239557,12
ENSG00000163930,2573
ENSG00000288662,0
ENSG00000288667,0
ENSG00000223803,34
ENSG00000233565,0
ENSG00000163923,26
ENSG00000073849,4658
ENSG00000251448,0
ENSG00000287440,0
ENSG00000163884,130
ENSG00000249833,0
ENSG00000163885,7
ENSG00000279328,0
ENSG00000070476,689
ENSG00000159650,2
ENSG00000180697,0
ENSG00000201968,0
ENSG00000248557,0
ENSG00000198284,0
ENSG00000248850,0
ENSG00000249558,0
ENSG00000174004,4
ENSG00000201441,0
ENSG00000180370,18900
ENSG00000272359,10
ENSG00000206892,0
ENSG00000174007,364
ENSG00000242339,0
ENSG00000287273,0
ENSG00000175161,1920
ENSG00000264084,0
ENSG00000241648,0
ENSG00000239519,0
ENSG00000243915,0
ENSG00000201410,0
ENSG00000184432,8949
ENSG00000241461,0
ENSG00000172053,7090
ENSG00000284488,0
ENSG00000172037,3274
ENSG00000270441,21
ENSG00000177352,289
ENSG00000185909,1992
ENSG00000236980,0
ENSG00000163646,0
ENSG00000240303,21
ENSG00000274810,0
ENSG00000129048,8
ENSG00000251614,0
ENSG00000202071,0
ENSG00000203647,0
ENSG00000206759,0
ENSG00000241587,0
ENSG00000223783,0
ENSG00000235836,0
ENSG00000276489,0
ENSG00000286004,14
ENSG00000224614,3
ENSG00000239122,0
ENSG00000231443,3
ENSG00000286168,0
ENSG00000231464,3
ENSG00000228413,0
ENSG00000252174,0
ENSG00000088726,0
ENSG00000213943,0
ENSG00000272263,15
ENSG00000144713,25751
ENSG00000207496,0
ENSG00000250939,0
ENSG00000082701,10930
ENSG00000244062,0
ENSG00000285908,7
ENSG00000154917,888
ENSG00000288547,0
ENSG00000270538,0
ENSG00000225399,0
ENSG00000188315,79
ENSG00000199546,0
ENSG00000264633,0
ENSG00000114316,1876
ENSG00000235908,0
ENSG00000272774,0
ENSG00000242618,0
ENSG00000222838,0
ENSG00000241537,0
ENSG00000145014,64
ENSG00000145194,0
ENSG00000090097,1442
ENSG00000114346,7340
ENSG00000114127,2630
ENSG00000121577,12
ENSG00000138495,538
ENSG00000007402,551
ENSG00000177479,2462
ENSG00000129055,5390
ENSG00000114019,1928
ENSG00000114544,769
ENSG00000144868,1092
ENSG00000221955,218
ENSG00000198836,8209
ENSG00000175697,6
ENSG00000169282,248
ENSG00000163320,14671
ENSG00000288654,0
ENSG00000175105,1287
ENSG00000221059,0
ENSG00000183873,0
ENSG00000073282,0
ENSG00000127241,4914
ENSG00000252641,4
ENSG00000201394,0
ENSG00000091513,126
ENSG00000174640,0
ENSG00000243977,0
ENSG00000243799,0
ENSG00000244302,0
ENSG00000287645,0
ENSG00000242728,0
ENSG00000242120,0
ENSG00000287669,0
ENSG00000153002,0
ENSG00000144891,76
ENSG00000244161,0
ENSG00000283148,0
ENSG00000283511,0
ENSG00000163687,0
ENSG00000163686,1348
ENSG00000163684,429
ENSG00000273493,0
ENSG00000168297,840
ENSG00000275607,0
ENSG00000168291,3246
ENSG00000272182,0
ENSG00000114757,6
ENSG00000201822,0
ENSG00000282327,0
ENSG00000213158,0
ENSG00000239880,0
ENSG00000136521,2229
ENSG00000288698,0
ENSG00000058056,2563
ENSG00000196549,2
ENSG00000255154,0
ENSG00000234548,0
ENSG00000224406,0
ENSG00000226859,0
ENSG00000213139,153
ENSG00000113838,993
ENSG00000283149,0
ENSG00000283390,0
ENSG00000145192,14
ENSG00000275696,0
ENSG00000090512,2
ENSG00000113905,0
ENSG00000225175,0
ENSG00000226724,0
ENSG00000225310,0
ENSG00000237990,0
ENSG00000091181,0
ENSG00000253049,0
ENSG00000067560,17332
ENSG00000177646,1380
ENSG00000249505,0
ENSG00000169704,0
ENSG00000172780,18
ENSG00000261796,0
ENSG00000273174,2
ENSG00000240682,413
ENSG00000273437,2
ENSG00000230530,0
ENSG00000279017,34
ENSG00000285788,4
ENSG00000236930,0
ENSG00000172215,6
ENSG00000226933,0
ENSG00000251727,0
ENSG00000184500,2924
ENSG00000201339,0
ENSG00000200366,0
ENSG00000239614,0
ENSG00000178750,0
ENSG00000178700,525
ENSG00000178694,1110
ENSG00000242457,8
ENSG00000169379,1150
ENSG00000235787,0
ENSG00000114812,0
ENSG00000232354,0
ENSG00000093183,3007
ENSG00000008324,804
ENSG00000287629,0
ENSG00000240203,0
ENSG00000157119,0
ENSG00000010282,0
ENSG00000285539,0
ENSG00000230970,0
ENSG00000244607,0
ENSG00000280571,0
ENSG00000287417,0
ENSG00000173811,10
ENSG00000181061,5518
ENSG00000235288,0
ENSG00000144648,6
ENSG00000180432,0
ENSG00000236459,0
ENSG00000114853,440
ENSG00000173389,0
ENSG00000224792,0
ENSG00000184345,0
ENSG00000241789,0
ENSG00000235455,0
ENSG00000214681,0
ENSG00000041880,36
ENSG00000216135,0
ENSG00000283036,0
ENSG00000178917,63
ENSG00000214825,0
ENSG00000277509,0
ENSG00000196345,212
ENSG00000144792,1501
ENSG00000186448,2321
ENSG00000233509,24
ENSG00000169981,706
ENSG00000272077,281
ENSG00000235805,0
ENSG00000185313,0
ENSG00000131375,2362
ENSG00000224660,63
ENSG00000131370,298
ENSG00000201162,0
ENSG00000226427,0
ENSG00000206562,964
ENSG00000144597,2626
ENSG00000206926,0
ENSG00000249786,9
ENSG00000206561,2
ENSG00000263573,0
ENSG00000288077,0
ENSG00000241064,0
ENSG00000131373,677
ENSG00000264354,0
ENSG00000279465,0
ENSG00000263740,0
ENSG00000012171,4
ENSG00000283848,0
ENSG00000179564,0
ENSG00000186792,75
ENSG00000243477,57
ENSG00000237653,0
ENSG00000232353,0
ENSG00000287178,0
ENSG00000222583,0
ENSG00000231383,0
ENSG00000230126,0
ENSG00000226709,0
ENSG00000238902,0
ENSG00000200184,0
ENSG00000090520,2655
ENSG00000154743,856
ENSG00000288679,0
ENSG00000164050,2254
ENSG00000164051,503
ENSG00000232112,1838
ENSG00000244380,6
ENSG00000213689,0
ENSG00000114268,434
ENSG00000278799,0
ENSG00000145040,0
ENSG00000284251,0
ENSG00000010256,4045
ENSG00000183396,0
ENSG00000225697,150
ENSG00000284364,0
ENSG00000008300,1300
ENSG00000284575,0
ENSG00000213672,300
ENSG00000228350,6
ENSG00000271973,0
ENSG00000068745,4164
ENSG00000114270,22
ENSG00000075975,907
ENSG00000172667,16882
ENSG00000200616,0
ENSG00000229102,0
ENSG00000121879,1857
ENSG00000241553,2531
ENSG00000163964,2260
ENSG00000197763,675
ENSG00000179097,0
ENSG00000114779,143
ENSG00000239732,0
ENSG00000163918,1232
ENSG00000180044,10
ENSG00000232382,0
ENSG00000144681,32
ENSG00000198398,0
ENSG00000231213,4
ENSG00000144852,0
ENSG00000113889,0
ENSG00000234325,0
ENSG00000235947,0
ENSG00000275981,0
ENSG00000010319,8
ENSG00000114854,2
ENSG00000010322,3457
ENSG00000114841,40
ENSG00000076201,1227
ENSG00000276925,0
ENSG00000163832,1141
ENSG00000271161,6
ENSG00000244732,0
ENSG00000114646,1600
ENSG00000214773,0
ENSG00000235695,0
ENSG00000239716,0
ENSG00000241723,0
ENSG00000277143,0
ENSG00000243314,0
ENSG00000243150,2
ENSG00000243025,0
ENSG00000243165,0
ENSG00000174891,1027
ENSG00000113971,153
ENSG00000132153,2689
ENSG00000274420,0
ENSG00000221585,0
ENSG00000199591,0
ENSG00000224895,0
ENSG00000270285,0
ENSG00000265078,0
ENSG00000236768,0
ENSG00000164045,2114
ENSG00000235627,0
ENSG00000253056,0
ENSG00000231884,2
ENSG00000265483,0
ENSG00000164047,0
ENSG00000164048,1006
ENSG00000229759,0
ENSG00000199476,2
ENSG00000172113,751
ENSG00000228638,0
ENSG00000252466,0
ENSG00000164049,7
ENSG00000277483,0
ENSG00000164053,491
ENSG00000280053,0
ENSG00000114554,2400
ENSG00000242390,0
ENSG00000252745,0
ENSG00000120756,684
ENSG00000239641,0
ENSG00000199319,0
ENSG00000251787,0
ENSG00000163710,426
ENSG00000240950,14
ENSG00000188582,159
ENSG00000241592,0
ENSG00000272477,0
ENSG00000236570,12
ENSG00000251761,0
ENSG00000081307,2426
ENSG00000232535,0
ENSG00000163719,1058
ENSG00000287878,0
ENSG00000249225,0
ENSG00000248365,0
ENSG00000231192,0
ENSG00000236032,0
ENSG00000249321,0
ENSG00000249975,0
ENSG00000248507,0
ENSG00000187900,0
ENSG00000230301,0
ENSG00000156983,690
ENSG00000011376,2028
ENSG00000232455,5
ENSG00000144791,567
ENSG00000229515,0
ENSG00000163823,16
ENSG00000236736,0
ENSG00000121807,0
ENSG00000121797,0
ENSG00000283646,0
ENSG00000283473,0
ENSG00000288717,0
ENSG00000288703,0
ENSG00000183625,0
ENSG00000288724,0
ENSG00000012223,0
ENSG00000163825,0
ENSG00000163827,0
ENSG00000288718,0
ENSG00000163703,20
ENSG00000132170,8
ENSG00000286531,0
ENSG00000272886,2520
ENSG00000274967,0
ENSG00000207109,0
ENSG00000212608,0
ENSG00000227224,0
ENSG00000251987,0
ENSG00000271916,0
ENSG00000016391,86
ENSG00000056736,292
ENSG00000271976,452
ENSG00000113812,3174
ENSG00000144554,1989
ENSG00000276656,0
ENSG00000252751,0
ENSG00000260391,0
ENSG00000114491,2077
ENSG00000265981,0
ENSG00000242199,0
ENSG00000082781,6747
ENSG00000244286,0
ENSG00000280042,0
ENSG00000276626,0
ENSG00000243986,0
ENSG00000173702,0
ENSG00000288713,0
ENSG00000270772,0
ENSG00000213509,0
ENSG00000136068,3300
ENSG00000160145,914
ENSG00000240902,0
ENSG00000064835,0
ENSG00000284624,10
ENSG00000284660,0
ENSG00000272840,0
ENSG00000239804,0
ENSG00000221737,0
ENSG00000242229,0
ENSG00000287617,0
ENSG00000241346,0
ENSG00000241288,16
ENSG00000241278,0
ENSG00000248787,0
ENSG00000241439,0
ENSG00000114547,0
ENSG00000248607,0
ENSG00000242103,0
ENSG00000287022,0
ENSG00000051341,538
ENSG00000242445,18
ENSG00000186103,0
ENSG00000163833,0
ENSG00000235830,3
ENSG00000254485,0
ENSG00000214041,0
ENSG00000134077,2322
ENSG00000156959,54
ENSG00000235338,0
ENSG00000068028,124
ENSG00000053524,20
ENSG00000214706,678
ENSG00000152601,5564
ENSG00000163515,0
ENSG00000231861,0
ENSG00000144671,0
ENSG00000170044,34
ENSG00000225526,0
ENSG00000171148,3282
ENSG00000144644,0
ENSG00000172969,0
ENSG00000150995,879
ENSG00000154928,1700
ENSG00000145012,3968
ENSG00000114654,56
ENSG00000172995,125
ENSG00000145041,2918
ENSG00000144857,3683
ENSG00000177311,1698
ENSG00000164080,2375
ENSG00000163946,2392
ENSG00000114124,0
ENSG00000131389,290
ENSG00000188729,0
ENSG00000206560,1679
ENSG00000163539,5420
ENSG00000168386,58
ENSG00000181789,5705
ENSG00000278658,0
ENSG00000286729,8
ENSG00000183624,1558
ENSG00000206417,161
ENSG00000248916,0
ENSG00000270492,0
ENSG00000270773,4
ENSG00000244932,8
ENSG00000207088,0
ENSG00000172771,24
ENSG00000129071,878
ENSG00000163914,0
ENSG00000178804,0
ENSG00000004399,312
ENSG00000239437,0
ENSG00000248659,0
ENSG00000182923,348
ENSG00000088727,336
ENSG00000199994,0
ENSG00000174946,0
ENSG00000174944,0
ENSG00000239570,0
ENSG00000286273,0
ENSG00000138271,0
ENSG00000181631,0
ENSG00000169313,0
ENSG00000242810,0
ENSG00000242119,0
ENSG00000264330,0
ENSG00000152580,18
ENSG00000160799,1047
ENSG00000173769,0
ENSG00000271937,0
ENSG00000179152,2255
ENSG00000225873,0
ENSG00000265470,0
ENSG00000136527,11479
ENSG00000244203,7
ENSG00000221264,0
ENSG00000274387,0
ENSG00000242094,0
ENSG00000277855,0
ENSG00000270562,12
ENSG00000272087,0
ENSG00000118849,4
ENSG00000118855,1924
ENSG00000240207,1
ENSG00000243675,0
ENSG00000271778,0
ENSG00000272247,0
ENSG00000232374,0
ENSG00000279311,0
ENSG00000214216,0
ENSG00000263634,0
ENSG00000244249,0
ENSG00000286913,0
ENSG00000243116,0
ENSG00000241211,0
ENSG00000252763,0
ENSG00000151967,235
ENSG00000242107,0
ENSG00000114861,834
ENSG00000175110,1201
ENSG00000278234,0
ENSG00000243550,0
ENSG00000286501,0
ENSG00000144895,5498
ENSG00000199075,0
ENSG00000136059,0
ENSG00000261167,256
ENSG00000114686,6861
ENSG00000249020,3
ENSG00000248468,4
ENSG00000248530,0
ENSG00000251447,0
ENSG00000265859,0
ENSG00000240854,4
ENSG00000242899,4
ENSG00000196353,170
ENSG00000243188,0
ENSG00000241634,35
ENSG00000202379,0
ENSG00000276763,0
ENSG00000145198,0
ENSG00000173421,0
ENSG00000144821,36
ENSG00000073111,3202
ENSG00000114631,2430
ENSG00000114626,48
ENSG00000287143,0
ENSG00000187715,0
ENSG00000201210,0
ENSG00000222627,0
ENSG00000239608,0
ENSG00000074416,62
ENSG00000180353,0
ENSG00000243544,0
ENSG00000222057,0
ENSG00000173226,974
ENSG00000145088,132
ENSG00000163406,1474
ENSG00000178732,2
ENSG00000065534,321
ENSG00000249993,0
ENSG00000214301,0
ENSG00000272832,0
ENSG00000250983,0
ENSG00000201827,0
ENSG00000091527,11970
ENSG00000163781,2914
ENSG00000229453,0
ENSG00000168779,16
ENSG00000187527,0
ENSG00000169855,6326
ENSG00000163632,0
ENSG00000233412,0
ENSG00000197584,31
ENSG00000196220,5970
ENSG00000144550,0
ENSG00000185219,2141
ENSG00000114857,1254
ENSG00000198843,6684
ENSG00000155903,704
ENSG00000075651,132
ENSG00000183662,2
ENSG00000113811,2908
ENSG00000114650,1735
ENSG00000164054,4380
ENSG00000154781,745
ENSG00000010318,51
ENSG00000178252,4530
ENSG00000163931,10583
ENSG00000248487,123
ENSG00000180767,0
ENSG00000163507,2226
ENSG00000113851,1365
ENSG00000242364,0
ENSG00000242741,0
ENSG00000278554,0
ENSG00000239454,0
ENSG00000223738,0
ENSG00000213452,0
ENSG00000113805,183
ENSG00000241022,0
ENSG00000242638,0
ENSG00000266780,0
ENSG00000287398,0
ENSG00000213300,101
ENSG00000228868,0
ENSG00000249253,0
ENSG00000197980,0
ENSG00000144843,22
ENSG00000174844,10
ENSG00000163882,1415
ENSG00000182973,1273
ENSG00000173531,3
ENSG00000188958,4
ENSG00000144741,919
ENSG00000206760,0
ENSG00000202363,0
ENSG00000286781,0
ENSG00000285885,0
ENSG00000230757,0
ENSG00000168314,0
ENSG00000144893,567
ENSG00000181555,3096
ENSG00000178084,0
ENSG00000233576,0
ENSG00000207351,0
ENSG00000238020,0
ENSG00000186038,0
ENSG00000205955,0
ENSG00000273181,0
ENSG00000272721,0
ENSG00000228205,46
ENSG00000161204,1095
ENSG00000168137,4085
ENSG00000234371,2
ENSG00000263932,1
ENSG00000233441,0
ENSG00000114770,1100
ENSG00000223882,0
ENSG00000223529,42
ENSG00000186090,0
ENSG00000161202,3796
ENSG00000161203,10611
ENSG00000270141,0
ENSG00000277925,0
ENSG00000184378,0
ENSG00000269889,0
ENSG00000085274,1164
ENSG00000269984,0
ENSG00000171757,63
ENSG00000270135,0
ENSG00000270096,0
ENSG00000114248,0
ENSG00000240128,0
ENSG00000187033,0
ENSG00000244039,0
ENSG00000239219,2
ENSG00000244193,0
ENSG00000008952,10299
ENSG00000240373,0
ENSG00000173890,6
ENSG00000201342,0
ENSG00000242583,0
ENSG00000188306,0
ENSG00000164081,786
ENSG00000288063,0
ENSG00000201595,0
ENSG00000164082,42
ENSG00000214686,0
ENSG00000230732,0
ENSG00000114503,7764
ENSG00000225578,0
ENSG00000270170,471
ENSG00000119227,62
ENSG00000286017,1
ENSG00000233487,0
ENSG00000163602,6242
ENSG00000196428,1878
ENSG00000206384,0
ENSG00000273328,0
ENSG00000273291,0
ENSG00000182983,0
ENSG00000206552,0
ENSG00000232375,0
ENSG00000227245,0
ENSG00000285766,0
ENSG00000163788,903
ENSG00000241939,0
ENSG00000234617,14
ENSG00000251811,0
ENSG00000223916,0
ENSG00000144649,74
ENSG00000196639,10
ENSG00000285906,0
ENSG00000213964,0
ENSG00000197548,804
ENSG00000226621,0
ENSG00000235240,0
ENSG00000270531,0
ENSG00000144560,3791
ENSG00000271716,0
ENSG00000272483,0
ENSG00000228791,0
ENSG00000265028,0
ENSG00000233544,0
ENSG00000244404,0
ENSG00000201713,0
ENSG00000213877,0
ENSG00000201962,0
ENSG00000229421,0
ENSG00000077092,34
ENSG00000249474,0
ENSG00000287682,0
ENSG00000214407,0
ENSG00000202177,0
ENSG00000241280,0
ENSG00000174173,3386
ENSG00000133657,7483
ENSG00000244675,0
ENSG00000244730,0
ENSG00000187492,0
ENSG00000185614,2
ENSG00000182179,49
ENSG00000283726,0
ENSG00000183763,357
ENSG00000164076,526
ENSG00000264706,0
ENSG00000234667,0
ENSG00000164078,0
ENSG00000230698,0
ENSG00000228008,0
ENSG00000164077,286
ENSG00000004534,1904
ENSG00000003756,1072
ENSG00000281691,0
ENSG00000235016,0
ENSG00000207922,0
ENSG00000114013,0
ENSG00000287977,0
ENSG00000036828,0
ENSG00000240236,0
ENSG00000121552,0
ENSG00000160124,963
ENSG00000114023,1582
ENSG00000196981,732
ENSG00000242531,0
ENSG00000114030,4711
ENSG00000275348,0
ENSG00000287207,0
ENSG00000138496,430
ENSG00000163840,583
ENSG00000173200,0
ENSG00000243918,0
ENSG00000125037,2482
ENSG00000144867,4573
ENSG00000244153,0
ENSG00000239445,0
ENSG00000249274,0
ENSG00000057019,17726
ENSG00000206712,0
ENSG00000207331,0
ENSG00000064225,34
ENSG00000163820,562
ENSG00000244119,29
ENSG00000224237,0
ENSG00000207251,0
ENSG00000287348,0
ENSG00000227523,0
ENSG00000230807,0
ENSG00000201033,0
ENSG00000163491,76
ENSG00000158234,2
ENSG00000151276,3847
ENSG00000144559,190
ENSG00000065371,0
ENSG00000033867,9035
ENSG00000163689,1
ENSG00000114656,176
ENSG00000163673,0
ENSG00000160791,0
ENSG00000170364,952
ENSG00000121570,4517
ENSG00000145022,716
ENSG00000070087,30409
ENSG00000179407,0
ENSG00000171121,22
ENSG00000288787,0
ENSG00000288979,2
ENSG00000288988,5
ENSG00000214145,1
ENSG00000289043,0
ENSG00000225764,16
ENSG00000225790,2
ENSG00000289385,1
ENSG00000189229,26
ENSG00000289641,0
ENSG00000286329,0
ENSG00000229155,0
ENSG00000238097,0
ENSG00000289118,0
ENSG00000250934,0
ENSG00000289420,0
ENSG00000289460,2
ENSG00000289358,0
ENSG00000239213,183
ENSG00000243273,0
ENSG00000289435,14
ENSG00000232065,4
ENSG00000243926,10
ENSG00000272758,22
ENSG00000289069,4
ENSG00000288794,0
ENSG00000288969,0
ENSG00000289507,38
ENSG00000288972,0
ENSG00000289233,0
ENSG00000289632,0
ENSG00000289504,22
ENSG00000289138,87
ENSG00000288780,0
ENSG00000289574,0
ENSG00000289134,0
ENSG00000240138,0
ENSG00000243838,0
ENSG00000196542,0
ENSG00000240567,0
ENSG00000269888,0
ENSG00000234851,2
ENSG00000182447,0
ENSG00000156990,634
ENSG00000228874,0
ENSG00000227578,0
ENSG00000177463,198
ENSG00000237645,0
ENSG00000289417,0
ENSG00000228213,0
ENSG00000252982,0
ENSG00000232601,0
ENSG00000213169,0
ENSG00000285614,0
ENSG00000183185,2
ENSG00000250750,0
ENSG00000231362,4
ENSG00000132182,2488
ENSG00000238138,0
ENSG00000223398,0
ENSG00000244502,0
ENSG00000163517,258
ENSG00000163520,2445
ENSG00000114204,0
ENSG00000234742,30
ENSG00000114473,306
ENSG00000199306,0
ENSG00000182899,25527
ENSG00000201622,0
ENSG00000286755,0
ENSG00000232832,0
ENSG00000212297,0
ENSG00000213113,0
ENSG00000236246,0
ENSG00000222792,0
ENSG00000230304,0
ENSG00000226008,0
ENSG00000185621,560
ENSG00000114745,1007
ENSG00000289446,0
ENSG00000119231,2041
ENSG00000163975,38
ENSG00000075711,4583
ENSG00000289396,10
ENSG00000265850,0
ENSG00000227375,0
ENSG00000286870,0
ENSG00000163746,0
ENSG00000226441,0
ENSG00000285731,0
ENSG00000231780,0
ENSG00000227309,0
ENSG00000271841,0
ENSG00000233133,0
ENSG00000286352,0
ENSG00000213383,0
ENSG00000214286,0
ENSG00000226238,0
ENSG00000274840,6
ENSG00000131374,3382
ENSG00000201182,0
ENSG00000134086,727
ENSG00000157036,867
ENSG00000222883,0
ENSG00000240809,2
ENSG00000288793,0
ENSG00000199520,0
ENSG00000213450,0
ENSG00000287567,0
ENSG00000206891,0
ENSG00000212327,0
ENSG00000179348,0
ENSG00000163702,20
ENSG00000288550,0
ENSG00000232287,0
ENSG00000172752,0
ENSG00000173402,12746
ENSG00000280417,2
ENSG00000242142,10
ENSG00000163933,1198
ENSG00000163932,56
ENSG00000179934,0
ENSG00000228168,0
ENSG00000238267,0
ENSG00000223668,8
ENSG00000144659,2002
ENSG00000289279,0
ENSG00000284158,0
ENSG00000144655,668
ENSG00000284669,4
ENSG00000283849,8
ENSG00000214305,0
ENSG00000287620,8
ENSG00000168334,0
ENSG00000287995,0
ENSG00000215034,0
ENSG00000168329,0
ENSG00000270367,0
ENSG00000286689,12
ENSG00000131386,12
ENSG00000285654,0
ENSG00000154813,3818
ENSG00000154814,626
ENSG00000270739,0
ENSG00000271964,4
ENSG00000272498,10
ENSG00000272529,0
ENSG00000287377,0
ENSG00000224085,0
ENSG00000114120,6551
ENSG00000248773,0
ENSG00000251270,0
ENSG00000287155,0
ENSG00000241400,0
ENSG00000249540,0
ENSG00000163913,1219
ENSG00000201570,0
ENSG00000265327,0
ENSG00000202517,0
ENSG00000230274,0
ENSG00000168032,0
ENSG00000188846,33400
ENSG00000177873,172
ENSG00000177842,343
ENSG00000199906,0
ENSG00000172888,1259
ENSG00000234067,0
ENSG00000226845,0
ENSG00000226302,0
ENSG00000289169,0
ENSG00000229072,0
ENSG00000231873,0
ENSG00000234287,60
ENSG00000287415,0
ENSG00000233096,0
ENSG00000233919,0
ENSG00000275256,0
ENSG00000168036,35081
ENSG00000168038,254
ENSG00000252409,0
ENSG00000222942,0
ENSG00000223513,0
ENSG00000251986,0
ENSG00000212145,0
ENSG00000234270,0
ENSG00000235339,0
ENSG00000182606,1950
ENSG00000229339,0
ENSG00000234562,0
ENSG00000222872,0
ENSG00000187094,0
ENSG00000231280,0
ENSG00000229572,0
ENSG00000157093,0
ENSG00000244681,0
ENSG00000286516,0
ENSG00000271671,0
ENSG00000243547,38
ENSG00000278103,0
ENSG00000241815,0
ENSG00000199286,0
ENSG00000218754,0
ENSG00000241018,0
ENSG00000176243,0
ENSG00000286447,0
ENSG00000080224,20
ENSG00000251172,0
ENSG00000261292,0
ENSG00000282527,0
ENSG00000080200,729
ENSG00000279658,0
ENSG00000170854,1183
ENSG00000213439,0
ENSG00000196578,0
ENSG00000289078,0
ENSG00000289509,0
ENSG00000197938,0
ENSG00000196098,0
ENSG00000206536,0
ENSG00000244653,0
ENSG00000286962,0
ENSG00000157103,0
ENSG00000287964,0
ENSG00000163527,17167
ENSG00000144645,726
ENSG00000232490,0
ENSG00000223965,0
ENSG00000197385,40
ENSG00000235670,0
ENSG00000201701,0
ENSG00000252398,0
ENSG00000251590,0
ENSG00000152642,3650
ENSG00000236732,0
ENSG00000237433,0
ENSG00000270377,0
ENSG00000234737,0
ENSG00000242770,0
ENSG00000206531,0
ENSG00000289742,0
ENSG00000163606,2
ENSG00000272844,0
ENSG00000163607,1057
ENSG00000163608,3984
ENSG00000243483,0
ENSG00000241219,4
ENSG00000243795,10
ENSG00000240375,2
ENSG00000273394,0
ENSG00000184307,74
ENSG00000163617,45
ENSG00000270880,0
ENSG00000287805,0
ENSG00000285836,0
ENSG00000151576,2695
ENSG00000151577,0
ENSG00000172765,2023
ENSG00000202412,0
ENSG00000283509,0
ENSG00000203644,150
ENSG00000271270,341
ENSG00000250643,0
ENSG00000170893,2
ENSG00000248459,0
ENSG00000284731,0
ENSG00000249869,0
ENSG00000180770,0
ENSG00000251178,0
ENSG00000251610,0
ENSG00000248243,4
ENSG00000249846,8
ENSG00000248618,0
ENSG00000250580,0
ENSG00000287045,0
ENSG00000144935,496
ENSG00000168028,66134
ENSG00000061938,373
ENSG00000289747,0
ENSG00000289219,0
ENSG00000072274,8656
ENSG00000178053,1344
ENSG00000168827,3279
ENSG00000079257,126
ENSG00000072756,1559
ENSG00000169814,885
ENSG00000289750,0
ENSG00000131381,1445
ENSG00000241946,0
ENSG00000163728,786
ENSG00000284862,14
ENSG00000145075,0
ENSG00000243187,2
ENSG00000285336,0
ENSG00000242811,0
ENSG00000242068,0
ENSG00000241473,0
ENSG00000239516,0
ENSG00000213157,0
ENSG00000205981,1174
ENSG00000242140,0
ENSG00000206932,0
ENSG00000237806,0
ENSG00000114416,12732
ENSG00000114455,0
ENSG00000066405,8
ENSG00000272609,0
ENSG00000158163,59
ENSG00000240668,0
ENSG00000118017,0
ENSG00000286396,0
ENSG00000138231,1428
ENSG00000114098,2239
ENSG00000181322,32
ENSG00000071282,914
ENSG00000224884,0
ENSG00000125046,4
ENSG00000182533,4
ENSG00000180914,22
ENSG00000077097,22841
ENSG00000172936,38
ENSG00000173230,2832
ENSG00000244357,0
ENSG00000288720,6
ENSG00000163818,1492
ENSG00000201635,0
ENSG00000157014,540
ENSG00000289763,0
ENSG00000058262,18306
ENSG00000132155,2576
ENSG00000175093,818
ENSG00000184100,2
ENSG00000121542,626
ENSG00000273454,0
ENSG00000272678,0
ENSG00000173175,173
ENSG00000179796,1601
ENSG00000176040,106
ENSG00000090539,19
ENSG00000225558,0
ENSG00000199594,0
ENSG00000224080,7
ENSG00000271993,4
ENSG00000231449,0
ENSG00000271653,0
ENSG00000230409,44
ENSG00000222208,0
ENSG00000199327,0
ENSG00000264986,0
ENSG00000229048,0
ENSG00000243508,0
ENSG00000252953,0
ENSG00000287595,0
ENSG00000239268,130
ENSG00000225733,9698
ENSG00000182568,1580
ENSG00000163848,5068
ENSG00000168811,30
ENSG00000173950,2072
ENSG00000233303,0
ENSG00000265333,0
ENSG00000244314,0
ENSG00000206600,0
ENSG00000287005,0
ENSG00000114331,3355
ENSG00000229325,6
ENSG00000227433,0
ENSG00000207368,0
ENSG00000184203,6466
ENSG00000252620,0
ENSG00000223711,0
ENSG00000265882,0
ENSG00000236844,0
ENSG00000236425,0
ENSG00000189058,0
ENSG00000224769,0
ENSG00000113966,841
ENSG00000288029,0
ENSG00000242983,0
ENSG00000286353,0
ENSG00000157445,6
ENSG00000229806,0
ENSG00000265992,0
ENSG00000243715,0
ENSG00000144771,0
ENSG00000239991,0
ENSG00000243572,0
ENSG00000157388,2
ENSG00000232746,0
ENSG00000279673,116
ENSG00000246022,0
ENSG00000289828,0
ENSG00000289005,8
ENSG00000287706,0
ENSG00000288848,0
ENSG00000288926,22
ENSG00000288990,0
ENSG00000240057,40
ENSG00000243083,0
ENSG00000289500,0
ENSG00000288806,6
ENSG00000280739,50
ENSG00000289885,0
ENSG00000235831,36
ENSG00000272360,0
ENSG00000288996,0
ENSG00000223930,0
ENSG00000228956,22
ENSG00000289063,2
ENSG00000288769,0
ENSG00000289086,2
ENSG00000235978,3
ENSG00000261572,0
ENSG00000287774,0
ENSG00000231249,30
ENSG00000272554,0
ENSG00000239462,38
ENSG00000288952,0
ENSG00000243069,40
ENSG00000281392,0
ENSG00000223552,0
ENSG00000242242,138
ENSG00000289884,0
ENSG00000260236,4
ENSG00000285600,0
ENSG00000227398,131
ENSG00000270959,82
ENSG00000286585,0
ENSG00000242622,52
ENSG00000289315,0
ENSG00000289409,0
ENSG00000289971,10
ENSG00000243176,86
ENSG00000240006,0
ENSG00000243818,0
ENSG00000289324,8
ENSG00000240137,2
ENSG00000242516,16
ENSG00000224957,2
ENSG00000272970,554
ENSG00000289450,0
ENSG00000239523,36
ENSG00000244128,0
ENSG00000231574,0
ENSG00000289986,1
ENSG00000241684,7
ENSG00000224652,0
ENSG00000242808,4453
ENSG00000289524,0
ENSG00000241163,30
ENSG00000290001,0
ENSG00000232352,0
ENSG00000243422,41
ENSG00000286584,47
ENSG00000290021,0
ENSG00000229619,196
ENSG00000281160,0
ENSG00000290035,0
ENSG00000288700,0
ENSG00000289558,2
ENSG00000288868,38
ENSG00000241135,0
ENSG00000289331,0
ENSG00000290044,1
ENSG00000234076,2
ENSG00000228109,8
ENSG00000287158,6
ENSG00000290054,0
ENSG00000241472,20
ENSG00000174899,0
ENSG00000268129,0
ENSG00000239922,1525
ENSG00000246082,0
ENSG00000288895,0
ENSG00000206573,653
ENSG00000243224,4
ENSG00000230266,0
ENSG00000290076,0
ENSG00000289451,0
ENSG00000289153,0
ENSG00000231770,81
ENSG00000248932,148
ENSG00000229271,0
ENSG00000243694,0
ENSG00000290077,0
ENSG00000230084,32
ENSG00000289859,0
ENSG00000235257,0
ENSG00000289130,0
ENSG00000233058,32
ENSG00000288831,0
ENSG00000229334,11
ENSG00000290079,0
ENSG00000287042,0
ENSG00000241905,0
ENSG00000073711,2694
ENSG00000227267,0
ENSG00000273455,0
ENSG00000241438,0
ENSG00000244740,0
ENSG00000114054,3274
ENSG00000174579,2916
ENSG00000223968,0
ENSG00000271943,34
ENSG00000232766,0
ENSG00000272282,4
ENSG00000187672,72
ENSG00000163508,616
ENSG00000163817,3319
ENSG00000242512,12
ENSG00000252257,0
ENSG00000286453,0
ENSG00000240478,0
ENSG00000287605,0
ENSG00000261051,24
ENSG00000243415,0
ENSG00000240032,6
ENSG00000225611,0
ENSG00000290072,10
ENSG00000131368,312
ENSG00000290241,0
ENSG00000290242,0
ENSG00000287110,0
ENSG00000236869,4
ENSG00000214820,12
ENSG00000173706,19186
ENSG00000252642,0
ENSG00000288022,0
ENSG00000283154,157
ENSG00000163938,3483
ENSG00000280904,0
ENSG00000252787,0
ENSG00000212493,4
ENSG00000238862,0
ENSG00000222345,0
ENSG00000212452,0
ENSG00000016864,1665
ENSG00000114902,2315
ENSG00000114904,1639
ENSG00000275956,0
ENSG00000270941,0
ENSG00000271137,0
ENSG00000055957,8
ENSG00000055955,12
ENSG00000243696,0
ENSG00000239799,0
ENSG00000272573,0
ENSG00000248592,0
ENSG00000213533,26
ENSG00000275789,0
ENSG00000279144,0
ENSG00000289519,40
ENSG00000162267,0
ENSG00000287958,0
ENSG00000287780,0
ENSG00000168026,6
ENSG00000230655,0
ENSG00000244699,0
ENSG00000240665,0
ENSG00000242953,0
ENSG00000238278,14
ENSG00000272690,22
ENSG00000239959,0
ENSG00000243794,0
ENSG00000244674,0
ENSG00000214021,11
ENSG00000241529,0
ENSG00000176542,1408
ENSG00000121579,13176
ENSG00000239280,0
ENSG00000242659,0
ENSG00000178075,279
ENSG00000240776,0
ENSG00000241889,0
ENSG00000178035,94
ENSG00000290315,0
ENSG00000198218,3
ENSG00000240747,0
ENSG00000290317,0
ENSG00000289629,6
ENSG00000256628,16
ENSG00000066422,1926
ENSG00000288896,0
ENSG00000181722,1037
ENSG00000233276,699
ENSG00000290318,0
ENSG00000231888,0
ENSG00000231310,0
ENSG00000201343,0
ENSG00000200882,0
ENSG00000203645,0
ENSG00000236893,0
ENSG00000226782,0
ENSG00000252028,0
ENSG00000177565,10485
ENSG00000289929,0
ENSG00000282206,0
ENSG00000271662,6
ENSG00000229178,0
ENSG00000242086,67
ENSG00000215837,0
ENSG00000207650,0
ENSG00000283426,0
ENSG00000176945,2
ENSG00000145113,0
ENSG00000169760,2910
ENSG00000114115,10
ENSG00000214280,0
ENSG00000201600,0
ENSG00000244692,0
ENSG00000261763,0
ENSG00000250543,0
ENSG00000251471,0
ENSG00000250161,0
ENSG00000163864,0
ENSG00000289469,6
ENSG00000241673,0
ENSG00000289351,0
ENSG00000184897,1657
ENSG00000172046,1548
ENSG00000187098,452
ENSG00000014257,43
ENSG00000240890,2
ENSG00000213264,0
ENSG00000221015,0
ENSG00000285749,0
ENSG00000229972,0
ENSG00000144802,16
ENSG00000275340,0
ENSG00000290338,0
ENSG00000272710,0
ENSG00000290410,0
ENSG00000250271,0
ENSG00000290514,0
ENSG00000260261,0
ENSG00000290762,28
ENSG00000185485,0
ENSG00000290763,11
ENSG00000270409,0
ENSG00000290787,0
ENSG00000251090,0
ENSG00000290819,0
ENSG00000171658,0
ENSG00000290862,4
ENSG00000230524,0
ENSG00000232783,0
ENSG00000290936,0
ENSG00000236438,0
ENSG00000290937,0
ENSG00000251474,0
ENSG00000290993,52
ENSG00000215160,0
ENSG00000291007,0
ENSG00000242337,0
ENSG00000291042,12
ENSG00000171084,0
ENSG00000291071,14
ENSG00000240602,0
ENSG00000291076,0
ENSG00000186162,0
ENSG00000291078,50
ENSG00000253540,0
ENSG00000189366,0
ENSG00000291096,0
ENSG00000240024,2
ENSG00000291106,239
ENSG00000226435,0
ENSG00000291192,0
ENSG00000179799,0
ENSG00000291222,0
ENSG00000244026,0
ENSG00000291223,135
ENSG00000180385,0
ENSG00000275334,0
ENSG00000188338,221
ENSG00000114391,29092
ENSG00000144815,2608
ENSG00000047849,9692
ENSG00000212392,0
ENSG00000206918,0
ENSG00000239831,6
ENSG00000237186,0
ENSG00000202428,0
ENSG00000206815,0
ENSG00000287502,0
ENSG00000174840,3232
ENSG00000168374,16782
ENSG00000272146,0
ENSG00000210841,0
ENSG00000174839,1988
ENSG00000239801,0
ENSG00000241933,0
ENSG00000196653,387
ENSG00000186446,418
ENSG00000163807,2159
ENSG00000163808,976
ENSG00000284498,0
ENSG00000169964,36
ENSG00000235845,0
ENSG00000227123,0
ENSG00000075914,760
ENSG00000163815,0
ENSG00000252410,0
ENSG00000163810,0
ENSG00000157087,6
ENSG00000236999,0
ENSG00000224771,0
ENSG00000226567,14
ENSG00000230599,0
ENSG00000132164,0
ENSG00000185008,243
ENSG00000163812,2836
ENSG00000236380,0
ENSG00000151789,416
ENSG00000225542,0
ENSG00000223351,0
ENSG00000132967,792
ENSG00000290932,0
ENSG00000291281,0
ENSG00000182504,3510
ENSG00000239797,0
ENSG00000244358,0
ENSG00000240095,0
ENSG00000244652,0
ENSG00000286854,0
ENSG00000291293,0
ENSG00000242759,22
ENSG00000200610,0
ENSG00000288557,0
ENSG00000200361,0
ENSG00000239997,0
ENSG00000241787,0
ENSG00000239632,0
ENSG00000242214,0
ENSG00000242836,0
ENSG00000249580,0
ENSG00000243658,0
ENSG00000240034,0
ENSG00000250630,0
ENSG00000239586,0
ENSG00000240796,0
ENSG00000252626,0
ENSG00000286956,0
ENSG00000239455,8
ENSG00000243701,644
ENSG00000239828,2
ENSG00000241218,0
ENSG00000272597,0
ENSG00000138483,0
ENSG00000273125,0
ENSG00000114439,4023
ENSG00000240423,0
ENSG00000241469,0
ENSG00000279277,0
ENSG00000196776,7228
ENSG00000271856,0
ENSG00000289165,0
ENSG00000114279,208
ENSG00000290046,22
ENSG00000270194,22
ENSG00000144674,1250
ENSG00000114302,3556
ENSG00000152952,6574
ENSG00000173585,4
ENSG00000173578,0
ENSG00000211456,4918
ENSG00000114573,6888
ENSG00000163681,2065
ENSG00000226258,0
ENSG00000223719,0
ENSG00000196277,0
ENSG00000236152,0
ENSG00000237665,0
ENSG00000288030,0
ENSG00000236202,0
ENSG00000270207,6
ENSG00000144647,494
ENSG00000196083,3948
ENSG00000223117,0
ENSG00000228730,0
ENSG00000232610,0
ENSG00000223797,68
ENSG00000114784,1759
ENSG00000291315,0
ENSG00000240452,0
ENSG00000243257,0
ENSG00000153767,1804
ENSG00000213371,4
ENSG00000286827,0
ENSG00000243593,0
ENSG00000287366,0
ENSG00000270782,0
ENSG00000264477,0
ENSG00000243813,0
ENSG00000145087,162
ENSG00000199536,0
ENSG00000163558,2384
ENSG00000200118,0
ENSG00000239628,0
ENSG00000136603,5110
ENSG00000242578,0
ENSG00000013297,4
ENSG00000283474,0
ENSG00000013293,0
ENSG00000241416,0
ENSG00000010327,0
ENSG00000168268,6299
ENSG00000168273,228
ENSG00000252768,0
ENSG00000221518,0
ENSG00000163939,8303
ENSG00000114026,616
ENSG00000291091,166
ENSG00000213519,0
ENSG00000214135,0
ENSG00000249626,0
ENSG00000273308,0
ENSG00000286909,0
ENSG00000236833,0
ENSG00000287286,0
ENSG00000284146,0
ENSG00000122068,10323
ENSG00000273375,12
ENSG00000234136,0
ENSG00000145016,354
ENSG00000244199,0
ENSG00000244247,0
ENSG00000287941,26
ENSG00000228766,8
ENSG00000238837,0
ENSG00000243378,0
ENSG00000260377,0
ENSG00000240063,16
ENSG00000058063,3389
ENSG00000270554,0
ENSG00000273261,2
ENSG00000043093,5406
ENSG00000244346,0
ENSG00000078070,529
ENSG00000243368,0
ENSG00000078081,0
ENSG00000144712,148
ENSG00000289809,0
ENSG00000144711,2331
ENSG00000154175,10
ENSG00000188086,0
ENSG00000251287,0
ENSG00000291081,28
ENSG00000288111,0
ENSG00000163704,113
ENSG00000291224,43
ENSG00000174776,49
ENSG00000244227,2
ENSG00000174227,1198
ENSG00000205959,7
ENSG00000251292,0
ENSG00000286318,0
ENSG00000280310,0
ENSG00000250476,0
ENSG00000250039,12
ENSG00000248360,12
ENSG00000251595,74
ENSG00000249988,0
ENSG00000109667,2
ENSG00000248564,0
ENSG00000241612,2
ENSG00000251188,2
ENSG00000109606,12058
ENSG00000237350,61
ENSG00000272602,666
ENSG00000109625,0
ENSG00000249866,0
ENSG00000287081,0
ENSG00000251535,0
ENSG00000152953,12
ENSG00000250634,0
ENSG00000248343,0
ENSG00000284648,16
ENSG00000250896,10
ENSG00000163132,58
ENSG00000251252,0
ENSG00000273396,0
ENSG00000249252,5
ENSG00000242358,0
ENSG00000248238,0
ENSG00000250238,0
ENSG00000170891,0
ENSG00000155275,183
ENSG00000249799,0
ENSG00000249780,2
ENSG00000250321,2
ENSG00000272885,0
ENSG00000288589,0
ENSG00000275426,6
ENSG00000169676,0
ENSG00000250092,0
ENSG00000251152,0
ENSG00000250371,0
ENSG00000251689,0
ENSG00000169744,434
ENSG00000250611,0
ENSG00000251412,0
ENSG00000249995,0
ENSG00000251679,0
ENSG00000251271,2
ENSG00000249766,0
ENSG00000249443,0
ENSG00000215612,1
ENSG00000251434,0
ENSG00000248228,0
ENSG00000249564,0
ENSG00000249998,0
ENSG00000280650,0
ENSG00000205940,10
ENSG00000247624,1
ENSG00000152990,6709
ENSG00000268967,0
ENSG00000248338,0
ENSG00000242034,0
ENSG00000228154,0
ENSG00000250942,0
ENSG00000155269,0
ENSG00000251220,0
ENSG00000250098,0
ENSG00000242768,0
ENSG00000249828,0
ENSG00000284689,0
ENSG00000279379,0
ENSG00000248532,0
ENSG00000248364,0
ENSG00000260878,0
ENSG00000154274,153
ENSG00000109680,680
ENSG00000248227,0
ENSG00000242262,16
ENSG00000109819,355
ENSG00000248654,0
ENSG00000248851,0
ENSG00000248262,0
ENSG00000249452,0
ENSG00000248936,0
ENSG00000251210,0
ENSG00000145147,3024
ENSG00000185774,10
ENSG00000248417,0
ENSG00000283083,0
ENSG00000251430,0
ENSG00000249563,0
ENSG00000248425,0
ENSG00000250893,0
ENSG00000280043,0
ENSG00000244031,0
ENSG00000174343,0
ENSG00000249334,0
ENSG00000171476,54
ENSG00000091490,84992
ENSG00000249320,0
ENSG00000281016,0
ENSG00000249228,0
ENSG00000186777,28
ENSG00000250050,33
ENSG00000286212,0
ENSG00000182903,1310
ENSG00000251615,62
ENSG00000244538,12
ENSG00000169019,502
ENSG00000250884,0
ENSG00000248215,0
ENSG00000248302,0
ENSG00000109171,4590
ENSG00000131127,994
ENSG00000250243,0
ENSG00000288321,0
ENSG00000251186,0
ENSG00000248466,0
ENSG00000145247,26
ENSG00000268391,0
ENSG00000163694,202
ENSG00000248608,0
ENSG00000251630,0
ENSG00000181826,720
ENSG00000249045,0
ENSG00000242640,0
ENSG00000279464,1
ENSG00000280015,0
ENSG00000251080,0
ENSG00000249079,0
ENSG00000157796,974
ENSG00000248254,0
ENSG00000286141,0
ENSG00000250340,0
ENSG00000002587,12
ENSG00000250312,819
ENSG00000251635,0
ENSG00000287999,0
ENSG00000250190,0
ENSG00000248336,0
ENSG00000248515,0
ENSG00000269848,0
ENSG00000248685,0
ENSG00000263327,73
ENSG00000249235,0
ENSG00000250541,0
ENSG00000242197,0
ENSG00000286046,0
ENSG00000276507,0
ENSG00000248184,4
ENSG00000250892,6
ENSG00000249025,0
ENSG00000249453,0
ENSG00000287320,0
ENSG00000248281,0
ENSG00000240152,0
ENSG00000248176,0
ENSG00000251624,0
ENSG00000261761,0
ENSG00000248133,0
ENSG00000239983,0
ENSG00000250863,0
ENSG00000275250,0
ENSG00000249936,57
ENSG00000163288,4
ENSG00000250137,0
ENSG00000250425,0
ENSG00000145244,16
ENSG00000251385,0
ENSG00000250597,0
ENSG00000251516,0
ENSG00000134852,2366
ENSG00000087008,665
ENSG00000249882,0
ENSG00000242670,0
ENSG00000205830,0
ENSG00000250753,0
ENSG00000145241,644
ENSG00000250016,0
ENSG00000198277,0
ENSG00000250954,0
ENSG00000251329,0
ENSG00000287360,0
ENSG00000282904,0
ENSG00000248328,0
ENSG00000205678,0
ENSG00000251383,0
ENSG00000251539,0
ENSG00000251685,0
ENSG00000232471,0
ENSG00000249330,0
ENSG00000251334,4
ENSG00000279918,0
ENSG00000180673,20
ENSG00000250030,16
ENSG00000248300,0
ENSG00000280285,0
ENSG00000249892,0
ENSG00000251587,0
ENSG00000248660,0
ENSG00000248320,0
ENSG00000249441,0
ENSG00000248138,0
ENSG00000251410,0
ENSG00000249956,0
ENSG00000244099,0
ENSG00000270292,2
ENSG00000250333,0
ENSG00000271958,0
ENSG00000064042,2954
ENSG00000157765,38
ENSG00000250927,0
ENSG00000248545,0
ENSG00000243920,0
ENSG00000275959,0
ENSG00000249729,0
ENSG00000109181,0
ENSG00000248837,0
ENSG00000288073,0
ENSG00000250078,0
ENSG00000251055,0
ENSG00000286321,0
ENSG00000251048,0
ENSG00000248505,9
ENSG00000173597,0
ENSG00000248256,2
ENSG00000258507,0
ENSG00000250220,36
ENSG00000249763,0
ENSG00000249337,0
ENSG00000285998,0
ENSG00000251459,4
ENSG00000183783,37
ENSG00000248518,0
ENSG00000248956,0
ENSG00000251353,0
ENSG00000249893,0
ENSG00000270665,2
ENSG00000249699,0
ENSG00000198301,1681
ENSG00000287154,0
ENSG00000079557,0
ENSG00000250416,0
ENSG00000145309,0
ENSG00000237961,0
ENSG00000250656,8
ENSG00000250819,0
ENSG00000171201,0
ENSG00000249277,0
ENSG00000170516,0
ENSG00000286097,0
ENSG00000260918,0
ENSG00000249547,0
ENSG00000213759,0
ENSG00000138771,6638
ENSG00000250612,0
ENSG00000247810,0
ENSG00000145284,7705
ENSG00000251350,0
ENSG00000109787,3855
ENSG00000156269,0
ENSG00000173040,4
ENSG00000286784,0
ENSG00000189308,1148
ENSG00000251373,0
ENSG00000168152,784
ENSG00000248646,0
ENSG00000251427,0
ENSG00000244669,0
ENSG00000231442,0
ENSG00000196475,0
ENSG00000248744,0
ENSG00000170502,1238
ENSG00000249976,0
ENSG00000249890,0
ENSG00000231782,0
ENSG00000249111,0
ENSG00000249105,0
ENSG00000248946,0
ENSG00000249831,0
ENSG00000109208,0
ENSG00000035720,0
ENSG00000224560,0
ENSG00000249055,0
ENSG00000249413,0
ENSG00000145246,1846
ENSG00000248987,0
ENSG00000251325,0
ENSG00000251264,0
ENSG00000248543,0
ENSG00000286150,0
ENSG00000250006,0
ENSG00000248613,0
ENSG00000272626,0
ENSG00000250550,0
ENSG00000250064,0
ENSG00000248237,0
ENSG00000153802,0
ENSG00000186234,0
ENSG00000196616,0
ENSG00000074211,4
ENSG00000253170,0
ENSG00000135226,0
ENSG00000248641,0
ENSG00000251424,0
ENSG00000163138,1238
ENSG00000270480,4
ENSG00000171234,0
ENSG00000287174,0
ENSG00000249382,0
ENSG00000180613,38
ENSG00000248926,0
ENSG00000251529,0
ENSG00000251212,0
ENSG00000268736,0
ENSG00000248725,0
ENSG00000287375,0
ENSG00000172955,14
ENSG00000156140,3032
ENSG00000164038,349
ENSG00000224218,0
ENSG00000250169,0
ENSG00000251219,0
ENSG00000250696,0
ENSG00000286490,0
ENSG00000250775,0
ENSG00000248447,0
ENSG00000250922,0
ENSG00000169116,5140
ENSG00000268803,0
ENSG00000169836,0
ENSG00000251175,2
ENSG00000272856,0
ENSG00000251059,0
ENSG00000196472,0
ENSG00000270228,0
ENSG00000250740,0
ENSG00000250651,0
ENSG00000268209,0
ENSG00000248831,0
ENSG00000286664,0
ENSG00000153064,0
ENSG00000250858,0
ENSG00000251571,0
ENSG00000272304,0
ENSG00000286147,0
ENSG00000138678,30
ENSG00000248640,0
ENSG00000250735,0
ENSG00000249257,0
ENSG00000249392,0
ENSG00000263923,0
ENSG00000174796,628
ENSG00000250223,0
ENSG00000145354,3920
ENSG00000251149,0
ENSG00000164032,20134
ENSG00000248583,0
ENSG00000251087,0
ENSG00000169288,1664
ENSG00000145348,1585
ENSG00000248242,0
ENSG00000249264,302
ENSG00000138801,7879
ENSG00000251636,1
ENSG00000270842,0
ENSG00000282278,0
ENSG00000229565,0
ENSG00000250920,0
ENSG00000251170,0
ENSG00000251588,0
ENSG00000156096,0
ENSG00000138663,3142
ENSG00000248259,0
ENSG00000246774,8
ENSG00000251081,0
ENSG00000249614,0
ENSG00000248820,0
ENSG00000248488,0
ENSG00000233860,5
ENSG00000155011,50
ENSG00000248778,0
ENSG00000286291,0
ENSG00000236922,0
ENSG00000236699,5
ENSG00000249635,0
ENSG00000174808,26
ENSG00000164039,835
ENSG00000251577,0
ENSG00000174607,953
ENSG00000248144,0
ENSG00000213493,0
ENSG00000250772,0
ENSG00000138780,1628
ENSG00000251308,0
ENSG00000124875,0
ENSG00000253825,0
ENSG00000216425,0
ENSG00000174599,452
ENSG00000286637,0
ENSG00000230671,0
ENSG00000081051,16
ENSG00000250522,0
ENSG00000249171,0
ENSG00000244470,0
ENSG00000249985,0
ENSG00000249283,0
ENSG00000251339,0
ENSG00000251309,0
ENSG00000225094,0
ENSG00000138777,1858
ENSG00000214886,0
ENSG00000251463,0
ENSG00000251438,0
ENSG00000224062,0
ENSG00000250627,0
ENSG00000033178,4728
ENSG00000250185,0
ENSG00000237684,0
ENSG00000249465,12
ENSG00000173376,0
ENSG00000163116,25
ENSG00000250219,0
ENSG00000250363,0
ENSG00000287520,0
ENSG00000271302,0
ENSG00000245384,10
ENSG00000249717,0
ENSG00000213492,10
ENSG00000249885,0
ENSG00000249259,0
ENSG00000232398,0
ENSG00000236562,0
ENSG00000250149,0
ENSG00000164089,48
ENSG00000164037,1
ENSG00000249002,0
ENSG00000286269,0
ENSG00000135220,0
ENSG00000050730,0
ENSG00000138802,3014
ENSG00000249065,0
ENSG00000250693,0
ENSG00000215110,0
ENSG00000138674,8438
ENSG00000248763,0
ENSG00000286124,0
ENSG00000172403,12
ENSG00000213522,0
ENSG00000250484,0
ENSG00000171195,0
ENSG00000164099,7
ENSG00000287845,0
ENSG00000248590,2
ENSG00000138653,16
ENSG00000249534,14
ENSG00000270257,0
ENSG00000223605,0
ENSG00000248915,0
ENSG00000248547,0
ENSG00000250215,0
ENSG00000251005,0
ENSG00000286136,6
ENSG00000286891,0
ENSG00000250277,0
ENSG00000250183,0
ENSG00000248506,0
ENSG00000271053,0
ENSG00000005059,2205
ENSG00000251649,0
ENSG00000287924,0
ENSG00000249018,0
ENSG00000249311,0
ENSG00000288567,0
ENSG00000251326,0
ENSG00000198856,10229
ENSG00000109182,0
ENSG00000249942,0
ENSG00000242697,0
ENSG00000249965,0
ENSG00000248128,0
ENSG00000248565,0
ENSG00000251185,0
ENSG00000164100,52
ENSG00000287101,0
ENSG00000273716,62
ENSG00000150961,1776
ENSG00000223620,0
ENSG00000287290,0
ENSG00000248456,6
ENSG00000249036,0
ENSG00000248824,0
ENSG00000214988,0
ENSG00000250826,0
ENSG00000163114,0
ENSG00000213480,0
ENSG00000164109,6795
ENSG00000250442,0
ENSG00000250546,0
ENSG00000186867,0
ENSG00000287383,0
ENSG00000138814,3163
ENSG00000251498,0
ENSG00000154608,60
ENSG00000224932,0
ENSG00000250344,0
ENSG00000251228,0
ENSG00000261083,0
ENSG00000214904,0
ENSG00000286467,0
ENSG00000251492,0
ENSG00000250392,0
ENSG00000225665,0
ENSG00000109270,4242
ENSG00000109158,48
ENSG00000249795,0
ENSG00000205682,0
ENSG00000287748,0
ENSG00000251284,0
ENSG00000151012,4169
ENSG00000251236,0
ENSG00000248369,0
ENSG00000248282,0
ENSG00000124399,0
ENSG00000248847,0
ENSG00000249242,134
ENSG00000251523,0
ENSG00000279749,0
ENSG00000134853,948
ENSG00000250102,0
ENSG00000171199,0
ENSG00000254044,3
ENSG00000279481,0
ENSG00000249555,0
ENSG00000249416,0
ENSG00000280059,0
ENSG00000248877,0
ENSG00000249837,0
ENSG00000225455,0
ENSG00000250834,0
ENSG00000232327,0
ENSG00000251454,0
ENSG00000250213,0
ENSG00000164035,0
ENSG00000227304,0
ENSG00000250655,0
ENSG00000248491,0
ENSG00000248397,0
ENSG00000241411,0
ENSG00000250033,2
ENSG00000249735,0
ENSG00000287416,0
ENSG00000272777,40
ENSG00000287021,59
ENSG00000163285,0
ENSG00000214980,0
ENSG00000254535,94
ENSG00000250144,28
ENSG00000214559,0
ENSG00000145283,0
ENSG00000248749,0
ENSG00000251049,0
ENSG00000164066,3412
ENSG00000250193,0
ENSG00000250075,0
ENSG00000250293,0
ENSG00000248795,0
ENSG00000249727,0
ENSG00000249072,0
ENSG00000261166,0
ENSG00000251398,0
ENSG00000251199,0
ENSG00000241261,0
ENSG00000187758,8
ENSG00000249038,0
ENSG00000250791,0
ENSG00000251691,0
ENSG00000250698,0
ENSG00000151470,138
ENSG00000248448,0
ENSG00000286761,0
ENSG00000279016,0
ENSG00000250100,0
ENSG00000163631,0
ENSG00000248209,0
ENSG00000246876,0
ENSG00000249207,0
ENSG00000145358,10
ENSG00000226655,0
ENSG00000251687,0
ENSG00000151466,362
ENSG00000250828,0
ENSG00000249091,0
ENSG00000248802,0
ENSG00000138769,14
ENSG00000138639,70
ENSG00000138640,1174
ENSG00000070190,6
ENSG00000226439,0
ENSG00000249463,0
ENSG00000244004,0
ENSG00000249262,0
ENSG00000242431,0
ENSG00000138650,654
ENSG00000249012,0
ENSG00000250375,0
ENSG00000251022,1131
ENSG00000287841,6
ENSG00000250076,0
ENSG00000287542,0
ENSG00000170153,1268
ENSG00000287565,0
ENSG00000248510,0
ENSG00000279913,0
ENSG00000250919,0
ENSG00000248434,0
ENSG00000249764,0
ENSG00000249000,0
ENSG00000251266,0
ENSG00000109445,1349
ENSG00000248698,8
ENSG00000250403,4
ENSG00000272995,8
ENSG00000138641,10
ENSG00000272632,0
ENSG00000250341,0
ENSG00000059691,762
ENSG00000286888,0
ENSG00000251254,0
ENSG00000250977,0
ENSG00000213448,4
ENSG00000248191,0
ENSG00000250813,0
ENSG00000248307,0
ENSG00000250945,0
ENSG00000249960,0
ENSG00000249184,0
ENSG00000248715,0
ENSG00000251620,305
ENSG00000253917,0
ENSG00000248735,0
ENSG00000275647,0
ENSG00000251345,0
ENSG00000251056,0
ENSG00000287117,0
ENSG00000151962,2
ENSG00000251051,0
ENSG00000151623,2
ENSG00000251388,0
ENSG00000145425,49523
ENSG00000251567,0
ENSG00000287968,0
ENSG00000164124,40
ENSG00000248809,0
ENSG00000260244,0
ENSG00000236764,0
ENSG00000138764,9041
ENSG00000248165,0
ENSG00000249752,0
ENSG00000249247,0
ENSG00000249686,0
ENSG00000250038,0
ENSG00000286580,0
ENSG00000272727,0
ENSG00000250191,0
ENSG00000287210,0
ENSG00000248869,0
ENSG00000145428,30
ENSG00000164169,781
ENSG00000251455,0
ENSG00000251429,6
ENSG00000251511,4
ENSG00000250723,0
ENSG00000249708,0
ENSG00000250538,133
ENSG00000249847,0
ENSG00000251333,44
ENSG00000249041,0
ENSG00000249200,0
ENSG00000177432,1410
ENSG00000249710,0
ENSG00000280352,0
ENSG00000280140,0
ENSG00000234125,0
ENSG00000250205,0
ENSG00000250905,0
ENSG00000228489,0
ENSG00000271977,0
ENSG00000287072,0
ENSG00000151458,3661
ENSG00000249506,0
ENSG00000248988,0
ENSG00000250503,10
ENSG00000251113,0
ENSG00000271606,0
ENSG00000250141,0
ENSG00000251283,0
ENSG00000251440,0
ENSG00000227118,0
ENSG00000248387,0
ENSG00000250326,39
ENSG00000248113,0
ENSG00000077684,1705
ENSG00000250027,2
ENSG00000163629,3461
ENSG00000250082,0
ENSG00000248187,0
ENSG00000248420,0
ENSG00000251256,0
ENSG00000278981,0
ENSG00000260265,0
ENSG00000145451,0
ENSG00000248747,0
ENSG00000280711,0
ENSG00000251291,0
ENSG00000278943,18
ENSG00000250777,0
ENSG00000250769,0
ENSG00000248104,0
ENSG00000164117,998
ENSG00000286251,0
ENSG00000241281,0
ENSG00000249675,0
ENSG00000248480,0
ENSG00000251676,0
ENSG00000249297,0
ENSG00000248872,0
ENSG00000248958,0
ENSG00000270669,0
ENSG00000154447,2761
ENSG00000170390,4307
ENSG00000251488,0
ENSG00000287441,0
ENSG00000153147,13255
ENSG00000250354,0
ENSG00000251598,0
ENSG00000279703,0
ENSG00000250560,0
ENSG00000121210,2132
ENSG00000287292,0
ENSG00000250665,0
ENSG00000250126,0
ENSG00000286253,0
ENSG00000251249,0
ENSG00000145423,14
ENSG00000248574,0
ENSG00000251162,0
ENSG00000249542,0
ENSG00000270681,86
ENSG00000251061,0
ENSG00000248912,0
ENSG00000286558,0
ENSG00000251123,0
ENSG00000248208,2
ENSG00000249309,0
ENSG00000234111,0
ENSG00000168785,3178
ENSG00000249599,2
ENSG00000249275,0
ENSG00000163644,134
ENSG00000248921,0
ENSG00000286711,0
ENSG00000249419,0
ENSG00000251504,0
ENSG00000230219,0
ENSG00000052795,1762
ENSG00000164128,61
ENSG00000198498,2296
ENSG00000249568,0
ENSG00000251174,0
ENSG00000163110,7624
ENSG00000286862,0
ENSG00000250865,0
ENSG00000250131,0
ENSG00000248266,0
ENSG00000249770,0
ENSG00000121207,62
ENSG00000164118,1172
ENSG00000168556,480
ENSG00000248629,0
ENSG00000168843,43
ENSG00000249479,0
ENSG00000249883,0
ENSG00000251176,0
ENSG00000250192,0
ENSG00000249381,0
ENSG00000287948,0
ENSG00000250315,0
ENSG00000071205,152
ENSG00000250398,0
ENSG00000181359,6
ENSG00000249924,0
ENSG00000280005,0
ENSG00000249500,2
ENSG00000249411,0
ENSG00000250034,0
ENSG00000287424,0
ENSG00000174473,26
ENSG00000278974,89
ENSG00000248755,0
ENSG00000248907,0
ENSG00000249692,0
ENSG00000249367,0
ENSG00000164303,2
ENSG00000249951,0
ENSG00000248388,0
ENSG00000182552,1750
ENSG00000249513,0
ENSG00000251195,0
ENSG00000249004,0
ENSG00000280241,0
ENSG00000287144,0
ENSG00000251433,0
ENSG00000242318,0
ENSG00000164168,2431
ENSG00000250626,0
ENSG00000250726,2
ENSG00000250839,0
ENSG00000249386,0
ENSG00000287730,2
ENSG00000281627,0
ENSG00000164136,0
ENSG00000248376,0
ENSG00000249955,0
ENSG00000248305,0
ENSG00000248330,0
ENSG00000249462,0
ENSG00000287216,0
ENSG00000281720,0
ENSG00000286494,0
ENSG00000248770,0
ENSG00000249627,0
ENSG00000273180,0
ENSG00000287083,0
ENSG00000213331,0
ENSG00000280757,0
ENSG00000251418,0
ENSG00000272784,0
ENSG00000250725,0
ENSG00000272744,12
ENSG00000249901,0
ENSG00000248206,25
ENSG00000227765,0
ENSG00000164129,4
ENSG00000251297,0
ENSG00000249074,0
ENSG00000241877,0
ENSG00000164123,10
ENSG00000251128,0
ENSG00000231171,0
ENSG00000280284,0
ENSG00000248431,0
ENSG00000287226,0
ENSG00000248197,0
ENSG00000251407,0
ENSG00000286371,0
ENSG00000287433,0
ENSG00000248816,0
ENSG00000038295,2
ENSG00000249284,0
ENSG00000164114,2141
ENSG00000109576,1152
ENSG00000287775,0
ENSG00000280457,0
ENSG00000249875,0
ENSG00000249317,0
ENSG00000248249,0
ENSG00000260596,0
ENSG00000251253,0
ENSG00000168594,2
ENSG00000250488,0
ENSG00000249008,0
ENSG00000109674,630
ENSG00000282994,0
ENSG00000164122,18
ENSG00000251025,0
ENSG00000250993,163
ENSG00000248162,0
ENSG00000150628,14
ENSG00000270387,0
ENSG00000287571,0
ENSG00000248339,0
ENSG00000249642,0
ENSG00000250024,0
ENSG00000249269,0
ENSG00000249742,0
ENSG00000250053,0
ENSG00000261914,0
ENSG00000150630,74
ENSG00000251223,0
ENSG00000232648,20
ENSG00000249425,0
ENSG00000241011,0
ENSG00000145414,1206
ENSG00000185758,0
ENSG00000250263,0
ENSG00000240159,0
ENSG00000250372,0
ENSG00000248980,0
ENSG00000279994,0
ENSG00000164144,3636
ENSG00000227283,0
ENSG00000250200,0
ENSG00000251359,4
ENSG00000218336,19286
ENSG00000173320,2783
ENSG00000129128,23647
ENSG00000281652,0
ENSG00000184108,0
ENSG00000151617,78
ENSG00000249460,0
ENSG00000250523,0
ENSG00000248822,0
ENSG00000250968,0
ENSG00000249084,0
ENSG00000250596,0
ENSG00000196104,12
ENSG00000250431,0
ENSG00000248739,0
ENSG00000260303,0
ENSG00000248748,0
ENSG00000198948,2363
ENSG00000250754,0
ENSG00000109466,1158
ENSG00000251584,0
ENSG00000151729,1687
ENSG00000287544,0
ENSG00000248396,0
ENSG00000280799,0
ENSG00000251482,0
ENSG00000251200,1
ENSG00000250042,0
ENSG00000250252,0
ENSG00000038002,688
ENSG00000250829,0
ENSG00000250547,0
ENSG00000250910,0
ENSG00000242635,0
ENSG00000248913,0
ENSG00000250475,0
ENSG00000164031,3629
ENSG00000145431,4225
ENSG00000287349,0
ENSG00000249943,0
ENSG00000248637,0
ENSG00000286720,0
ENSG00000278880,0
ENSG00000248694,0
ENSG00000250997,0
ENSG00000270265,0
ENSG00000248880,0
ENSG00000248601,0
ENSG00000171509,0
ENSG00000250150,0
ENSG00000250739,0
ENSG00000225356,0
ENSG00000249409,0
ENSG00000286119,0
ENSG00000270336,0
ENSG00000250620,0
ENSG00000249747,0
ENSG00000272218,0
ENSG00000151612,2530
ENSG00000287183,0
ENSG00000250704,0
ENSG00000197410,8
ENSG00000164142,16
ENSG00000168564,1232
ENSG00000273449,0
ENSG00000249162,0
ENSG00000248548,0
ENSG00000287822,0
ENSG00000283383,0
ENSG00000249458,0
ENSG00000250666,0
ENSG00000279139,0
ENSG00000280219,56
ENSG00000249525,0
ENSG00000240992,0
ENSG00000179059,0
ENSG00000249127,0
ENSG00000286734,0
ENSG00000279098,0
ENSG00000182168,1088
ENSG00000151718,1525
ENSG00000250357,0
ENSG00000251632,0
ENSG00000164120,0
ENSG00000249539,0
ENSG00000281058,0
ENSG00000286860,0
ENSG00000251611,0
ENSG00000250590,0
ENSG00000168538,2030
ENSG00000272566,0
ENSG00000250622,0
ENSG00000283043,0
ENSG00000251336,0
ENSG00000151005,4
ENSG00000250350,0
ENSG00000250971,0
ENSG00000271307,0
ENSG00000250658,0
ENSG00000251619,0
ENSG00000224807,0
ENSG00000250957,0
ENSG00000248429,0
ENSG00000177803,0
ENSG00000251165,15
ENSG00000251643,0
ENSG00000286641,0
ENSG00000248551,0
ENSG00000164024,3189
ENSG00000251073,0
ENSG00000281591,0
ENSG00000272646,0
ENSG00000251416,0
ENSG00000248210,0
ENSG00000286133,0
ENSG00000271474,96
ENSG00000174145,28
ENSG00000250195,0
ENSG00000249698,0
ENSG00000213434,6
ENSG00000249066,0
ENSG00000251213,0
ENSG00000250496,0
ENSG00000249945,0
ENSG00000225176,0
ENSG00000242936,0
ENSG00000250577,0
ENSG00000275826,0
ENSG00000251490,0
ENSG00000277162,0
ENSG00000249818,0
ENSG00000258834,0
ENSG00000185149,826
ENSG00000251609,2
ENSG00000250501,0
ENSG00000180015,86
ENSG00000248546,0
ENSG00000242169,0
ENSG00000205100,6
ENSG00000251310,0
ENSG00000283355,4
ENSG00000249877,0
ENSG00000250458,0
ENSG00000109536,1433
ENSG00000248517,0
ENSG00000214273,0
ENSG00000247130,0
ENSG00000248370,0
ENSG00000286700,33
ENSG00000249520,0
ENSG00000249003,0
ENSG00000224569,0
ENSG00000250292,0
ENSG00000249693,2
ENSG00000250497,0
ENSG00000250768,0
ENSG00000248019,6
ENSG00000250356,0
ENSG00000287512,0
ENSG00000251437,0
ENSG00000250746,16
ENSG00000286066,10
ENSG00000250636,0
ENSG00000251688,0
ENSG00000249618,0
ENSG00000286821,0
ENSG00000249106,6
ENSG00000251298,6
ENSG00000250189,0
ENSG00000184139,0
ENSG00000251555,0
ENSG00000207642,0
ENSG00000200761,0
ENSG00000221275,0
ENSG00000203436,0
ENSG00000202054,0
ENSG00000252002,0
ENSG00000222182,0
ENSG00000212282,0
ENSG00000202449,0
ENSG00000199420,0
ENSG00000207716,0
ENSG00000206780,0
ENSG00000283271,0
ENSG00000207697,20
ENSG00000243005,0
ENSG00000239001,0
ENSG00000207732,0
ENSG00000283281,0
ENSG00000251816,0
ENSG00000243548,0
ENSG00000283275,0
ENSG00000238632,0
ENSG00000283666,0
ENSG00000283207,0
ENSG00000222206,0
ENSG00000238694,0
ENSG00000206665,0
ENSG00000263642,0
ENSG00000239010,0
ENSG00000264319,0
ENSG00000200720,0
ENSG00000252243,0
ENSG00000206675,0
ENSG00000239679,0
ENSG00000222257,0
ENSG00000252913,0
ENSG00000277388,0
ENSG00000199780,0
ENSG00000265829,0
ENSG00000202169,0
ENSG00000201775,0
ENSG00000252890,0
ENSG00000221563,0
ENSG00000252104,0
ENSG00000206629,0
ENSG00000274759,0
ENSG00000201676,0
ENSG00000202374,0
ENSG00000210839,0
ENSG00000252955,0
ENSG00000221639,0
ENSG00000252762,0
ENSG00000207065,0
ENSG00000202485,0
ENSG00000200108,0
ENSG00000201901,0
ENSG00000207746,0
ENSG00000278151,0
ENSG00000276003,0
ENSG00000199530,0
ENSG00000251874,0
ENSG00000207524,0
ENSG00000200622,0
ENSG00000266421,0
ENSG00000201640,0
ENSG00000252548,0
ENSG00000265213,0
ENSG00000199529,0
ENSG00000252470,0
ENSG00000201744,0
ENSG00000252460,0
ENSG00000201633,0
ENSG00000206601,0
ENSG00000275994,0
ENSG00000207931,0
ENSG00000243227,0
ENSG00000207988,0
ENSG00000273882,0
ENSG00000221265,0
ENSG00000223006,0
ENSG00000252183,0
ENSG00000201752,0
ENSG00000212359,0
ENSG00000199862,0
ENSG00000241392,0
ENSG00000200553,0
ENSG00000281369,0
ENSG00000207322,0
ENSG00000206782,0
ENSG00000207148,0
ENSG00000240637,0
ENSG00000252014,0
ENSG00000201314,0
ENSG00000283432,0
ENSG00000201846,0
ENSG00000239168,0
ENSG00000207121,0
ENSG00000202331,0
ENSG00000252951,0
ENSG00000252233,0
ENSG00000264274,0
ENSG00000240014,0
ENSG00000253019,0
ENSG00000201264,0
ENSG00000221369,0
ENSG00000252544,0
ENSG00000253077,0
ENSG00000208797,0
ENSG00000206978,0
ENSG00000274535,0
ENSG00000252350,0
ENSG00000199634,0
ENSG00000206711,0
ENSG00000223037,0
ENSG00000222721,0
ENSG00000252959,0
ENSG00000251961,0
ENSG00000253001,0
ENSG00000200521,0
ENSG00000278502,0
ENSG00000240772,0
ENSG00000201931,0
ENSG00000253000,0
ENSG00000222859,0
ENSG00000212373,0
ENSG00000201727,0
ENSG00000283468,0
ENSG00000251742,0
ENSG00000201433,0
ENSG00000251739,0
ENSG00000252157,0
ENSG00000201516,0
ENSG00000244512,0
ENSG00000221227,0
ENSG00000252343,0
ENSG00000222582,0
ENSG00000251714,0
ENSG00000252604,0
ENSG00000265846,0
ENSG00000201145,0
ENSG00000201085,0
ENSG00000202215,0
ENSG00000199572,0
ENSG00000212191,0
ENSG00000252275,0
ENSG00000259959,377
ENSG00000170448,730
ENSG00000163293,36
ENSG00000200269,0
ENSG00000283499,0
ENSG00000202014,0
ENSG00000248866,75
ENSG00000260120,0
ENSG00000250302,2
ENSG00000264585,0
ENSG00000286161,0
ENSG00000212588,0
ENSG00000248375,0
ENSG00000226887,2
ENSG00000212490,0
ENSG00000199901,0
ENSG00000128045,81
ENSG00000248115,14
ENSG00000252266,0
ENSG00000201496,0
ENSG00000082929,0
ENSG00000237868,0
ENSG00000241037,0
ENSG00000164113,0
ENSG00000248771,0
ENSG00000201050,0
ENSG00000248329,0
ENSG00000250227,0
ENSG00000244146,0
ENSG00000285563,0
ENSG00000221891,0
ENSG00000270960,0
ENSG00000248645,0
ENSG00000121089,32
ENSG00000236941,0
ENSG00000183439,0
ENSG00000250486,70
ENSG00000248229,0
ENSG00000250887,0
ENSG00000250712,0
ENSG00000240674,0
ENSG00000176979,0
ENSG00000276623,0
ENSG00000250430,0
ENSG00000249617,2
ENSG00000187689,0
ENSG00000132464,2
ENSG00000286848,0
ENSG00000132467,2014
ENSG00000207448,0
ENSG00000207058,0
ENSG00000272986,5
ENSG00000018189,6977
ENSG00000283313,0
ENSG00000207007,0
ENSG00000163612,0
ENSG00000250268,0
ENSG00000231396,0
ENSG00000233136,0
ENSG00000227551,0
ENSG00000232399,0
ENSG00000249104,0
ENSG00000250844,0
ENSG00000250913,0
ENSG00000227140,0
ENSG00000235780,0
ENSG00000231051,0
ENSG00000231637,0
ENSG00000228856,0
ENSG00000219492,0
ENSG00000188438,0
ENSG00000252307,0
ENSG00000232773,0
ENSG00000250745,0
ENSG00000249811,0
ENSG00000248933,0
ENSG00000232264,0
ENSG00000230430,0
ENSG00000229579,0
ENSG00000249482,0
ENSG00000250231,0
ENSG00000248920,0
ENSG00000251694,0
ENSG00000205946,0
ENSG00000249613,0
ENSG00000250298,0
ENSG00000226950,2672
ENSG00000244083,0
ENSG00000240775,0
ENSG00000273007,16
ENSG00000170917,69
ENSG00000252030,0
ENSG00000201786,0
ENSG00000213406,0
ENSG00000243883,0
ENSG00000109163,42
ENSG00000109471,0
ENSG00000138698,3186
ENSG00000163626,1032
ENSG00000196503,0
ENSG00000172399,0
ENSG00000173542,10448
ENSG00000174792,24
ENSG00000221296,0
ENSG00000248774,15
ENSG00000164104,6679
ENSG00000164105,929
ENSG00000164106,1094
ENSG00000288025,6
ENSG00000242882,0
ENSG00000286226,0
ENSG00000252898,0
ENSG00000261646,0
ENSG00000164107,53
ENSG00000234801,30
ENSG00000213370,0
ENSG00000249488,0
ENSG00000283219,0
ENSG00000249502,2
ENSG00000118579,3973
ENSG00000047662,20
ENSG00000163257,1787
ENSG00000109805,3873
ENSG00000235413,6
ENSG00000250043,0
ENSG00000251216,0
ENSG00000151014,214
ENSG00000252503,0
ENSG00000240723,0
ENSG00000179967,12
ENSG00000276396,0
ENSG00000265892,0
ENSG00000207384,0
ENSG00000252362,0
ENSG00000206722,0
ENSG00000137463,10
ENSG00000109390,839
ENSG00000200520,0
ENSG00000248863,0
ENSG00000239005,0
ENSG00000272783,0
ENSG00000207009,0
ENSG00000163950,2521
ENSG00000168936,890
ENSG00000168924,2551
ENSG00000248188,0
ENSG00000004468,0
ENSG00000251644,0
ENSG00000137440,0
ENSG00000137441,0
ENSG00000007062,3125
ENSG00000286280,0
ENSG00000169762,2649
ENSG00000249234,0
ENSG00000201297,0
ENSG00000283550,0
ENSG00000251436,0
ENSG00000145375,1151
ENSG00000250322,0
ENSG00000287951,0
ENSG00000164056,7899
ENSG00000249125,10
ENSG00000251526,0
ENSG00000241250,0
ENSG00000227040,2
ENSG00000240545,0
ENSG00000265894,0
ENSG00000278226,0
ENSG00000251799,0
ENSG00000269949,4
ENSG00000084092,1074
ENSG00000047315,12113
ENSG00000251703,0
ENSG00000163453,66
ENSG00000250384,0
ENSG00000287369,0
ENSG00000084093,3832
ENSG00000164111,20673
ENSG00000226757,0
ENSG00000123737,2009
ENSG00000145386,5529
ENSG00000138686,779
ENSG00000261501,0
ENSG00000138741,18
ENSG00000273133,0
ENSG00000118564,4734
ENSG00000237765,1588
ENSG00000288606,0
ENSG00000109743,61
ENSG00000214846,0
ENSG00000236959,0
ENSG00000284695,0
ENSG00000109193,0
ENSG00000251489,0
ENSG00000126545,0
ENSG00000126549,0
ENSG00000126550,0
ENSG00000234124,0
ENSG00000187533,0
ENSG00000205649,0
ENSG00000132465,0
ENSG00000270244,0
ENSG00000242727,0
ENSG00000186212,0
ENSG00000234036,10
ENSG00000118816,27466
ENSG00000214062,0
ENSG00000271676,0
ENSG00000201641,0
ENSG00000222592,0
ENSG00000134962,6
ENSG00000264621,0
ENSG00000238797,0
ENSG00000121897,558
ENSG00000224097,20
ENSG00000109814,5194
ENSG00000287262,41
ENSG00000249930,0
ENSG00000163682,62271
ENSG00000145331,714
ENSG00000248676,0
ENSG00000109339,3385
ENSG00000250062,0
ENSG00000252757,0
ENSG00000266515,0
ENSG00000251379,8
ENSG00000151834,248
ENSG00000128050,16459
ENSG00000177300,0
ENSG00000197057,4
ENSG00000137462,0
ENSG00000168743,84
ENSG00000053900,927
ENSG00000163145,6
ENSG00000197826,0
ENSG00000164116,308
ENSG00000061918,136
ENSG00000196159,2813
ENSG00000206839,0
ENSG00000250464,0
ENSG00000251111,0
ENSG00000249700,1
ENSG00000134851,3841
ENSG00000239040,0
ENSG00000238585,0
ENSG00000197468,0
ENSG00000249272,0
ENSG00000250804,0
ENSG00000249347,0
ENSG00000284636,0
ENSG00000271057,0
ENSG00000251313,0
ENSG00000288075,122
ENSG00000250342,0
ENSG00000287972,0
ENSG00000249767,0
ENSG00000109654,18659
ENSG00000121211,13
ENSG00000248998,0
ENSG00000249351,0
ENSG00000285711,0
ENSG00000243199,126
ENSG00000248479,4
ENSG00000222765,0
ENSG00000251527,0
ENSG00000231841,8
ENSG00000249022,2
ENSG00000243312,0
ENSG00000163633,9
ENSG00000250202,0
ENSG00000285458,1
ENSG00000251411,0
ENSG00000284968,28
ENSG00000235043,84
ENSG00000145332,3572
ENSG00000248196,0
ENSG00000248180,6
ENSG00000250572,0
ENSG00000263981,0
ENSG00000170509,18
ENSG00000255723,0
ENSG00000198189,998
ENSG00000240966,0
ENSG00000207182,0
ENSG00000151615,2
ENSG00000248764,0
ENSG00000248346,0
ENSG00000260090,0
ENSG00000279376,0
ENSG00000223569,0
ENSG00000207171,0
ENSG00000229226,0
ENSG00000249623,0
ENSG00000198515,0
ENSG00000200998,0
ENSG00000251019,0
ENSG00000287632,0
ENSG00000239793,0
ENSG00000260278,0
ENSG00000266270,0
ENSG00000163291,3539
ENSG00000242175,0
ENSG00000254233,0
ENSG00000164306,463
ENSG00000151725,3728
ENSG00000249138,0
ENSG00000251139,0
ENSG00000286256,0
ENSG00000266698,0
ENSG00000251147,0
ENSG00000263458,0
ENSG00000279460,0
ENSG00000251906,0
ENSG00000276992,0
ENSG00000251473,0
ENSG00000252136,0
ENSG00000251259,6
ENSG00000251586,0
ENSG00000243383,0
ENSG00000200917,0
ENSG00000168769,806
ENSG00000138684,0
ENSG00000227145,0
ENSG00000287692,0
ENSG00000181004,624
ENSG00000249784,0
ENSG00000185049,924
ENSG00000284587,0
ENSG00000185818,2773
ENSG00000249006,0
ENSG00000250623,0
ENSG00000109685,7379
ENSG00000248692,0
ENSG00000225405,4
ENSG00000241344,0
ENSG00000250249,0
ENSG00000201644,0
ENSG00000138768,8052
ENSG00000229717,0
ENSG00000222644,0
ENSG00000156194,0
ENSG00000138744,34
ENSG00000090316,2062
ENSG00000163945,1218
ENSG00000254094,0
ENSG00000253399,2
ENSG00000235608,0
ENSG00000288563,0
ENSG00000274238,0
ENSG00000277695,0
ENSG00000276542,0
ENSG00000228919,0
ENSG00000207807,0
ENSG00000273267,0
ENSG00000251460,0
ENSG00000250471,0
ENSG00000170801,12
ENSG00000163995,168
ENSG00000200469,0
ENSG00000207480,0
ENSG00000287181,0
ENSG00000286978,0
ENSG00000138646,6
ENSG00000249934,0
ENSG00000145337,0
ENSG00000255072,0
ENSG00000285122,0
ENSG00000249755,0
ENSG00000252322,0
ENSG00000187054,6
ENSG00000164125,166
ENSG00000137449,2545
ENSG00000152785,0
ENSG00000205097,0
ENSG00000234828,0
ENSG00000109686,1472
ENSG00000109180,7211
ENSG00000138758,31346
ENSG00000138738,317
ENSG00000189184,1062
ENSG00000150627,747
ENSG00000138757,30373
ENSG00000138795,1293
ENSG00000239939,0
ENSG00000278589,0
ENSG00000250485,0
ENSG00000138696,1189
ENSG00000157869,947
ENSG00000256394,0
ENSG00000151790,27
ENSG00000249013,0
ENSG00000256043,48
ENSG00000207260,0
ENSG00000170522,6185
ENSG00000263940,0
ENSG00000248200,0
ENSG00000166530,0
ENSG00000250594,0
ENSG00000212160,0
ENSG00000250304,0
ENSG00000251464,0
ENSG00000251046,0
ENSG00000199894,0
ENSG00000250511,0
ENSG00000249519,0
ENSG00000215961,0
ENSG00000288692,0
ENSG00000251483,0
ENSG00000251312,0
ENSG00000200963,0
ENSG00000248656,0
ENSG00000241722,0
ENSG00000250855,0
ENSG00000249815,0
ENSG00000288691,0
ENSG00000288685,0
ENSG00000250556,0
ENSG00000250307,0
ENSG00000240459,0
ENSG00000243280,0
ENSG00000260526,128
ENSG00000138660,3305
ENSG00000251441,0
ENSG00000248697,4
ENSG00000109736,646
ENSG00000087269,859
ENSG00000125388,345
ENSG00000199335,0
ENSG00000251075,0
ENSG00000278778,0
ENSG00000274693,0
ENSG00000188981,2
ENSG00000248840,6
ENSG00000248843,0
ENSG00000286035,4
ENSG00000145287,0
ENSG00000250057,0
ENSG00000250677,0
ENSG00000248401,0
ENSG00000173085,850
ENSG00000173083,14
ENSG00000274154,0
ENSG00000251647,0
ENSG00000163312,580
ENSG00000163319,501
ENSG00000163322,896
ENSG00000213608,0
ENSG00000239525,0
ENSG00000109511,15
ENSG00000287188,0
ENSG00000137628,364
ENSG00000248317,0
ENSG00000244422,0
ENSG00000252815,0
ENSG00000250646,0
ENSG00000244034,0
ENSG00000128052,1755
ENSG00000287060,0
ENSG00000239545,0
ENSG00000250812,0
ENSG00000236530,0
ENSG00000244002,0
ENSG00000251399,0
ENSG00000248408,0
ENSG00000251321,44
ENSG00000212620,0
ENSG00000248340,0
ENSG00000163297,3814
ENSG00000283314,0
ENSG00000248452,0
ENSG00000163394,10
ENSG00000128039,117
ENSG00000288695,2
ENSG00000273257,0
ENSG00000153012,656
ENSG00000281501,34
ENSG00000038210,862
ENSG00000271172,0
ENSG00000278135,0
ENSG00000109618,1146
ENSG00000048342,1372
ENSG00000249754,0
ENSG00000241923,0
ENSG00000153132,712
ENSG00000205301,0
ENSG00000280262,0
ENSG00000179387,7671
ENSG00000109424,0
ENSG00000287449,0
ENSG00000242102,0
ENSG00000248621,0
ENSG00000249661,0
ENSG00000121895,0
ENSG00000249685,0
ENSG00000248567,0
ENSG00000250877,0
ENSG00000248785,2
ENSG00000138794,1617
ENSG00000273447,8
ENSG00000123739,1448
ENSG00000285330,0
ENSG00000272795,0
ENSG00000109534,1985
ENSG00000180245,8
ENSG00000183423,42
ENSG00000249681,0
ENSG00000250300,0
ENSG00000138813,0
ENSG00000138823,3816
ENSG00000286420,0
ENSG00000248745,0
ENSG00000170365,4260
ENSG00000250582,3
ENSG00000250902,0
ENSG00000249245,4
ENSG00000248356,0
ENSG00000237136,0
ENSG00000151611,941
ENSG00000145242,128
ENSG00000137460,244
ENSG00000129187,2704
ENSG00000137473,2
ENSG00000109475,14995
ENSG00000138756,635
ENSG00000153130,10364
ENSG00000151247,7197
ENSG00000152583,10266
ENSG00000109771,28
ENSG00000241002,0
ENSG00000202536,0
ENSG00000241741,22
ENSG00000250500,0
ENSG00000234841,0
ENSG00000251126,0
ENSG00000228814,0
ENSG00000248152,0
ENSG00000249373,0
ENSG00000283193,0
ENSG00000275810,0
ENSG00000196656,148
ENSG00000239279,0
ENSG00000206820,0
ENSG00000205208,3896
ENSG00000171503,641
ENSG00000271817,0
ENSG00000171497,1643
ENSG00000206703,0
ENSG00000249973,0
ENSG00000029559,0
ENSG00000183199,58
ENSG00000286618,0
ENSG00000202000,0
ENSG00000118762,1874
ENSG00000118777,0
ENSG00000241853,0
ENSG00000201707,0
ENSG00000221440,0
ENSG00000251285,0
ENSG00000199326,0
ENSG00000266690,0
ENSG00000272620,16
ENSG00000196526,1111
ENSG00000287164,0
ENSG00000249565,78
ENSG00000248117,0
ENSG00000138772,92
ENSG00000138759,166
ENSG00000152591,0
ENSG00000200024,0
ENSG00000222691,0
ENSG00000155016,1914
ENSG00000249604,6
ENSG00000138821,702
ENSG00000241144,0
ENSG00000248161,35
ENSG00000251572,0
ENSG00000260651,0
ENSG00000109323,900
ENSG00000241981,0
ENSG00000230069,0
ENSG00000248971,14
ENSG00000224207,0
ENSG00000251288,0
ENSG00000109332,19205
ENSG00000286242,0
ENSG00000252739,0
ENSG00000251300,4
ENSG00000170185,3596
ENSG00000250969,0
ENSG00000200049,0
ENSG00000265623,0
ENSG00000228981,20
ENSG00000286771,0
ENSG00000287786,0
ENSG00000251408,0
ENSG00000288588,0
ENSG00000286176,0
ENSG00000145391,3831
ENSG00000249302,0
ENSG00000272717,2
ENSG00000085871,70
ENSG00000201533,0
ENSG00000178458,103
ENSG00000184985,1082
ENSG00000164022,3429
ENSG00000200741,0
ENSG00000252489,0
ENSG00000286093,0
ENSG00000250324,0
ENSG00000157426,652
ENSG00000242083,6
ENSG00000269921,18
ENSG00000128059,5861
ENSG00000270147,4
ENSG00000288019,0
ENSG00000251017,2
ENSG00000081041,0
ENSG00000269559,42
ENSG00000182585,0
ENSG00000138796,3154
ENSG00000245928,0
ENSG00000138755,0
ENSG00000169245,2
ENSG00000169248,12
ENSG00000225846,0
ENSG00000286074,1
ENSG00000189157,6
ENSG00000287401,0
ENSG00000272414,0
ENSG00000118804,5
ENSG00000249858,0
ENSG00000212368,0
ENSG00000240426,0
ENSG00000199857,0
ENSG00000251159,0
ENSG00000151806,2802
ENSG00000163281,1773
ENSG00000273369,0
ENSG00000272936,0
ENSG00000199169,0
ENSG00000199145,0
ENSG00000207927,0
ENSG00000199102,0
ENSG00000284463,0
ENSG00000220924,6
ENSG00000250046,0
ENSG00000248633,0
ENSG00000250229,0
ENSG00000180801,176
ENSG00000249304,0
ENSG00000248716,0
ENSG00000125089,0
ENSG00000152592,0
ENSG00000118785,1100
ENSG00000109501,792
ENSG00000172493,2073
ENSG00000196344,0
ENSG00000177752,32
ENSG00000056291,230
ENSG00000197386,2705
ENSG00000109790,3039
ENSG00000197894,19940
ENSG00000163743,2585
ENSG00000248713,6
ENSG00000250566,0
ENSG00000197888,0
ENSG00000249472,0
ENSG00000251101,0
ENSG00000251074,0
ENSG00000196620,0
ENSG00000248635,0
ENSG00000250376,0
ENSG00000013810,1976
ENSG00000156234,0
ENSG00000179046,0
ENSG00000138669,30
ENSG00000150471,4765
ENSG00000249278,0
ENSG00000207307,0
ENSG00000263445,2
ENSG00000283682,4
ENSG00000164023,338
ENSG00000138688,1841
ENSG00000198787,0
ENSG00000250381,0
ENSG00000250710,0
ENSG00000249844,0
ENSG00000163982,0
ENSG00000132406,1425
ENSG00000168826,196
ENSG00000248516,0
ENSG00000168818,726
ENSG00000248221,0
ENSG00000237170,0
ENSG00000168824,791
ENSG00000221711,0
ENSG00000250214,0
ENSG00000250456,0
ENSG00000157404,240
ENSG00000013288,987
ENSG00000251580,4
ENSG00000284847,0
ENSG00000279859,0
ENSG00000163993,0
ENSG00000282742,0
ENSG00000178988,4088
ENSG00000186222,628
ENSG00000287331,0
ENSG00000170871,5070
ENSG00000246526,0
ENSG00000243449,146
ENSG00000214671,0
ENSG00000251171,0
ENSG00000137601,1272
ENSG00000286302,0
ENSG00000056050,1632
ENSG00000181381,300
ENSG00000248886,0
ENSG00000251177,0
ENSG00000271271,0
ENSG00000163749,0
ENSG00000180346,606
ENSG00000270720,0
ENSG00000212226,0
ENSG00000168214,25004
ENSG00000178636,0
ENSG00000164096,5818
ENSG00000145384,0
ENSG00000250412,2
ENSG00000201186,0
ENSG00000249244,8
ENSG00000145390,722
ENSG00000035928,1930
ENSG00000188517,92
ENSG00000138670,204
ENSG00000047365,642
ENSG00000178522,0
ENSG00000132463,15049
ENSG00000109684,0
ENSG00000198099,66
ENSG00000132466,7253
ENSG00000196782,93
ENSG00000168228,647
ENSG00000138785,495
ENSG00000138642,30
ENSG00000145293,5030
ENSG00000128040,0
ENSG00000179010,19756
ENSG00000249948,2
ENSG00000138778,612
ENSG00000243894,0
ENSG00000250940,0
ENSG00000248669,0
ENSG00000145220,1020
ENSG00000173610,0
ENSG00000187821,0
ENSG00000152595,0
ENSG00000150625,35468
ENSG00000242134,0
ENSG00000250835,0
ENSG00000251248,0
ENSG00000249806,0
ENSG00000164093,0
ENSG00000164167,784
ENSG00000279845,0
ENSG00000251010,0
ENSG00000120519,406
ENSG00000278438,0
ENSG00000251009,0
ENSG00000109272,0
ENSG00000163739,0
ENSG00000249920,0
ENSG00000250339,0
ENSG00000163737,0
ENSG00000288796,0
ENSG00000163736,0
ENSG00000163735,0
ENSG00000287037,0
ENSG00000244194,0
ENSG00000163734,0
ENSG00000250673,0
ENSG00000138767,4058
ENSG00000109758,1
ENSG00000286900,6
ENSG00000175920,0
ENSG00000163956,2678
ENSG00000270090,0
ENSG00000159788,1127
ENSG00000264105,0
ENSG00000283379,0
ENSG00000248552,0
ENSG00000250180,0
ENSG00000109381,1320
ENSG00000135222,0
ENSG00000109205,0
ENSG00000181617,0
ENSG00000164323,8143
ENSG00000109762,186
ENSG00000250410,0
ENSG00000250327,0
ENSG00000251008,0
ENSG00000279943,2
ENSG00000145476,337
ENSG00000088926,0
ENSG00000186146,0
ENSG00000250317,598
ENSG00000174137,10
ENSG00000145416,2114
ENSG00000289032,12
ENSG00000289019,16
ENSG00000288944,0
ENSG00000289149,54
ENSG00000245067,26
ENSG00000289179,0
ENSG00000228358,0
ENSG00000289034,0
ENSG00000286294,0
ENSG00000249631,0
ENSG00000251244,0
ENSG00000249667,0
ENSG00000289243,0
ENSG00000289320,0
ENSG00000288921,0
ENSG00000289201,8
ENSG00000289186,0
ENSG00000248991,0
ENSG00000250241,30
ENSG00000250604,0
ENSG00000250708,0
ENSG00000247193,2
ENSG00000261268,88
ENSG00000289520,151
ENSG00000286320,0
ENSG00000289210,54
ENSG00000289361,144
ENSG00000287778,0
ENSG00000289392,4
ENSG00000224786,36
ENSG00000289443,49
ENSG00000288888,4
ENSG00000178403,251
ENSG00000249509,0
ENSG00000248439,0
ENSG00000138658,400
ENSG00000250966,6
ENSG00000174720,829
ENSG00000178177,2019
ENSG00000249256,0
ENSG00000261121,0
ENSG00000251638,0
ENSG00000248444,0
ENSG00000109610,0
ENSG00000181982,452
ENSG00000138760,21498
ENSG00000205403,72
ENSG00000288940,2
ENSG00000286596,0
ENSG00000249678,1
ENSG00000250624,0
ENSG00000251182,0
ENSG00000273238,8
ENSG00000133256,6
ENSG00000242686,0
ENSG00000272927,0
ENSG00000169020,210
ENSG00000169026,0
ENSG00000248416,0
ENSG00000272588,6
ENSG00000249592,102
ENSG00000233799,0
ENSG00000168993,188
ENSG00000260262,0
ENSG00000286205,0
ENSG00000215375,91
ENSG00000250436,13
ENSG00000249970,0
ENSG00000169435,1
ENSG00000289530,0
ENSG00000228277,0
ENSG00000169429,0
ENSG00000249051,0
ENSG00000072840,411
ENSG00000181215,12
ENSG00000263631,0
ENSG00000284684,0
ENSG00000222230,0
ENSG00000174123,0
ENSG00000174125,10
ENSG00000174130,0
ENSG00000197712,639
ENSG00000207944,0
ENSG00000180712,13
ENSG00000249096,0
ENSG00000251878,0
ENSG00000270426,0
ENSG00000249056,0
ENSG00000271646,3
ENSG00000286292,0
ENSG00000271538,4
ENSG00000168310,560
ENSG00000238721,0
ENSG00000248521,0
ENSG00000249690,0
ENSG00000181541,0
ENSG00000183432,0
ENSG00000252451,0
ENSG00000235606,0
ENSG00000198589,3505
ENSG00000145335,882
ENSG00000247775,4
ENSG00000138722,46
ENSG00000287239,0
ENSG00000252087,0
ENSG00000251401,0
ENSG00000187653,71
ENSG00000248984,0
ENSG00000249049,0
ENSG00000279013,0
ENSG00000249891,0
ENSG00000249052,0
ENSG00000289241,0
ENSG00000163738,1219
ENSG00000124882,0
ENSG00000250532,0
ENSG00000109321,0
ENSG00000052802,27823
ENSG00000109472,4640
ENSG00000207559,0
ENSG00000251596,0
ENSG00000248287,0
ENSG00000248327,0
ENSG00000073331,167
ENSG00000251286,0
ENSG00000199924,0
ENSG00000109189,6092
ENSG00000170088,710
ENSG00000200974,0
ENSG00000272297,0
ENSG00000212387,0
ENSG00000083857,25646
ENSG00000287169,12
ENSG00000215278,0
ENSG00000249581,0
ENSG00000002549,4004
ENSG00000130997,7
ENSG00000249047,0
ENSG00000123933,2945
ENSG00000284276,0
ENSG00000159733,14
ENSG00000251148,0
ENSG00000239247,0
ENSG00000249077,0
ENSG00000206113,0
ENSG00000248399,0
ENSG00000251229,0
ENSG00000248817,0
ENSG00000287392,0
ENSG00000280056,0
ENSG00000249152,0
ENSG00000248511,0
ENSG00000152208,2163
ENSG00000251449,0
ENSG00000249239,0
ENSG00000248627,0
ENSG00000248750,0
ENSG00000250908,0
ENSG00000252342,0
ENSG00000172238,0
ENSG00000246541,0
ENSG00000250897,0
ENSG00000163104,7767
ENSG00000163106,0
ENSG00000287552,0
ENSG00000241103,0
ENSG00000287762,2
ENSG00000249216,0
ENSG00000249081,0
ENSG00000109132,0
ENSG00000250467,0
ENSG00000249122,0
ENSG00000200338,0
ENSG00000249745,0
ENSG00000245870,0
ENSG00000249771,0
ENSG00000249887,0
ENSG00000109133,14565
ENSG00000182308,10
ENSG00000272862,0
ENSG00000014824,9220
ENSG00000249212,0
ENSG00000188848,332
ENSG00000285454,0
ENSG00000250781,0
ENSG00000178343,0
ENSG00000240167,0
ENSG00000248283,0
ENSG00000251517,0
ENSG00000252595,0
ENSG00000215203,0
ENSG00000248939,0
ENSG00000250657,0
ENSG00000277096,0
ENSG00000213851,0
ENSG00000248143,0
ENSG00000251501,0
ENSG00000239464,0
ENSG00000185477,272
ENSG00000251095,6
ENSG00000184305,162
ENSG00000138798,192
ENSG00000138792,0
ENSG00000250103,0
ENSG00000289096,0
ENSG00000250374,0
ENSG00000178950,1028
ENSG00000127419,205
ENSG00000145214,240
ENSG00000145217,22
ENSG00000127415,102
ENSG00000127418,2006
ENSG00000250259,0
ENSG00000251639,0
ENSG00000251652,0
ENSG00000212458,0
ENSG00000227189,0
ENSG00000273179,4
ENSG00000280927,4
ENSG00000196810,398
ENSG00000125386,1076
ENSG00000248155,2
ENSG00000206738,0
ENSG00000168884,719
ENSG00000087266,722
ENSG00000087274,9151
ENSG00000287099,4
ENSG00000216560,0
ENSG00000250681,0
ENSG00000250632,0
ENSG00000250986,0
ENSG00000184160,0
ENSG00000251166,0
ENSG00000234386,0
ENSG00000249522,0
ENSG00000164112,10
ENSG00000109320,355
ENSG00000178222,0
ENSG00000235149,0
ENSG00000222727,0
ENSG00000253013,0
ENSG00000156136,4064
ENSG00000249170,0
ENSG00000270098,0
ENSG00000145321,0
ENSG00000222236,0
ENSG00000168772,864
ENSG00000250670,0
ENSG00000186352,22
ENSG00000109775,995
ENSG00000207231,0
ENSG00000205129,38
ENSG00000168491,12
ENSG00000233110,0
ENSG00000235902,0
ENSG00000207497,0
ENSG00000285745,0
ENSG00000284253,0
ENSG00000250272,0
ENSG00000248139,0
ENSG00000169851,560
ENSG00000164342,46
ENSG00000207075,0
ENSG00000239532,6
ENSG00000169299,1420
ENSG00000279386,2
ENSG00000249863,3
ENSG00000251332,0
ENSG00000249649,0
ENSG00000287659,0
ENSG00000251642,0
ENSG00000250254,0
ENSG00000135605,30
ENSG00000074966,0
ENSG00000200999,0
ENSG00000109689,4335
ENSG00000065882,1814
ENSG00000138750,2164
ENSG00000109184,3940
ENSG00000250473,0
ENSG00000272576,4
ENSG00000243929,0
ENSG00000188993,20
ENSG00000163069,10202
ENSG00000251040,0
ENSG00000163071,561
ENSG00000287182,0
ENSG00000179299,2
ENSG00000248780,0
ENSG00000163697,5447
ENSG00000250906,0
ENSG00000207195,0
ENSG00000201736,0
ENSG00000199790,0
ENSG00000207198,0
ENSG00000289761,0
ENSG00000251173,0
ENSG00000154277,20467
ENSG00000207481,0
ENSG00000239627,0
ENSG00000249219,0
ENSG00000250413,0
ENSG00000264931,0
ENSG00000223086,0
ENSG00000250393,0
ENSG00000251296,0
ENSG00000248777,0
ENSG00000271544,0
ENSG00000250040,0
ENSG00000250573,0
ENSG00000250074,0
ENSG00000250505,0
ENSG00000251278,0
ENSG00000251338,0
ENSG00000071127,9152
ENSG00000170846,782
ENSG00000185619,1950
ENSG00000171209,0
ENSG00000229924,0
ENSG00000189099,0
ENSG00000229894,0
ENSG00000248977,0
ENSG00000260296,101
ENSG00000286089,0
ENSG00000168421,4
ENSG00000250338,0
ENSG00000289139,0
ENSG00000164305,3704
ENSG00000288785,1
ENSG00000273247,35
ENSG00000164134,6900
ENSG00000248924,0
ENSG00000251600,0
ENSG00000236296,0
ENSG00000183090,0
ENSG00000250345,0
ENSG00000197465,0
ENSG00000249741,0
ENSG00000250361,0
ENSG00000286055,0
ENSG00000170180,0
ENSG00000285783,0
ENSG00000285713,0
ENSG00000261129,0
ENSG00000250504,0
ENSG00000164161,0
ENSG00000289314,0
ENSG00000273621,0
ENSG00000164162,231
ENSG00000249193,2
ENSG00000250406,0
ENSG00000251452,0
ENSG00000222594,0
ENSG00000164163,7608
ENSG00000164164,2785
ENSG00000238713,0
ENSG00000156219,9
ENSG00000124406,622
ENSG00000152969,0
ENSG00000286297,0
ENSG00000281202,0
ENSG00000109705,4
ENSG00000246095,8
ENSG00000038219,1990
ENSG00000266240,0
ENSG00000249148,0
ENSG00000242209,0
ENSG00000289379,0
ENSG00000260519,4
ENSG00000288781,0
ENSG00000249001,0
ENSG00000289869,0
ENSG00000248373,0
ENSG00000289879,0
ENSG00000250266,0
ENSG00000248174,0
ENSG00000248740,0
ENSG00000289902,0
ENSG00000288951,0
ENSG00000289249,0
ENSG00000248810,0
ENSG00000249241,2
ENSG00000234492,20
ENSG00000232021,8
ENSG00000260641,40
ENSG00000287389,0
ENSG00000289496,10
ENSG00000246090,162
ENSG00000289586,171
ENSG00000248319,0
ENSG00000286896,2
ENSG00000251129,0
ENSG00000250938,16
ENSG00000289849,0
ENSG00000287642,6
ENSG00000245685,20
ENSG00000250915,0
ENSG00000254531,22
ENSG00000289532,12
ENSG00000231160,110
ENSG00000249464,403
ENSG00000288998,0
ENSG00000251372,0
ENSG00000249378,1
ENSG00000283183,6
ENSG00000240005,12
ENSG00000289951,0
ENSG00000177822,831
ENSG00000247708,202
ENSG00000250125,10
ENSG00000248890,0
ENSG00000249307,8
ENSG00000249673,478
ENSG00000246375,0
ENSG00000246560,81
ENSG00000248049,320
ENSG00000289983,0
ENSG00000289515,0
ENSG00000282917,0
ENSG00000247950,46
ENSG00000288913,12
ENSG00000286705,0
ENSG00000196951,16
ENSG00000289999,0
ENSG00000245293,30
ENSG00000250334,0
ENSG00000289508,0
ENSG00000245322,20
ENSG00000288659,0
ENSG00000290012,0
ENSG00000269893,1146
ENSG00000289643,0
ENSG00000289342,0
ENSG00000290015,22
ENSG00000249145,0
ENSG00000289308,0
ENSG00000250846,2
ENSG00000290022,0
ENSG00000249532,0
ENSG00000215367,0
ENSG00000159692,2439
ENSG00000168412,6
ENSG00000207155,0
ENSG00000248335,0
ENSG00000273472,4
ENSG00000222613,0
ENSG00000109436,1704
ENSG00000063978,3735
ENSG00000290180,0
ENSG00000184178,690
ENSG00000207385,0
ENSG00000072201,195
ENSG00000250930,0
ENSG00000173966,0
ENSG00000248494,0
ENSG00000249341,0
ENSG00000249706,6
ENSG00000250815,0
ENSG00000229585,0
ENSG00000272650,10
ENSG00000109220,1519
ENSG00000269506,6
ENSG00000287534,0
ENSG00000251105,0
ENSG00000250147,0
ENSG00000145216,1057
ENSG00000245954,0
ENSG00000287504,0
ENSG00000250706,0
ENSG00000251377,0
ENSG00000244544,0
ENSG00000270302,0
ENSG00000270883,0
ENSG00000109670,1328
ENSG00000270751,2
ENSG00000287555,3
ENSG00000264678,0
ENSG00000268471,459
ENSG00000283792,0
ENSG00000243417,0
ENSG00000240669,0
ENSG00000248571,0
ENSG00000169989,196
ENSG00000145248,2171
ENSG00000182223,2
ENSG00000075539,5873
ENSG00000251722,0
ENSG00000245213,38
ENSG00000241652,0
ENSG00000109586,2815
ENSG00000290017,0
ENSG00000288728,10
ENSG00000272870,27
ENSG00000286039,0
ENSG00000288776,0
ENSG00000237125,0
ENSG00000223225,0
ENSG00000248213,5
ENSG00000251155,0
ENSG00000281731,4
ENSG00000145388,2030
ENSG00000252524,0
ENSG00000109738,460
ENSG00000199859,0
ENSG00000249819,0
ENSG00000260091,0
ENSG00000223208,0
ENSG00000250950,0
ENSG00000138735,196
ENSG00000221245,0
ENSG00000286241,0
ENSG00000289865,0
ENSG00000214367,401
ENSG00000250613,0
ENSG00000178163,2122
ENSG00000248419,0
ENSG00000109265,3240
ENSG00000289393,14
ENSG00000174780,9562
ENSG00000234568,0
ENSG00000284516,0
ENSG00000273156,74
ENSG00000289480,73
ENSG00000138668,18521
ENSG00000272677,14
ENSG00000250325,0
ENSG00000202440,0
ENSG00000152795,18210
ENSG00000290316,0
ENSG00000164344,0
ENSG00000287667,0
ENSG00000213332,0
ENSG00000151475,0
ENSG00000164070,2796
ENSG00000282855,18
ENSG00000244021,7
ENSG00000261668,4
ENSG00000142731,1521
ENSG00000251821,2
ENSG00000164073,699
ENSG00000164074,181
ENSG00000241651,2
ENSG00000248394,0
ENSG00000164040,5675
ENSG00000251432,12
ENSG00000273077,0
ENSG00000138709,872
ENSG00000206613,0
ENSG00000214676,0
ENSG00000249609,2
ENSG00000279384,46
ENSG00000145439,2239
ENSG00000201176,2
ENSG00000201818,0
ENSG00000251445,0
ENSG00000129116,34763
ENSG00000249679,0
ENSG00000154553,42
ENSG00000080493,430
ENSG00000109756,1898
ENSG00000170006,70
ENSG00000250980,0
ENSG00000288637,0
ENSG00000251669,0
ENSG00000290374,34
ENSG00000198155,0
ENSG00000290382,2
ENSG00000250771,0
ENSG00000290441,0
ENSG00000249646,0
ENSG00000290776,0
ENSG00000249896,0
ENSG00000290803,0
ENSG00000283156,0
ENSG00000284727,0
ENSG00000290888,0
ENSG00000248848,0
ENSG00000290910,0
ENSG00000260404,0
ENSG00000291201,41
ENSG00000283050,0
ENSG00000291202,44
ENSG00000245958,0
ENSG00000291203,163
ENSG00000145362,8690
ENSG00000174749,178
ENSG00000163623,0
ENSG00000258013,0
ENSG00000163624,4
ENSG00000163625,3283
ENSG00000239466,0
ENSG00000251260,0
ENSG00000252062,0
ENSG00000180769,240
ENSG00000286189,7
ENSG00000145349,9683
ENSG00000109572,17006
ENSG00000229204,4
ENSG00000248625,0
ENSG00000287660,0
ENSG00000288003,0
ENSG00000287298,0
ENSG00000290263,0
ENSG00000072832,16783
ENSG00000289414,48
ENSG00000229009,0
ENSG00000290400,0
ENSG00000207428,0
ENSG00000227725,4
ENSG00000283131,0
ENSG00000198092,0
ENSG00000215127,0
ENSG00000250426,0
ENSG00000250026,0
ENSG00000290407,0
ENSG00000291282,0
ENSG00000185873,0
ENSG00000250642,0
ENSG00000248639,0
ENSG00000249531,0
ENSG00000248122,0
ENSG00000083896,4139
ENSG00000162840,0
ENSG00000289942,0
ENSG00000087128,0
ENSG00000151726,634
ENSG00000251230,0
ENSG00000249173,0
ENSG00000289197,0
ENSG00000250609,0
ENSG00000171566,3844
ENSG00000200350,2
ENSG00000248611,0
ENSG00000171564,0
ENSG00000171560,0
ENSG00000171557,0
ENSG00000287770,0
ENSG00000138685,2483
ENSG00000244459,0
ENSG00000068078,444
ENSG00000159674,86
ENSG00000109458,5580
ENSG00000243175,0
ENSG00000250540,0
ENSG00000245112,146
ENSG00000151552,1102
ENSG00000249348,59
ENSG00000163683,3328
ENSG00000286349,0
ENSG00000252796,0
ENSG00000078140,9768
ENSG00000252975,0
ENSG00000249019,0
ENSG00000243260,0
ENSG00000180610,0
ENSG00000255458,16
ENSG00000121892,7765
ENSG00000271278,0
ENSG00000252970,0
ENSG00000250568,2
ENSG00000231707,0
ENSG00000249064,0
ENSG00000205794,0
ENSG00000200455,0
ENSG00000201863,0
ENSG00000078177,2751
ENSG00000132405,2677
ENSG00000287104,54
ENSG00000187904,0
ENSG00000202392,0
ENSG00000245748,14
ENSG00000173013,97
ENSG00000173011,1088
ENSG00000109519,2330
ENSG00000245468,0
ENSG00000200867,0
ENSG00000264658,0
ENSG00000178597,2
ENSG00000172007,700
ENSG00000145365,426
ENSG00000120251,665
ENSG00000223305,0
ENSG00000272969,0
ENSG00000163440,0
ENSG00000109255,74
ENSG00000251923,0
ENSG00000250821,0
ENSG00000090989,1747
ENSG00000202358,1
ENSG00000286599,0
ENSG00000287382,0
ENSG00000174799,612
ENSG00000290817,0
ENSG00000154556,2655
ENSG00000109452,197
ENSG00000109794,87
ENSG00000248719,0
ENSG00000152784,103
ENSG00000138675,38
ENSG00000251442,86
ENSG00000250921,0
ENSG00000271119,0
ENSG00000279222,0
ENSG00000278913,0
ENSG00000164151,2865
ENSG00000259603,0
ENSG00000223597,0
ENSG00000287790,0
ENSG00000248962,0
ENSG00000249966,0
ENSG00000145536,5828
ENSG00000248137,0
ENSG00000285689,0
ENSG00000280251,0
ENSG00000279002,0
ENSG00000171421,741
ENSG00000250490,0
ENSG00000250481,0
ENSG00000280017,0
ENSG00000124279,466
ENSG00000251476,0
ENSG00000205976,0
ENSG00000260763,0
ENSG00000251506,0
ENSG00000272049,25
ENSG00000248736,0
ENSG00000249782,0
ENSG00000078295,92
ENSG00000249830,0
ENSG00000248311,0
ENSG00000250974,0
ENSG00000183654,0
ENSG00000232615,0
ENSG00000248729,0
ENSG00000249994,0
ENSG00000279011,0
ENSG00000250037,0
ENSG00000286986,0
ENSG00000278877,0
ENSG00000249326,0
ENSG00000113430,0
ENSG00000248126,0
ENSG00000250730,0
ENSG00000248131,0
ENSG00000250001,0
ENSG00000112902,3931
ENSG00000288108,0
ENSG00000145555,12342
ENSG00000250060,0
ENSG00000240785,6
ENSG00000250866,0
ENSG00000245662,16
ENSG00000278874,0
ENSG00000242654,0
ENSG00000250417,0
ENSG00000250715,0
ENSG00000280373,0
ENSG00000248597,0
ENSG00000133398,818
ENSG00000250814,0
ENSG00000248699,0
ENSG00000251168,0
ENSG00000248775,0
ENSG00000249486,0
ENSG00000249731,0
ENSG00000250761,0
ENSG00000286441,0
ENSG00000251196,0
ENSG00000284283,0
ENSG00000248766,0
ENSG00000248994,0
ENSG00000250386,0
ENSG00000279450,0
ENSG00000185296,0
ENSG00000288002,0
ENSG00000279264,0
ENSG00000124275,1123
ENSG00000249688,0
ENSG00000215217,38
ENSG00000250716,0
ENSG00000213430,78
ENSG00000275733,0
ENSG00000249781,0
ENSG00000251568,0
ENSG00000279755,0
ENSG00000251371,0
ENSG00000250808,0
ENSG00000250088,0
ENSG00000251112,0
ENSG00000279075,0
ENSG00000288549,0
ENSG00000250453,0
ENSG00000271892,0
ENSG00000249191,0
ENSG00000249053,0
ENSG00000260981,0
ENSG00000113569,3928
ENSG00000248542,0
ENSG00000287199,0
ENSG00000280016,0
ENSG00000251549,0
ENSG00000183580,1491
ENSG00000242608,0
ENSG00000286751,0
ENSG00000248973,0
ENSG00000253766,0
ENSG00000248457,0
ENSG00000250587,0
ENSG00000248834,0
ENSG00000279125,0
ENSG00000223361,10
ENSG00000245729,0
ENSG00000286556,0
ENSG00000250332,0
ENSG00000164236,28
ENSG00000152582,280
ENSG00000224282,0
ENSG00000250389,0
ENSG00000249557,0
ENSG00000249490,0
ENSG00000279635,0
ENSG00000249266,0
ENSG00000214132,2
ENSG00000253104,0
ENSG00000164327,1464
ENSG00000248537,0
ENSG00000283740,0
ENSG00000248908,0
ENSG00000248223,0
ENSG00000182836,1846
ENSG00000249521,0
ENSG00000248490,0
ENSG00000248813,0
ENSG00000233787,0
ENSG00000248337,0
ENSG00000286432,0
ENSG00000250822,0
ENSG00000248426,0
ENSG00000249941,0
ENSG00000248145,0
ENSG00000240376,22
ENSG00000286377,18
ENSG00000251654,0
ENSG00000276332,0
ENSG00000250455,0
ENSG00000250667,0
ENSG00000251629,20
ENSG00000272057,0
ENSG00000286625,0
ENSG00000249016,0
ENSG00000279097,0
ENSG00000248118,0
ENSG00000250668,14
ENSG00000286254,0
ENSG00000230571,0
ENSG00000286741,0
ENSG00000056097,12314
ENSG00000287471,0
ENSG00000177058,1052
ENSG00000248918,0
ENSG00000249102,0
ENSG00000248216,0
ENSG00000040731,1393
ENSG00000248969,0
ENSG00000284439,0
ENSG00000249927,0
ENSG00000287940,0
ENSG00000274832,0
ENSG00000250619,0
ENSG00000248624,0
ENSG00000249092,0
ENSG00000248286,0
ENSG00000277878,0
ENSG00000260786,0
ENSG00000248160,0
ENSG00000280185,0
ENSG00000260066,0
ENSG00000164294,3519
ENSG00000231291,0
ENSG00000016082,1078
ENSG00000249289,0
ENSG00000249748,0
ENSG00000260761,0
ENSG00000251678,0
ENSG00000248554,0
ENSG00000280305,0
ENSG00000249198,0
ENSG00000248349,0
ENSG00000154122,867
ENSG00000250703,0
ENSG00000248148,0
ENSG00000234865,0
ENSG00000248461,0
ENSG00000251163,0
ENSG00000250118,0
ENSG00000113593,941
ENSG00000248651,0
ENSG00000241739,0
ENSG00000213896,0
ENSG00000248092,1272
ENSG00000249404,0
ENSG00000251189,0
ENSG00000249410,0
ENSG00000151876,56
ENSG00000113389,32
ENSG00000261604,0
ENSG00000248279,0
ENSG00000248378,0
ENSG00000152931,0
ENSG00000283967,0
ENSG00000250418,0
ENSG00000283988,0
ENSG00000169271,0
ENSG00000249579,0
ENSG00000278734,0
ENSG00000249160,0
ENSG00000249206,0
ENSG00000134363,516
ENSG00000271296,0
ENSG00000284465,0
ENSG00000249928,0
ENSG00000279470,0
ENSG00000279671,0
ENSG00000284373,0
ENSG00000250764,0
ENSG00000287947,0
ENSG00000112996,4230
ENSG00000112964,448
ENSG00000113100,2
ENSG00000251391,0
ENSG00000251599,0
ENSG00000251307,0
ENSG00000248471,0
ENSG00000251273,0
ENSG00000248693,0
ENSG00000151388,1444
ENSG00000248874,0
ENSG00000287090,0
ENSG00000249584,0
ENSG00000279107,0
ENSG00000250351,0
ENSG00000234602,8
ENSG00000233974,0
ENSG00000254701,2
ENSG00000248878,0
ENSG00000248605,0
ENSG00000213956,0
ENSG00000145626,0
ENSG00000248942,0
ENSG00000249099,0
ENSG00000280159,0
ENSG00000249638,0
ENSG00000248240,2
ENSG00000145526,62
ENSG00000287087,0
ENSG00000240281,0
ENSG00000249142,0
ENSG00000249332,0
ENSG00000039560,3400
ENSG00000154162,76
ENSG00000241668,0
ENSG00000276098,0
ENSG00000250524,0
ENSG00000248185,0
ENSG00000284234,0
ENSG00000248783,0
ENSG00000279557,0
ENSG00000249338,0
ENSG00000271410,0
ENSG00000070193,0
ENSG00000251033,0
ENSG00000286647,0
ENSG00000250032,0
ENSG00000250480,0
ENSG00000270495,0
ENSG00000226432,4
ENSG00000152932,418
ENSG00000251141,317
ENSG00000172244,242
ENSG00000276214,0
ENSG00000250330,0
ENSG00000250048,0
ENSG00000249199,0
ENSG00000250319,0
ENSG00000248673,25
ENSG00000250747,0
ENSG00000251294,12
ENSG00000170571,2073
ENSG00000285552,0
ENSG00000164181,4
ENSG00000250360,2
ENSG00000240627,0
ENSG00000249226,0
ENSG00000251062,0
ENSG00000249359,0
ENSG00000287176,0
ENSG00000249778,0
ENSG00000239694,0
ENSG00000244621,0
ENSG00000213949,222
ENSG00000279638,0
ENSG00000035499,1769
ENSG00000243160,0
ENSG00000248418,0
ENSG00000251613,0
ENSG00000280438,0
ENSG00000254170,13
ENSG00000250164,0
ENSG00000049860,1268
ENSG00000152380,47
ENSG00000279531,0
ENSG00000198865,9
ENSG00000039123,5699
ENSG00000287179,0
ENSG00000174695,16610
ENSG00000145681,0
ENSG00000288579,4
ENSG00000272335,789
ENSG00000251478,0
ENSG00000271752,6
ENSG00000250234,0
ENSG00000287597,0
ENSG00000249664,0
ENSG00000250124,0
ENSG00000248586,0
ENSG00000251303,0
ENSG00000038427,15842
ENSG00000249343,0
ENSG00000083720,5109
ENSG00000113387,18932
ENSG00000249854,0
ENSG00000152611,0
ENSG00000280338,0
ENSG00000224993,0
ENSG00000248577,0
ENSG00000113597,1821
ENSG00000249865,0
ENSG00000250874,0
ENSG00000249114,0
ENSG00000250629,0
ENSG00000234838,0
ENSG00000249668,0
ENSG00000249616,0
ENSG00000248891,0
ENSG00000248285,0
ENSG00000113088,0
ENSG00000198237,7
ENSG00000233828,0
ENSG00000113273,1842
ENSG00000123219,1565
ENSG00000133401,4
ENSG00000250258,0
ENSG00000249286,0
ENSG00000259786,0
ENSG00000287540,0
ENSG00000248572,0
ENSG00000285997,0
ENSG00000134480,1254
ENSG00000236068,0
ENSG00000251585,0
ENSG00000248475,0
ENSG00000244630,0
ENSG00000250306,0
ENSG00000251306,0
ENSG00000130449,1955
ENSG00000271455,0
ENSG00000251518,0
ENSG00000240412,0
ENSG00000164171,2828
ENSG00000152409,2556
ENSG00000253940,0
ENSG00000242706,0
ENSG00000214244,0
ENSG00000168621,0
ENSG00000241965,0
ENSG00000230829,0
ENSG00000243592,0
ENSG00000250697,0
ENSG00000249405,0
ENSG00000250421,0
ENSG00000164300,17985
ENSG00000248393,0
ENSG00000248779,0
ENSG00000164190,2780
ENSG00000248789,0
ENSG00000251573,0
ENSG00000131730,6
ENSG00000249776,0
ENSG00000240388,0
ENSG00000248587,0
ENSG00000248205,0
ENSG00000249855,228
ENSG00000287447,4
ENSG00000145623,1782
ENSG00000250422,0
ENSG00000253251,178
ENSG00000242858,0
ENSG00000250816,0
ENSG00000152348,379
ENSG00000250827,0
ENSG00000113319,6080
ENSG00000227762,0
ENSG00000247345,0
ENSG00000249835,0
ENSG00000254310,0
ENSG00000212930,0
ENSG00000197860,1533
ENSG00000250662,0
ENSG00000271687,0
ENSG00000113384,4894
ENSG00000238000,8
ENSG00000272130,0
ENSG00000189127,0
ENSG00000250273,0
ENSG00000271874,2
ENSG00000249236,0
ENSG00000169067,4
ENSG00000236447,0
ENSG00000112874,1472
ENSG00000248733,0
ENSG00000062194,6256
ENSG00000248708,14
ENSG00000248727,0
ENSG00000113318,1497
ENSG00000251356,2
ENSG00000164299,0
ENSG00000288349,0
ENSG00000250145,0
ENSG00000248870,0
ENSG00000250984,0
ENSG00000134061,0
ENSG00000240003,0
ENSG00000249101,0
ENSG00000168685,187
ENSG00000127184,12750
ENSG00000250081,1
ENSG00000280009,0
ENSG00000249153,0
ENSG00000250885,0
ENSG00000271904,0
ENSG00000250544,0
ENSG00000186479,30
ENSG00000214853,0
ENSG00000251450,161
ENSG00000250585,0
ENSG00000249276,0
ENSG00000279869,0
ENSG00000226926,0
ENSG00000271207,0
ENSG00000250694,0
ENSG00000250079,0
ENSG00000251376,0
ENSG00000251435,0
ENSG00000288539,0
ENSG00000287434,0
ENSG00000278958,0
ENSG00000248430,0
ENSG00000271862,22
ENSG00000152669,8
ENSG00000271035,0
ENSG00000113494,164
ENSG00000250955,0
ENSG00000251675,5
ENSG00000248935,0
ENSG00000250447,0
ENSG00000248876,0
ENSG00000273957,0
ENSG00000250391,0
ENSG00000250978,0
ENSG00000270388,0
ENSG00000217416,4
ENSG00000152495,5189
ENSG00000241059,0
ENSG00000251000,0
ENSG00000249491,0
ENSG00000214942,0
ENSG00000248195,0
ENSG00000249894,0
ENSG00000249944,0
ENSG00000249495,0
ENSG00000249439,0
ENSG00000250722,155
ENSG00000251495,70
ENSG00000270906,0
ENSG00000251093,0
ENSG00000250049,0
ENSG00000249100,0
ENSG00000249436,0
ENSG00000251023,0
ENSG00000250017,0
ENSG00000272021,4
ENSG00000251076,0
ENSG00000176183,0
ENSG00000288035,0
ENSG00000246316,0
ENSG00000164258,2107
ENSG00000249921,0
ENSG00000286853,0
ENSG00000250138,62
ENSG00000179978,8
ENSG00000250148,0
ENSG00000248950,0
ENSG00000164211,12363
ENSG00000243914,0
ENSG00000250427,0
ENSG00000249662,0
ENSG00000250308,0
ENSG00000248701,0
ENSG00000248757,0
ENSG00000253584,0
ENSG00000248363,0
ENSG00000251118,0
ENSG00000249128,0
ENSG00000175426,566
ENSG00000113391,3651
ENSG00000227087,0
ENSG00000248901,0
ENSG00000270830,0
ENSG00000132837,60
ENSG00000285151,0
ENSG00000250359,0
ENSG00000248132,0
ENSG00000285809,3
ENSG00000248967,2
ENSG00000248199,0
ENSG00000235635,0
ENSG00000250095,0
ENSG00000164309,26
ENSG00000270307,0
ENSG00000250013,0
ENSG00000248873,2
ENSG00000250099,0
ENSG00000067113,297
ENSG00000248803,0
ENSG00000248539,0
ENSG00000145782,3995
ENSG00000251125,0
ENSG00000250961,0
ENSG00000251477,0
ENSG00000251014,0
ENSG00000249904,0
ENSG00000248440,0
ENSG00000249318,0
ENSG00000250156,12
ENSG00000249515,0
ENSG00000249787,0
ENSG00000162685,0
ENSG00000274455,0
ENSG00000196900,0
ENSG00000249068,0
ENSG00000249963,0
ENSG00000254138,0
ENSG00000285042,0
ENSG00000251237,0
ENSG00000241809,0
ENSG00000248781,0
ENSG00000239870,0
ENSG00000249418,0
ENSG00000248350,0
ENSG00000249619,0
ENSG00000273860,0
ENSG00000164199,12963
ENSG00000249169,0
ENSG00000250250,0
ENSG00000250221,0
ENSG00000286048,0
ENSG00000248794,10
ENSG00000248296,0
ENSG00000248288,0
ENSG00000249697,0
ENSG00000234292,8
ENSG00000213630,0
ENSG00000249426,0
ENSG00000198961,14774
ENSG00000271797,11
ENSG00000286121,4
ENSG00000251132,0
ENSG00000197575,0
ENSG00000157107,982
ENSG00000248261,0
ENSG00000270350,0
ENSG00000285831,0
ENSG00000134982,6179
ENSG00000248648,0
ENSG00000251421,0
ENSG00000249744,0
ENSG00000250383,0
ENSG00000246859,330
ENSG00000213716,0
ENSG00000224296,0
ENSG00000248236,0
ENSG00000250650,0
ENSG00000240611,0
ENSG00000249494,0
ENSG00000250882,0
ENSG00000270225,0
ENSG00000248271,0
ENSG00000213757,45
ENSG00000272023,0
ENSG00000145794,12682
ENSG00000243385,0
ENSG00000272123,0
ENSG00000253492,0
ENSG00000232517,8
ENSG00000164400,0
ENSG00000214794,0
ENSG00000248268,0
ENSG00000215156,0
ENSG00000287390,0
ENSG00000279370,0
ENSG00000233943,0
ENSG00000250122,0
ENSG00000155324,143
ENSG00000272234,0
ENSG00000249057,0
ENSG00000113595,2405
ENSG00000260192,0
ENSG00000250244,0
ENSG00000249135,0
ENSG00000164588,437
ENSG00000250830,0
ENSG00000248769,0
ENSG00000251575,0
ENSG00000250831,0
ENSG00000129596,6473
ENSG00000232159,0
ENSG00000233006,10
ENSG00000250197,0
ENSG00000226400,2
ENSG00000250678,0
ENSG00000249620,0
ENSG00000250860,0
ENSG00000261037,0
ENSG00000164318,14
ENSG00000270232,0
ENSG00000279883,0
ENSG00000251682,0
ENSG00000249768,0
ENSG00000169570,1442
ENSG00000253776,0
ENSG00000250045,0
ENSG00000249514,0
ENSG00000249551,0
ENSG00000249238,0
ENSG00000287054,12
ENSG00000248867,0
ENSG00000279691,0
ENSG00000146021,96
ENSG00000249899,0
ENSG00000249270,0
ENSG00000248029,0
ENSG00000188850,0
ENSG00000249562,0
ENSG00000184084,0
ENSG00000250242,0
ENSG00000285804,24
ENSG00000217791,0
ENSG00000287634,0
ENSG00000275374,26
ENSG00000251311,0
ENSG00000249433,0
ENSG00000271480,0
ENSG00000244192,0
ENSG00000129595,170
ENSG00000229738,0
ENSG00000249454,0
ENSG00000250441,0
ENSG00000248464,0
ENSG00000248928,0
ENSG00000250472,0
ENSG00000251593,2
ENSG00000251601,0
ENSG00000113522,7
ENSG00000279737,0
ENSG00000271849,0
ENSG00000249069,0
ENSG00000248826,0
ENSG00000241888,0
ENSG00000250732,0
ENSG00000249990,0
ENSG00000177879,3378
ENSG00000251099,0
ENSG00000113369,2894
ENSG00000164209,4550
ENSG00000238254,0
ENSG00000279584,0
ENSG00000250949,0
ENSG00000248443,0
ENSG00000251204,0
ENSG00000240052,0
ENSG00000251072,5
ENSG00000251597,0
ENSG00000249958,0
ENSG00000254106,0
ENSG00000283897,0
ENSG00000251158,0
ENSG00000248885,0
ENSG00000113368,11012
ENSG00000134986,4687
ENSG00000286408,39
ENSG00000249984,0
ENSG00000249349,0
ENSG00000251206,0
ENSG00000243304,5
ENSG00000249736,0
ENSG00000286745,0
ENSG00000250928,0
ENSG00000278921,10
ENSG00000249023,0
ENSG00000145839,0
ENSG00000250194,0
ENSG00000250551,0
ENSG00000120708,3120
ENSG00000132840,2
ENSG00000250409,0
ENSG00000271824,4
ENSG00000248652,0
ENSG00000164176,589
ENSG00000164902,2138
ENSG00000177453,12
ENSG00000234758,0
ENSG00000250405,0
ENSG00000249438,0
ENSG00000249878,0
ENSG00000250331,0
ENSG00000250437,0
ENSG00000272416,22
ENSG00000250853,2
ENSG00000270230,0
ENSG00000058729,1986
ENSG00000251574,0
ENSG00000251616,0
ENSG00000176857,32
ENSG00000250782,0
ENSG00000229855,0
ENSG00000170549,0
ENSG00000184838,140
ENSG00000253366,0
ENSG00000259968,0
ENSG00000251367,0
ENSG00000214108,0
ENSG00000145826,0
ENSG00000205644,0
ENSG00000249261,0
ENSG00000248955,0
ENSG00000251513,0
ENSG00000249150,4
ENSG00000249249,12
ENSG00000249791,0
ENSG00000113361,20944
ENSG00000152413,1805
ENSG00000250705,0
ENSG00000270779,0
ENSG00000259861,0
ENSG00000053108,0
ENSG00000249797,0
ENSG00000248730,0
ENSG00000286543,138
ENSG00000250669,0
ENSG00000250888,0
ENSG00000113296,191
ENSG00000250461,17
ENSG00000253816,0
ENSG00000112992,4657
ENSG00000249842,0
ENSG00000250787,0
ENSG00000251187,0
ENSG00000248555,0
ENSG00000253404,10
ENSG00000248192,0
ENSG00000248674,0
ENSG00000280104,0
ENSG00000112972,58640
ENSG00000131711,102382
ENSG00000249017,0
ENSG00000249203,0
ENSG00000223442,0
ENSG00000283782,0
ENSG00000164283,0
ENSG00000287148,0
ENSG00000248979,0
ENSG00000251552,0
ENSG00000249131,0
ENSG00000251027,0
ENSG00000250446,1
ENSG00000270741,0
ENSG00000214890,0
ENSG00000286676,0
ENSG00000230929,0
ENSG00000253807,0
ENSG00000151882,0
ENSG00000279686,0
ENSG00000164512,12
ENSG00000248211,0
ENSG00000249026,4
ENSG00000286454,0
ENSG00000184188,0
ENSG00000251261,0
ENSG00000251281,0
ENSG00000248445,134
ENSG00000215630,4
ENSG00000249478,0
ENSG00000249282,0
ENSG00000249825,3
ENSG00000270513,0
ENSG00000249996,0
ENSG00000205571,504
ENSG00000279240,0
ENSG00000213755,0
ENSG00000250602,0
ENSG00000250806,0
ENSG00000285616,0
ENSG00000286111,0
ENSG00000248528,0
ENSG00000248245,0
ENSG00000250444,0
ENSG00000272203,0
ENSG00000251050,24
ENSG00000248422,0
ENSG00000173926,610
ENSG00000243859,8
ENSG00000279860,0
ENSG00000248170,0
ENSG00000249721,0
ENSG00000146005,120
ENSG00000279197,0
ENSG00000248927,17
ENSG00000176788,7190
ENSG00000248752,0
ENSG00000250947,0
ENSG00000249360,0
ENSG00000157111,0
ENSG00000249230,0
ENSG00000164219,2122
ENSG00000113658,12329
ENSG00000164197,1330
ENSG00000145649,0
ENSG00000155329,1569
ENSG00000239642,0
ENSG00000145692,0
ENSG00000249021,0
ENSG00000249089,0
ENSG00000286882,0
ENSG00000251395,0
ENSG00000248474,0
ENSG00000146006,2028
ENSG00000145780,3178
ENSG00000249071,0
ENSG00000082068,1408
ENSG00000250862,0
ENSG00000250080,0
ENSG00000248709,0
ENSG00000249605,0
ENSG00000286828,2
ENSG00000248758,0
ENSG00000213891,6
ENSG00000250482,0
ENSG00000172239,7853
ENSG00000251680,3
ENSG00000064652,1208
ENSG00000145721,996
ENSG00000230789,0
ENSG00000251387,0
ENSG00000249829,0
ENSG00000251066,2
ENSG00000249380,0
ENSG00000279118,30
ENSG00000250347,0
ENSG00000253865,0
ENSG00000272239,0
ENSG00000249607,0
ENSG00000215325,2
ENSG00000249363,0
ENSG00000223652,0
ENSG00000173930,303
ENSG00000251135,0
ENSG00000251293,0
ENSG00000113532,1008
ENSG00000249774,0
ENSG00000288008,0
ENSG00000250402,0
ENSG00000134970,11719
ENSG00000284042,0
ENSG00000186367,0
ENSG00000239528,0
ENSG00000251648,0
ENSG00000225147,0
ENSG00000249803,0
ENSG00000286503,0
ENSG00000279130,0
ENSG00000249582,0
ENSG00000164308,183
ENSG00000239602,0
ENSG00000205302,3268
ENSG00000248533,0
ENSG00000248107,0
ENSG00000249159,8
ENSG00000250672,0
ENSG00000248600,0
ENSG00000248529,0
ENSG00000271585,0
ENSG00000213488,0
ENSG00000275871,0
ENSG00000215196,24
ENSG00000169302,678
ENSG00000248722,0
ENSG00000248569,4
ENSG00000270123,0
ENSG00000249881,0
ENSG00000248351,0
ENSG00000248391,0
ENSG00000251054,0
ENSG00000249279,0
ENSG00000248295,0
ENSG00000248588,0
ENSG00000286839,0
ENSG00000271792,0
ENSG00000250847,0
ENSG00000248667,0
ENSG00000044115,20859
ENSG00000286809,0
ENSG00000271871,2
ENSG00000091009,2225
ENSG00000178996,3648
ENSG00000281938,0
ENSG00000250362,0
ENSG00000253119,0
ENSG00000248853,0
ENSG00000113272,1296
ENSG00000250583,0
ENSG00000249785,0
ENSG00000249429,0
ENSG00000253886,0
ENSG00000249285,0
ENSG00000249448,0
ENSG00000244076,0
ENSG00000250842,0
ENSG00000152684,1132
ENSG00000120137,20426
ENSG00000176049,1418
ENSG00000285190,22
ENSG00000145685,1136
ENSG00000072786,413
ENSG00000132570,799
ENSG00000240535,0
ENSG00000223548,11
ENSG00000150712,2618
ENSG00000225869,0
ENSG00000250253,0
ENSG00000251361,0
ENSG00000260686,0
ENSG00000220157,18
ENSG00000239317,0
ENSG00000287695,0
ENSG00000113657,61912
ENSG00000253141,0
ENSG00000249761,0
ENSG00000155858,872
ENSG00000214360,4
ENSG00000285618,2
ENSG00000072364,15334
ENSG00000250025,0
ENSG00000251001,0
ENSG00000250956,0
ENSG00000248525,0
ENSG00000229721,0
ENSG00000157510,6
ENSG00000145817,4342
ENSG00000213568,0
ENSG00000286238,0
ENSG00000244245,28
ENSG00000250247,0
ENSG00000253224,0
ENSG00000251031,0
ENSG00000061455,4
ENSG00000164221,1034
ENSG00000249476,4
ENSG00000205359,0
ENSG00000197948,25
ENSG00000248931,0
ENSG00000286204,0
ENSG00000253861,0
ENSG00000168938,161
ENSG00000250106,0
ENSG00000287783,0
ENSG00000261036,46
ENSG00000113638,1956
ENSG00000224012,0
ENSG00000286736,0
ENSG00000113441,1636
ENSG00000165810,2
ENSG00000287527,0
ENSG00000155846,20
ENSG00000249792,0
ENSG00000254351,0
ENSG00000226272,0
ENSG00000244331,0
ENSG00000131507,23502
ENSG00000253630,0
ENSG00000244968,122
ENSG00000273569,0
ENSG00000285736,0
ENSG00000214743,0
ENSG00000251538,0
ENSG00000231585,0
ENSG00000064651,3462
ENSG00000251102,8
ENSG00000168246,6308
ENSG00000243758,0
ENSG00000253218,0
ENSG00000251389,0
ENSG00000250284,0
ENSG00000248125,0
ENSG00000113552,108
ENSG00000206356,0
ENSG00000250158,0
ENSG00000253743,0
ENSG00000253768,4
ENSG00000248616,0
ENSG00000161021,1922
ENSG00000251026,0
ENSG00000235253,0
ENSG00000280047,44
ENSG00000251214,0
ENSG00000164576,2280
ENSG00000287862,6
ENSG00000254373,6
ENSG00000271679,0
ENSG00000245060,0
ENSG00000249167,53
ENSG00000248909,0
ENSG00000287630,6
ENSG00000197744,32
ENSG00000261757,4
ENSG00000240411,0
ENSG00000243538,4
ENSG00000158458,10
ENSG00000113643,4816
ENSG00000251193,0
ENSG00000253908,0
ENSG00000254164,0
ENSG00000221886,1291
ENSG00000233913,656
ENSG00000240058,0
ENSG00000253772,0
ENSG00000285605,0
ENSG00000213376,0
ENSG00000251205,0
ENSG00000253512,0
ENSG00000213414,0
ENSG00000249174,0
ENSG00000285366,0
ENSG00000112984,2372
ENSG00000251201,0
ENSG00000249229,0
ENSG00000174132,266
ENSG00000145781,2199
ENSG00000254066,6
ENSG00000145779,194
ENSG00000249518,0
ENSG00000270612,0
ENSG00000249977,0
ENSG00000225364,0
ENSG00000250329,0
ENSG00000249031,16
ENSG00000254192,0
ENSG00000228716,9931
ENSG00000249772,0
ENSG00000156463,14
ENSG00000253422,0
ENSG00000250438,0
ENSG00000248234,0
ENSG00000253955,14
ENSG00000174705,6071
ENSG00000164621,0
ENSG00000249449,0
ENSG00000183775,229
ENSG00000253331,0
ENSG00000244088,0
ENSG00000227836,0
ENSG00000253946,0
ENSG00000275740,0
ENSG00000287726,0
ENSG00000253693,32
ENSG00000113196,0
ENSG00000273217,0
ENSG00000286128,0
ENSG00000250972,0
ENSG00000188573,166
ENSG00000248156,0
ENSG00000253538,0
ENSG00000253858,0
ENSG00000248112,0
ENSG00000285549,0
ENSG00000286953,0
ENSG00000250256,0
ENSG00000253792,0
ENSG00000164611,5104
ENSG00000164399,0
ENSG00000249156,0
ENSG00000286509,0
ENSG00000248105,0
ENSG00000120705,12301
ENSG00000251487,0
ENSG00000254293,0
ENSG00000286134,6
ENSG00000253673,0
ENSG00000250721,0
ENSG00000270839,0
ENSG00000145819,292
ENSG00000248929,0
ENSG00000251670,0
ENSG00000164265,0
ENSG00000213661,0
ENSG00000250313,0
ENSG00000287814,0
ENSG00000254239,0
ENSG00000173261,6
ENSG00000081791,1609
ENSG00000022355,30
ENSG00000253647,0
ENSG00000253109,0
ENSG00000253522,4
ENSG00000254186,2
ENSG00000118985,790
ENSG00000249526,2
ENSG00000131459,102
ENSG00000253591,0
ENSG00000249857,0
ENSG00000232916,0
ENSG00000226040,2
ENSG00000254047,0
ENSG00000251144,0
ENSG00000249600,0
ENSG00000113578,54
ENSG00000213730,0
ENSG00000164284,2858
ENSG00000288569,0
ENSG00000164616,2
ENSG00000120149,46
ENSG00000253927,0
ENSG00000204754,0
ENSG00000236714,2
ENSG00000254200,0
ENSG00000253348,0
ENSG00000145919,2716
ENSG00000253449,0
ENSG00000278925,0
ENSG00000164609,2836
ENSG00000120318,24
ENSG00000253683,30
ENSG00000253311,0
ENSG00000118322,421
ENSG00000204764,387
ENSG00000250015,3
ENSG00000181867,0
ENSG00000170091,2290
ENSG00000248400,0
ENSG00000113580,1300
ENSG00000251122,0
ENSG00000249421,2
ENSG00000248647,0
ENSG00000254042,131
ENSG00000113303,0
ENSG00000280161,6
ENSG00000253424,0
ENSG00000253966,0
ENSG00000113594,26254
ENSG00000248293,0
ENSG00000253687,0
ENSG00000251556,0
ENSG00000145715,2331
ENSG00000243664,0
ENSG00000253618,6
ENSG00000082515,1108
ENSG00000186952,76
ENSG00000253445,0
ENSG00000251314,0
ENSG00000164904,8976
ENSG00000286182,0
ENSG00000253134,0
ENSG00000185056,12
ENSG00000183072,0
ENSG00000253244,0
ENSG00000170214,2
ENSG00000249403,0
ENSG00000231579,0
ENSG00000253646,0
ENSG00000249287,0
ENSG00000276778,0
ENSG00000171522,70
ENSG00000183111,51
ENSG00000123213,6285
ENSG00000248355,0
ENSG00000253261,0
ENSG00000213316,0
ENSG00000253406,0
ENSG00000254299,0
ENSG00000248761,0
ENSG00000254391,0
ENSG00000279679,0
ENSG00000271477,0
ENSG00000184845,0
ENSG00000231228,0
ENSG00000248965,0
ENSG00000253447,0
ENSG00000254226,0
ENSG00000287323,0
ENSG00000171992,2389
ENSG00000120725,508
ENSG00000286749,0
ENSG00000286350,0
ENSG00000250346,0
ENSG00000113300,12966
ENSG00000253852,0
ENSG00000280318,0
ENSG00000249950,0
ENSG00000127743,0
ENSG00000094755,0
ENSG00000254135,0
ENSG00000013561,3510
ENSG00000214357,101
ENSG00000254011,0
ENSG00000279752,0
ENSG00000286657,0
ENSG00000270442,0
ENSG00000039319,3355
ENSG00000285865,0
ENSG00000168903,0
ENSG00000253686,2
ENSG00000161013,1883
ENSG00000278965,0
ENSG00000039600,6
ENSG00000254099,0
ENSG00000164466,6413
ENSG00000248222,0
ENSG00000253968,0
ENSG00000213285,0
ENSG00000242080,0
ENSG00000249412,0
ENSG00000249722,0
ENSG00000242683,1
ENSG00000187658,0
ENSG00000249593,12
ENSG00000226650,14
ENSG00000248687,0
ENSG00000253480,0
ENSG00000253428,0
ENSG00000250692,0
ENSG00000198108,332
ENSG00000254336,0
ENSG00000249545,0
ENSG00000178776,0
ENSG00000254350,0
ENSG00000249484,48
ENSG00000213655,0
ENSG00000248308,0
ENSG00000198944,0
ENSG00000245317,66
ENSG00000242477,14
ENSG00000230612,1
ENSG00000249061,0
ENSG00000164402,1073
ENSG00000250309,0
ENSG00000113742,4125
ENSG00000249042,6
ENSG00000253959,0
ENSG00000070614,4334
ENSG00000240083,0
ENSG00000113269,3191
ENSG00000248362,0
ENSG00000213701,1
ENSG00000161011,3285
ENSG00000287203,0
ENSG00000145882,868
ENSG00000272085,0
ENSG00000279698,0
ENSG00000152377,4377
ENSG00000248668,54
ENSG00000248202,8
ENSG00000113520,0
ENSG00000283776,0
ENSG00000286164,0
ENSG00000213940,0
ENSG00000253236,0
ENSG00000251243,0
ENSG00000254333,0
ENSG00000133706,14131
ENSG00000287003,0
ENSG00000248610,0
ENSG00000226810,0
ENSG00000250509,0
ENSG00000287963,0
ENSG00000251548,4
ENSG00000146090,0
ENSG00000215231,0
ENSG00000249876,0
ENSG00000198939,154
ENSG00000251370,1
ENSG00000251320,0
ENSG00000249293,0
ENSG00000251035,0
ENSG00000249312,0
ENSG00000253600,0
ENSG00000250492,2
ENSG00000249751,0
ENSG00000145861,0
ENSG00000250529,0
ENSG00000086589,2634
ENSG00000164574,14142
ENSG00000249843,0
ENSG00000251426,0
ENSG00000248765,0
ENSG00000270430,0
ENSG00000284356,0
ENSG00000164325,0
ENSG00000151883,2105
ENSG00000242979,0
ENSG00000263746,0
ENSG00000201026,0
ENSG00000223007,0
ENSG00000284000,0
ENSG00000199773,0
ENSG00000237611,0
ENSG00000239112,0
ENSG00000222054,0
ENSG00000212258,0
ENSG00000266415,0
ENSG00000216077,0
ENSG00000212305,0
ENSG00000201715,0
ENSG00000202269,0
ENSG00000253093,0
ENSG00000222312,0
ENSG00000201436,0
ENSG00000276764,0
ENSG00000241552,0
ENSG00000251990,0
ENSG00000252908,0
ENSG00000212278,0
ENSG00000206814,0
ENSG00000277455,0
ENSG00000252083,0
ENSG00000200600,0
ENSG00000222560,0
ENSG00000206912,0
ENSG00000201016,0
ENSG00000199911,0
ENSG00000223136,0
ENSG00000252601,0
ENSG00000199731,0
ENSG00000207052,0
ENSG00000207956,0
ENSG00000223004,0
ENSG00000200065,7
ENSG00000207261,0
ENSG00000252373,0
ENSG00000251887,0
ENSG00000266243,0
ENSG00000252867,0
ENSG00000222743,0
ENSG00000206743,0
ENSG00000201368,0
ENSG00000265304,0
ENSG00000238441,0
ENSG00000199552,0
ENSG00000199361,0
ENSG00000207060,0
ENSG00000206606,0
ENSG00000199487,0
ENSG00000263556,0
ENSG00000222960,0
ENSG00000207627,0
ENSG00000241230,0
ENSG00000265421,0
ENSG00000212561,0
ENSG00000212265,0
ENSG00000251873,0
ENSG00000210678,0
ENSG00000207229,0
ENSG00000198983,0
ENSG00000207728,0
ENSG00000251856,0
ENSG00000207293,0
ENSG00000253032,0
ENSG00000223003,0
ENSG00000265135,0
ENSG00000207439,0
ENSG00000242547,0
ENSG00000201869,0
ENSG00000207352,0
ENSG00000212215,0
ENSG00000264099,0
ENSG00000238913,0
ENSG00000244326,0
ENSG00000251828,0
ENSG00000202601,0
ENSG00000202017,0
ENSG00000207391,0
ENSG00000273701,0
ENSG00000275634,0
ENSG00000276233,0
ENSG00000202157,0
ENSG00000265684,0
ENSG00000253073,0
ENSG00000206744,0
ENSG00000238835,0
ENSG00000264342,0
ENSG00000251951,0
ENSG00000265919,0
ENSG00000241243,0
ENSG00000207452,0
ENSG00000200462,0
ENSG00000252861,0
ENSG00000207013,0
ENSG00000201955,0
ENSG00000283359,0
ENSG00000206592,0
ENSG00000206698,0
ENSG00000206774,0
ENSG00000284078,0
ENSG00000277818,0
ENSG00000207129,0
ENSG00000206958,0
ENSG00000200884,0
ENSG00000276426,0
ENSG00000277506,0
ENSG00000221263,0
ENSG00000207077,0
ENSG00000277001,0
ENSG00000207269,0
ENSG00000199378,0
ENSG00000222987,0
ENSG00000199643,0
ENSG00000207404,0
ENSG00000207578,0
ENSG00000206997,0
ENSG00000206593,0
ENSG00000202512,0
ENSG00000253057,0
ENSG00000212370,0
ENSG00000199786,0
ENSG00000201910,0
ENSG00000239808,0
ENSG00000252881,0
ENSG00000212457,0
ENSG00000222598,0
ENSG00000283498,166
ENSG00000276047,0
ENSG00000243333,0
ENSG00000221436,0
ENSG00000238363,0
ENSG00000252185,0
ENSG00000207177,0
ENSG00000223179,0
ENSG00000206786,0
ENSG00000264536,0
ENSG00000222107,0
ENSG00000252514,0
ENSG00000251975,0
ENSG00000201790,0
ENSG00000265691,0
ENSG00000263432,0
ENSG00000202082,0
ENSG00000222609,0
ENSG00000221562,0
ENSG00000199455,0
ENSG00000275939,0
ENSG00000252337,0
ENSG00000222285,0
ENSG00000277859,0
ENSG00000278815,0
ENSG00000274934,0
ENSG00000275646,0
ENSG00000277524,0
ENSG00000199677,0
ENSG00000221287,0
ENSG00000200756,0
ENSG00000216009,0
ENSG00000238904,0
ENSG00000266478,0
ENSG00000239390,0
ENSG00000201423,0
ENSG00000253023,0
ENSG00000238374,0
ENSG00000276365,0
ENSG00000284182,0
ENSG00000221043,0
ENSG00000277968,0
ENSG00000274721,18
ENSG00000222213,0
ENSG00000252068,0
ENSG00000241963,0
ENSG00000199047,0
ENSG00000265237,0
ENSG00000283733,0
ENSG00000201532,0
ENSG00000201474,0
ENSG00000206819,0
ENSG00000242928,0
ENSG00000221430,0
ENSG00000202417,0
ENSG00000244501,0
ENSG00000252794,0
ENSG00000199035,0
ENSG00000283612,0
ENSG00000212529,0
ENSG00000222626,0
ENSG00000199219,0
ENSG00000207739,0
ENSG00000202345,0
ENSG00000207619,0
ENSG00000252169,0
ENSG00000266890,0
ENSG00000201277,0
ENSG00000206845,0
ENSG00000274994,0
ENSG00000251998,0
ENSG00000265160,0
ENSG00000199892,0
ENSG00000277912,0
ENSG00000200555,0
ENSG00000222852,0
ENSG00000198995,0
ENSG00000206686,0
ENSG00000221394,0
ENSG00000222448,0
ENSG00000252202,0
ENSG00000131183,0
ENSG00000196570,0
ENSG00000198055,972
ENSG00000131188,256
ENSG00000279821,5
ENSG00000248996,0
ENSG00000183258,1952
ENSG00000164296,433
ENSG00000113716,1389
ENSG00000248696,0
ENSG00000241907,0
ENSG00000182578,7
ENSG00000214485,136
ENSG00000199409,0
ENSG00000113721,1205
ENSG00000249180,0
ENSG00000164307,1280
ENSG00000248734,2
ENSG00000272109,0
ENSG00000199540,0
ENSG00000185028,0
ENSG00000261434,0
ENSG00000164366,1464
ENSG00000260774,16
ENSG00000286001,24
ENSG00000250848,2
ENSG00000214278,0
ENSG00000250645,0
ENSG00000180104,966
ENSG00000188242,0
ENSG00000066230,4
ENSG00000225138,106
ENSG00000250385,0
ENSG00000264233,0
ENSG00000249650,4
ENSG00000112877,96
ENSG00000171368,28
ENSG00000271781,0
ENSG00000249908,0
ENSG00000285522,0
ENSG00000250020,0
ENSG00000247872,0
ENSG00000252533,0
ENSG00000281398,208
ENSG00000252213,0
ENSG00000200959,0
ENSG00000015479,26
ENSG00000199545,0
ENSG00000253015,0
ENSG00000120727,4820
ENSG00000272742,0
ENSG00000170482,2
ENSG00000170476,0
ENSG00000228672,12
ENSG00000170464,3940
ENSG00000200378,0
ENSG00000272411,0
ENSG00000251842,0
ENSG00000207714,0
ENSG00000200161,0
ENSG00000178394,0
ENSG00000164398,75
ENSG00000269466,0
ENSG00000177034,3735
ENSG00000170231,0
ENSG00000184347,55
ENSG00000152422,683
ENSG00000145494,1633
ENSG00000132911,0
ENSG00000069018,0
ENSG00000243414,0
ENSG00000205572,86
ENSG00000135074,3605
ENSG00000287031,13
ENSG00000215218,64
ENSG00000271230,0
ENSG00000037474,2735
ENSG00000145545,2310
ENSG00000248677,0
ENSG00000112941,1285
ENSG00000272071,0
ENSG00000283420,0
ENSG00000200243,0
ENSG00000215032,0
ENSG00000233847,0
ENSG00000279985,0
ENSG00000276945,0
ENSG00000188725,4578
ENSG00000169567,10037
ENSG00000186687,1320
ENSG00000169247,82
ENSG00000253417,4
ENSG00000145863,0
ENSG00000253403,0
ENSG00000118990,0
ENSG00000247311,0
ENSG00000249610,0
ENSG00000272139,0
ENSG00000249621,0
ENSG00000249916,0
ENSG00000287794,0
ENSG00000064692,1224
ENSG00000113073,0
ENSG00000222790,0
ENSG00000131503,38
ENSG00000254996,42
ENSG00000243056,0
ENSG00000283155,0
ENSG00000251453,0
ENSG00000240518,0
ENSG00000131495,769
ENSG00000256453,0
ENSG00000112855,727
ENSG00000146007,5550
ENSG00000250515,0
ENSG00000248106,0
ENSG00000279726,50
ENSG00000204970,0
ENSG00000204969,338
ENSG00000255408,81
ENSG00000204967,747
ENSG00000204965,28
ENSG00000081842,426
ENSG00000204963,28
ENSG00000204962,3
ENSG00000204961,8
ENSG00000278907,0
ENSG00000250120,87
ENSG00000249504,0
ENSG00000278946,0
ENSG00000249158,92
ENSG00000251664,195
ENSG00000278915,0
ENSG00000278901,0
ENSG00000239389,0
ENSG00000279028,10
ENSG00000243232,261
ENSG00000171815,0
ENSG00000275038,0
ENSG00000164438,3
ENSG00000213393,0
ENSG00000265740,0
ENSG00000254256,0
ENSG00000206909,0
ENSG00000254012,2
ENSG00000264249,0
ENSG00000156427,6
ENSG00000168269,2
ENSG00000253219,0
ENSG00000249601,0
ENSG00000145936,2
ENSG00000043462,6
ENSG00000288615,0
ENSG00000250274,0
ENSG00000170445,2769
ENSG00000207317,0
ENSG00000245146,6
ENSG00000185129,1186
ENSG00000182700,106
ENSG00000254363,0
ENSG00000120306,552
ENSG00000250069,0
ENSG00000113068,2418
ENSG00000258864,0
ENSG00000153037,954
ENSG00000129625,6227
ENSG00000249947,12
ENSG00000212643,0
ENSG00000253321,0
ENSG00000260871,0
ENSG00000255647,0
ENSG00000176055,951
ENSG00000113356,294
ENSG00000176018,2138
ENSG00000280776,2
ENSG00000113327,66
ENSG00000244073,20
ENSG00000271378,0
ENSG00000228212,0
ENSG00000242493,0
ENSG00000270558,34
ENSG00000251880,0
ENSG00000250539,0
ENSG00000249400,0
ENSG00000168944,1559
ENSG00000253146,0
ENSG00000264760,0
ENSG00000221552,0
ENSG00000274472,0
ENSG00000272197,0
ENSG00000241187,0
ENSG00000170271,208
ENSG00000277039,0
ENSG00000263361,0
ENSG00000082516,2676
ENSG00000199279,0
ENSG00000268942,2
ENSG00000241991,0
ENSG00000240436,0
ENSG00000186105,0
ENSG00000145864,812
ENSG00000288643,0
ENSG00000205089,0
ENSG00000187678,3311
ENSG00000196670,1336
ENSG00000131446,2319
ENSG00000153140,1588
ENSG00000182132,186
ENSG00000113282,6382
ENSG00000086200,3038
ENSG00000113555,27
ENSG00000113119,56
ENSG00000112983,1767
ENSG00000113645,2084
ENSG00000158987,528
ENSG00000092421,15326
ENSG00000164188,58
ENSG00000152503,1972
ENSG00000173210,0
ENSG00000132912,8989
ENSG00000164591,10
ENSG00000164180,708
ENSG00000155545,4485
ENSG00000248383,450
ENSG00000268799,0
ENSG00000113407,10008
ENSG00000251656,0
ENSG00000249516,0
ENSG00000250711,0
ENSG00000271788,0
ENSG00000272382,0
ENSG00000272144,0
ENSG00000278487,0
ENSG00000249779,0
ENSG00000249888,0
ENSG00000247763,62
ENSG00000153113,2948
ENSG00000185641,88
ENSG00000272265,0
ENSG00000241870,0
ENSG00000214295,0
ENSG00000248560,0
ENSG00000222937,0
ENSG00000206989,0
ENSG00000232174,0
ENSG00000238745,0
ENSG00000113013,12715
ENSG00000251543,0
ENSG00000249149,0
ENSG00000251493,0
ENSG00000247993,0
ENSG00000251604,0
ENSG00000251324,0
ENSG00000255883,2
ENSG00000164331,529
ENSG00000164338,2352
ENSG00000253213,0
ENSG00000152700,3235
ENSG00000207459,0
ENSG00000113615,3409
ENSG00000201298,0
ENSG00000222266,0
ENSG00000164615,3554
ENSG00000145833,5009
ENSG00000241179,0
ENSG00000181904,11771
ENSG00000270892,0
ENSG00000113621,1692
ENSG00000279799,4
ENSG00000288081,0
ENSG00000260581,0
ENSG00000249035,0
ENSG00000222102,0
ENSG00000272112,0
ENSG00000177556,723
ENSG00000253921,2
ENSG00000213433,0
ENSG00000145888,0
ENSG00000270978,0
ENSG00000222308,0
ENSG00000201623,0
ENSG00000182631,0
ENSG00000164175,0
ENSG00000250914,0
ENSG00000273294,0
ENSG00000250767,0
ENSG00000082196,10
ENSG00000278900,0
ENSG00000279995,0
ENSG00000271771,0
ENSG00000243959,0
ENSG00000207420,0
ENSG00000169258,601
ENSG00000074317,18
ENSG00000266329,0
ENSG00000175766,0
ENSG00000048140,2736
ENSG00000151304,937
ENSG00000113083,2359
ENSG00000181163,63429
ENSG00000164182,643
ENSG00000168671,10
ENSG00000251591,0
ENSG00000164187,2516
ENSG00000207756,0
ENSG00000201223,0
ENSG00000152620,2317
ENSG00000245711,4
ENSG00000145604,4376
ENSG00000145907,23857
ENSG00000259757,0
ENSG00000170561,0
ENSG00000281560,0
ENSG00000169252,0
ENSG00000164287,0
ENSG00000164403,0
ENSG00000131437,1557
ENSG00000155508,5722
ENSG00000158985,5072
ENSG00000164266,2
ENSG00000050748,1774
ENSG00000197226,2845
ENSG00000151881,828
ENSG00000156453,480
ENSG00000082074,0
ENSG00000164172,2675
ENSG00000253067,0
ENSG00000227616,0
ENSG00000235775,0
ENSG00000224015,0
ENSG00000237714,0
ENSG00000224431,0
ENSG00000283678,0
ENSG00000131435,108
ENSG00000197208,6
ENSG00000263597,0
ENSG00000206682,0
ENSG00000082213,2838
ENSG00000279923,6
ENSG00000199765,0
ENSG00000072682,296
ENSG00000091010,8
ENSG00000271724,0
ENSG00000248842,0
ENSG00000277568,0
ENSG00000250407,0
ENSG00000280646,0
ENSG00000241291,0
ENSG00000113360,2784
ENSG00000207222,0
ENSG00000240250,0
ENSG00000280420,0
ENSG00000156475,888
ENSG00000248568,0
ENSG00000249553,0
ENSG00000286468,0
ENSG00000250343,2
ENSG00000285868,0
ENSG00000172568,0
ENSG00000251405,0
ENSG00000248544,0
ENSG00000253155,0
ENSG00000172548,6
ENSG00000253519,0
ENSG00000247372,0
ENSG00000113161,40518
ENSG00000242198,7
ENSG00000050767,125
ENSG00000271681,0
ENSG00000253698,0
ENSG00000242341,0
ENSG00000245688,0
ENSG00000252464,0
ENSG00000176783,1378
ENSG00000249140,0
ENSG00000244945,0
ENSG00000204661,0
ENSG00000228259,0
ENSG00000250999,0
ENSG00000204659,0
ENSG00000225051,2
ENSG00000127022,75919
ENSG00000222178,0
ENSG00000242292,0
ENSG00000274441,0
ENSG00000272103,15
ENSG00000285967,3904
ENSG00000249850,0
ENSG00000248462,0
ENSG00000243744,0
ENSG00000251423,0
ENSG00000183876,90
ENSG00000070814,950
ENSG00000286331,1
ENSG00000164587,63869
ENSG00000079215,29772
ENSG00000094880,2851
ENSG00000249851,0
ENSG00000158402,905
ENSG00000120709,4078
ENSG00000249971,0
ENSG00000120733,7618
ENSG00000271196,0
ENSG00000120738,1128
ENSG00000241458,4
ENSG00000197603,1120
ENSG00000285914,0
ENSG00000253110,0
ENSG00000185662,0
ENSG00000072803,7110
ENSG00000197536,10
ENSG00000202533,0
ENSG00000113525,0
ENSG00000251183,0
ENSG00000261382,0
ENSG00000055147,2408
ENSG00000037749,8012
ENSG00000125347,41
ENSG00000248493,0
ENSG00000176087,2437
ENSG00000283602,0
ENSG00000200275,0
ENSG00000286690,0
ENSG00000253370,0
ENSG00000254163,0
ENSG00000199468,0
ENSG00000231989,10
ENSG00000170624,58
ENSG00000086189,562
ENSG00000226544,2
ENSG00000223497,0
ENSG00000206770,0
ENSG00000249085,0
ENSG00000263593,0
ENSG00000242602,0
ENSG00000271926,14
ENSG00000272081,18
ENSG00000251467,0
ENSG00000248930,0
ENSG00000184349,1345
ENSG00000249959,0
ENSG00000248827,2
ENSG00000239708,0
ENSG00000251732,0
ENSG00000249577,124
ENSG00000271766,12
ENSG00000250859,0
ENSG00000164244,6595
ENSG00000282925,0
ENSG00000248799,0
ENSG00000251032,0
ENSG00000250603,0
ENSG00000204928,0
ENSG00000134058,1036
ENSG00000183323,30
ENSG00000213830,0
ENSG00000215006,0
ENSG00000271045,0
ENSG00000085231,1357
ENSG00000152942,2090
ENSG00000152939,30
ENSG00000244717,0
ENSG00000249295,0
ENSG00000266477,0
ENSG00000212260,0
ENSG00000183474,366
ENSG00000197822,188
ENSG00000113396,65
ENSG00000248634,0
ENSG00000288697,0
ENSG00000066583,1442
ENSG00000264563,0
ENSG00000286274,0
ENSG00000250448,0
ENSG00000248403,0
ENSG00000248150,0
ENSG00000249737,0
ENSG00000173545,1500
ENSG00000250415,0
ENSG00000201370,0
ENSG00000288622,0
ENSG00000171617,65829
ENSG00000256235,374
ENSG00000112893,2462
ENSG00000113739,62
ENSG00000182613,0
ENSG00000177721,0
ENSG00000113108,74
ENSG00000169777,2
ENSG00000146094,62
ENSG00000249541,0
ENSG00000251374,0
ENSG00000186468,25954
ENSG00000172795,15378
ENSG00000168916,1145
ENSG00000249112,4
ENSG00000251456,0
ENSG00000242814,0
ENSG00000248626,14
ENSG00000199398,0
ENSG00000113312,2695
ENSG00000223908,0
ENSG00000247699,0
ENSG00000145808,75
ENSG00000145632,1376
ENSG00000271257,0
ENSG00000265699,0
ENSG00000250127,0
ENSG00000250958,0
ENSG00000250682,4
ENSG00000247402,0
ENSG00000286338,0
ENSG00000175749,0
ENSG00000145723,528
ENSG00000185372,0
ENSG00000251724,0
ENSG00000251663,0
ENSG00000113163,2604
ENSG00000248881,0
ENSG00000189045,0
ENSG00000039139,72
ENSG00000049167,1332
ENSG00000235558,0
ENSG00000250387,0
ENSG00000253985,0
ENSG00000249981,0
ENSG00000253536,0
ENSG00000247911,0
ENSG00000164326,0
ENSG00000278824,0
ENSG00000202092,0
ENSG00000213663,0
ENSG00000249919,0
ENSG00000250895,0
ENSG00000234259,0
ENSG00000133835,6610
ENSG00000154153,655
ENSG00000083312,22842
ENSG00000213523,1061
ENSG00000043143,177
ENSG00000120314,483
ENSG00000158497,0
ENSG00000174339,0
ENSG00000173250,0
ENSG00000113649,2314
ENSG00000279446,0
ENSG00000204956,70
ENSG00000081853,110
ENSG00000254245,4445
ENSG00000254221,16
ENSG00000280026,0
ENSG00000262576,78
ENSG00000253910,417
ENSG00000253485,50
ENSG00000262209,31
ENSG00000253731,111
ENSG00000253537,381
ENSG00000253953,64
ENSG00000253767,8
ENSG00000261934,529
ENSG00000253846,51
ENSG00000254122,112
ENSG00000253873,4
ENSG00000248449,0
ENSG00000279855,0
ENSG00000253159,10
ENSG00000276545,21
ENSG00000273557,0
ENSG00000240184,6759
ENSG00000242020,0
ENSG00000242419,0
ENSG00000240764,32
ENSG00000246422,0
ENSG00000240974,0
ENSG00000228737,0
ENSG00000171720,1893
ENSG00000164620,19
ENSG00000276547,32
ENSG00000221990,108
ENSG00000063438,1
ENSG00000145730,10380
ENSG00000172262,1905
ENSG00000164241,2
ENSG00000214944,10
ENSG00000172869,2231
ENSG00000145908,1786
ENSG00000086570,14
ENSG00000186314,138
ENSG00000164329,1994
ENSG00000131844,4190
ENSG00000186493,0
ENSG00000248473,0
ENSG00000146054,6
ENSG00000250900,0
ENSG00000248514,0
ENSG00000286644,0
ENSG00000146063,1013
ENSG00000264732,0
ENSG00000247049,0
ENSG00000204628,62047
ENSG00000272296,0
ENSG00000264549,0
ENSG00000286310,2
ENSG00000248103,0
ENSG00000274525,2
ENSG00000222533,0
ENSG00000183718,145
ENSG00000249647,0
ENSG00000270021,14
ENSG00000251380,0
ENSG00000255833,0
ENSG00000249639,0
ENSG00000249915,143
ENSG00000160867,6
ENSG00000240729,0
ENSG00000270706,0
ENSG00000169228,43
ENSG00000169230,1491
ENSG00000239393,0
ENSG00000169220,70
ENSG00000028310,1615
ENSG00000071539,2110
ENSG00000287600,2
ENSG00000248949,0
ENSG00000250173,0
ENSG00000272347,0
ENSG00000145506,2
ENSG00000113504,58
ENSG00000263834,0
ENSG00000201274,0
ENSG00000164405,1749
ENSG00000164406,5
ENSG00000165671,3298
ENSG00000286634,0
ENSG00000113722,0
ENSG00000161010,112
ENSG00000145743,2430
ENSG00000185305,2352
ENSG00000067248,1838
ENSG00000205765,6747
ENSG00000132563,2928
ENSG00000113240,652
ENSG00000073578,236
ENSG00000113448,1902
ENSG00000135083,398
ENSG00000170606,16907
ENSG00000169194,0
ENSG00000145734,2004
ENSG00000151422,1992
ENSG00000172901,3
ENSG00000131504,5368
ENSG00000217128,1977
ENSG00000222111,0
ENSG00000200648,0
ENSG00000113749,24
ENSG00000145741,20304
ENSG00000237693,6
ENSG00000069020,206
ENSG00000113758,17037
ENSG00000253305,206
ENSG00000175471,1256
ENSG00000153404,164
ENSG00000132915,0
ENSG00000251583,0
ENSG00000200334,0
ENSG00000155850,5958
ENSG00000197375,59
ENSG00000249372,0
ENSG00000251605,0
ENSG00000200331,0
ENSG00000206714,0
ENSG00000164404,52
ENSG00000188818,12
ENSG00000279558,0
ENSG00000112852,64
ENSG00000272154,0
ENSG00000113205,214
ENSG00000272108,8
ENSG00000081818,10
ENSG00000113209,4654
ENSG00000280029,0
ENSG00000113211,120
ENSG00000280336,0
ENSG00000113212,14
ENSG00000120322,289
ENSG00000279472,12
ENSG00000272674,244
ENSG00000279068,0
ENSG00000278936,0
ENSG00000177839,135
ENSG00000279375,12
ENSG00000120324,1233
ENSG00000197479,107
ENSG00000120328,914
ENSG00000187372,429
ENSG00000120327,2305
ENSG00000279983,0
ENSG00000113248,2108
ENSG00000277795,2
ENSG00000178913,10896
ENSG00000120329,0
ENSG00000273841,2148
ENSG00000287067,0
ENSG00000270697,0
ENSG00000250159,0
ENSG00000120729,0
ENSG00000078795,10
ENSG00000113141,2925
ENSG00000205464,317
ENSG00000251235,0
ENSG00000250574,0
ENSG00000249713,0
ENSG00000164220,18
ENSG00000225407,27
ENSG00000277188,0
ENSG00000278237,0
ENSG00000181104,13069
ENSG00000164251,429
ENSG00000264391,0
ENSG00000253295,0
ENSG00000213386,0
ENSG00000120129,476
ENSG00000206741,0
ENSG00000270243,0
ENSG00000253628,0
ENSG00000204758,6
ENSG00000254295,0
ENSG00000037241,1619
ENSG00000253785,2
ENSG00000113732,4036
ENSG00000254328,0
ENSG00000212402,0
ENSG00000207210,0
ENSG00000164463,1042
ENSG00000253439,0
ENSG00000253172,0
ENSG00000113734,475
ENSG00000145642,4
ENSG00000153006,3674
ENSG00000113719,5597
ENSG00000153015,1561
ENSG00000146083,2058
ENSG00000248484,0
ENSG00000251446,0
ENSG00000248859,0
ENSG00000074276,50
ENSG00000049192,22
ENSG00000170469,86
ENSG00000175857,0
ENSG00000246323,6
ENSG00000250260,0
ENSG00000222924,0
ENSG00000061492,0
ENSG00000112981,381
ENSG00000212460,3
ENSG00000199880,0
ENSG00000031003,2510
ENSG00000164347,2198
ENSG00000207336,0
ENSG00000164346,6614
ENSG00000199645,0
ENSG00000250071,2
ENSG00000271714,2
ENSG00000212363,0
ENSG00000198780,435
ENSG00000268223,0
ENSG00000019582,2
ENSG00000205279,0
ENSG00000213347,99
ENSG00000155506,10502
ENSG00000286818,0
ENSG00000241956,235
ENSG00000289478,0
ENSG00000249808,0
ENSG00000250891,0
ENSG00000286271,0
ENSG00000289462,6
ENSG00000289601,0
ENSG00000283286,0
ENSG00000289184,0
ENSG00000289267,0
ENSG00000288774,0
ENSG00000288936,0
ENSG00000289206,0
ENSG00000249362,8
ENSG00000250358,627
ENSG00000249306,0
ENSG00000288741,26
ENSG00000248323,2
ENSG00000249740,20
ENSG00000215246,2
ENSG00000288799,0
ENSG00000283462,0
ENSG00000251443,0
ENSG00000288846,0
ENSG00000249937,4
ENSG00000288883,0
ENSG00000288740,0
ENSG00000250579,98
ENSG00000250320,28
ENSG00000248663,0
ENSG00000289170,0
ENSG00000288967,0
ENSG00000247199,127
ENSG00000289337,0
ENSG00000249116,0
ENSG00000229666,0
ENSG00000289060,0
ENSG00000247572,254
ENSG00000289540,0
ENSG00000289639,4
ENSG00000289085,0
ENSG00000288965,0
ENSG00000289430,0
ENSG00000289054,0
ENSG00000289306,7
ENSG00000178172,0
ENSG00000249503,0
ENSG00000248109,0
ENSG00000214510,0
ENSG00000196800,0
ENSG00000248966,6
ENSG00000248428,4
ENSG00000251627,0
ENSG00000145777,10
ENSG00000253613,0
ENSG00000134987,4205
ENSG00000250728,0
ENSG00000214784,46
ENSG00000169223,5046
ENSG00000246334,82
ENSG00000250114,0
ENSG00000113328,22794
ENSG00000170584,1951
ENSG00000072571,2141
ENSG00000251018,0
ENSG00000285590,0
ENSG00000244748,0
ENSG00000253572,0
ENSG00000287162,0
ENSG00000085365,6521
ENSG00000164256,0
ENSG00000248591,0
ENSG00000272494,0
ENSG00000248469,0
ENSG00000251458,0
ENSG00000253558,0
ENSG00000132842,3757
ENSG00000164334,0
ENSG00000200051,0
ENSG00000283717,0
ENSG00000200235,0
ENSG00000170458,0
ENSG00000284325,0
ENSG00000199990,0
ENSG00000202111,0
ENSG00000202515,0
ENSG00000038274,8508
ENSG00000248120,0
ENSG00000171495,0
ENSG00000251215,0
ENSG00000153071,925
ENSG00000271334,0
ENSG00000251515,0
ENSG00000254252,0
ENSG00000254171,0
ENSG00000229119,74
ENSG00000254130,0
ENSG00000253713,0
ENSG00000253469,0
ENSG00000254365,0
ENSG00000254297,0
ENSG00000253527,0
ENSG00000289264,0
ENSG00000254187,0
ENSG00000253357,0
ENSG00000253660,0
ENSG00000253947,0
ENSG00000253065,0
ENSG00000253925,0
ENSG00000279739,5
ENSG00000253978,36
ENSG00000145934,1271
ENSG00000113600,0
ENSG00000289699,0
ENSG00000131187,12
ENSG00000288912,0
ENSG00000206614,0
ENSG00000040275,1657
ENSG00000253269,0
ENSG00000204767,40
ENSG00000263831,0
ENSG00000289702,0
ENSG00000134516,14
ENSG00000132356,3253
ENSG00000212567,0
ENSG00000145592,33329
ENSG00000212296,0
ENSG00000132357,58
ENSG00000253098,0
ENSG00000226221,78
ENSG00000225940,0
ENSG00000234553,0
ENSG00000228650,0
ENSG00000095015,880
ENSG00000237705,0
ENSG00000225230,0
ENSG00000155542,571
ENSG00000271828,12
ENSG00000289709,0
ENSG00000279772,0
ENSG00000288766,60
ENSG00000288890,22
ENSG00000235275,0
ENSG00000266751,0
ENSG00000270177,22
ENSG00000239615,0
ENSG00000006837,15
ENSG00000119048,3280
ENSG00000279469,6
ENSG00000248559,13
ENSG00000237190,2001
ENSG00000243648,10
ENSG00000250564,0
ENSG00000164330,38
ENSG00000253811,0
ENSG00000253456,0
ENSG00000279204,0
ENSG00000145860,18043
ENSG00000253256,0
ENSG00000253315,8
ENSG00000252458,0
ENSG00000164332,2917
ENSG00000249738,0
ENSG00000221601,0
ENSG00000253298,0
ENSG00000283413,0
ENSG00000113302,0
ENSG00000250237,0
ENSG00000248359,0
ENSG00000249588,0
ENSG00000250289,0
ENSG00000212249,0
ENSG00000250066,0
ENSG00000276309,0
ENSG00000249352,0
ENSG00000249183,0
ENSG00000145740,1924
ENSG00000220986,0
ENSG00000280894,0
ENSG00000134057,6547
ENSG00000145850,0
ENSG00000270560,0
ENSG00000254246,0
ENSG00000155868,585
ENSG00000170613,0
ENSG00000253980,0
ENSG00000253653,4
ENSG00000151292,2936
ENSG00000113263,6
ENSG00000280068,0
ENSG00000250820,0
ENSG00000051596,775
ENSG00000250801,0
ENSG00000248596,0
ENSG00000287579,0
ENSG00000283235,0
ENSG00000270989,0
ENSG00000170085,712
ENSG00000251667,0
ENSG00000122203,6489
ENSG00000250909,0
ENSG00000251414,1
ENSG00000175414,4019
ENSG00000221464,0
ENSG00000048162,856
ENSG00000146066,865
ENSG00000175416,774
ENSG00000280139,0
ENSG00000113194,4296
ENSG00000113763,137
ENSG00000160883,0
ENSG00000087206,1193
ENSG00000113761,609
ENSG00000251666,2
ENSG00000272459,2
ENSG00000184840,4164
ENSG00000027847,520
ENSG00000247679,65
ENSG00000249849,0
ENSG00000249109,0
ENSG00000248943,0
ENSG00000214351,0
ENSG00000249186,0
ENSG00000250101,0
ENSG00000249684,0
ENSG00000280207,36
ENSG00000249129,26
ENSG00000175325,0
ENSG00000218227,0
ENSG00000145911,44
ENSG00000145916,483
ENSG00000251211,0
ENSG00000244234,4
ENSG00000289390,0
ENSG00000197451,14157
ENSG00000175309,177
ENSG00000248791,0
ENSG00000250526,2
ENSG00000250182,410
ENSG00000286970,0
ENSG00000249485,42
ENSG00000264792,0
ENSG00000154124,1896
ENSG00000253801,0
ENSG00000252108,0
ENSG00000213864,0
ENSG00000253787,0
ENSG00000145912,2078
ENSG00000289726,0
ENSG00000251623,0
ENSG00000135077,18
ENSG00000204677,0
ENSG00000145675,4024
ENSG00000145920,107
ENSG00000289731,0
ENSG00000170234,1186
ENSG00000049883,900
ENSG00000244061,0
ENSG00000251108,0
ENSG00000261269,0
ENSG00000178175,0
ENSG00000248371,0
ENSG00000211445,266
ENSG00000145901,910
ENSG00000254298,0
ENSG00000285420,0
ENSG00000198624,32
ENSG00000196743,1683
ENSG00000186334,0
ENSG00000186335,0
ENSG00000270904,0
ENSG00000253472,0
ENSG00000271494,0
ENSG00000123643,591
ENSG00000200227,0
ENSG00000196923,1914
ENSG00000272323,2
ENSG00000250140,0
ENSG00000241829,3
ENSG00000113456,2886
ENSG00000113460,2319
ENSG00000153044,1626
ENSG00000134056,1164
ENSG00000287701,0
ENSG00000249856,0
ENSG00000196390,0
ENSG00000239517,0
ENSG00000182383,0
ENSG00000249157,0
ENSG00000176928,30
ENSG00000145700,0
ENSG00000152359,448
ENSG00000207333,0
ENSG00000251078,0
ENSG00000251419,0
ENSG00000249301,0
ENSG00000248684,0
ENSG00000228367,0
ENSG00000249777,0
ENSG00000251342,0
ENSG00000248127,0
ENSG00000122012,1
ENSG00000252833,0
ENSG00000251668,0
ENSG00000254893,18
ENSG00000249014,73
ENSG00000251107,0
ENSG00000250348,0
ENSG00000145703,1842
ENSG00000171643,0
ENSG00000252684,0
ENSG00000145708,14
ENSG00000164252,551
ENSG00000285000,4
ENSG00000132846,1095
ENSG00000250615,0
ENSG00000238961,0
ENSG00000250802,218
ENSG00000284762,0
ENSG00000251566,0
ENSG00000113231,155
ENSG00000251400,14
ENSG00000164253,4496
ENSG00000244019,0
ENSG00000244363,46
ENSG00000171540,0
ENSG00000171530,5314
ENSG00000213763,16
ENSG00000133710,21
ENSG00000283288,0
ENSG00000184584,20
ENSG00000249689,0
ENSG00000249215,2
ENSG00000286403,0
ENSG00000207020,0
ENSG00000275506,0
ENSG00000272255,4
ENSG00000171604,6000
ENSG00000250635,1
ENSG00000131508,7422
ENSG00000113048,5068
ENSG00000153347,12
ENSG00000225165,0
ENSG00000212259,0
ENSG00000164291,645
ENSG00000178015,0
ENSG00000287581,0
ENSG00000145569,422
ENSG00000251366,0
ENSG00000251221,0
ENSG00000249655,0
ENSG00000152670,10
ENSG00000251368,0
ENSG00000199322,0
ENSG00000248854,0
ENSG00000164509,8
ENSG00000262211,0
ENSG00000264281,71
ENSG00000238326,0
ENSG00000134352,11774
ENSG00000113492,0
ENSG00000250886,0
ENSG00000168724,2138
ENSG00000164185,2
ENSG00000250803,0
ENSG00000248203,0
ENSG00000181751,2192
ENSG00000250567,0
ENSG00000145725,3493
ENSG00000244921,2
ENSG00000249119,26
ENSG00000248923,10
ENSG00000247627,112
ENSG00000198868,16
ENSG00000263963,0
ENSG00000249192,0
ENSG00000152705,12
ENSG00000069011,0
ENSG00000224186,10
ENSG00000277619,0
ENSG00000249082,0
ENSG00000248753,0
ENSG00000248482,0
ENSG00000250167,0
ENSG00000145832,0
ENSG00000181965,36
ENSG00000145824,236
ENSG00000251045,0
ENSG00000223539,0
ENSG00000265924,0
ENSG00000250378,0
ENSG00000288892,0
ENSG00000279047,0
ENSG00000289752,4
ENSG00000011083,0
ENSG00000070808,136
ENSG00000055163,4431
ENSG00000213328,0
ENSG00000253869,0
ENSG00000272431,0
ENSG00000178187,68
ENSG00000254035,1
ENSG00000113262,0
ENSG00000254158,0
ENSG00000234284,310
ENSG00000177932,703
ENSG00000253144,0
ENSG00000087116,6
ENSG00000253979,0
ENSG00000253163,0
ENSG00000253617,0
ENSG00000250674,0
ENSG00000274716,0
ENSG00000253652,0
ENSG00000251545,0
ENSG00000253520,0
ENSG00000146067,436
ENSG00000112851,8307
ENSG00000269961,0
ENSG00000252904,0
ENSG00000286314,0
ENSG00000285999,2
ENSG00000153914,2828
ENSG00000253744,0
ENSG00000248846,0
ENSG00000251983,0
ENSG00000068796,6610
ENSG00000113249,0
ENSG00000205838,59
ENSG00000198677,5002
ENSG00000251279,12
ENSG00000250198,0
ENSG00000245812,10
ENSG00000261360,2
ENSG00000278905,0
ENSG00000284336,0
ENSG00000287180,0
ENSG00000249353,1922
ENSG00000248483,0
ENSG00000272406,0
ENSG00000175745,17
ENSG00000286713,0
ENSG00000285978,0
ENSG00000169131,634
ENSG00000274813,0
ENSG00000253725,0
ENSG00000278441,0
ENSG00000178338,251
ENSG00000206624,0
ENSG00000285891,0
ENSG00000242110,3
ENSG00000289791,0
ENSG00000274235,0
ENSG00000277866,0
ENSG00000197043,10533
ENSG00000249201,0
ENSG00000174358,0
ENSG00000164363,0
ENSG00000287486,0
ENSG00000164362,2
ENSG00000263670,0
ENSG00000049656,4833
ENSG00000286388,170
ENSG00000250584,0
ENSG00000248951,0
ENSG00000279908,0
ENSG00000142319,0
ENSG00000153395,8673
ENSG00000273742,0
ENSG00000251532,0
ENSG00000254335,0
ENSG00000172058,106
ENSG00000172062,676
ENSG00000285204,0
ENSG00000249437,16
ENSG00000145736,6
ENSG00000230847,0
ENSG00000251634,1
ENSG00000253900,0
ENSG00000289810,0
ENSG00000246214,0
ENSG00000289152,0
ENSG00000288957,0
ENSG00000249492,24
ENSG00000245556,165
ENSG00000280187,268
ENSG00000289535,0
ENSG00000286615,79
ENSG00000247877,4
ENSG00000251169,0
ENSG00000286193,0
ENSG00000254211,0
ENSG00000251365,4
ENSG00000272086,56
ENSG00000272070,36
ENSG00000287367,0
ENSG00000251131,0
ENSG00000250328,4
ENSG00000248664,2
ENSG00000289497,0
ENSG00000286638,12
ENSG00000245275,40
ENSG00000287263,0
ENSG00000250994,0
ENSG00000288764,50
ENSG00000289912,0
ENSG00000249364,2
ENSG00000289916,0
ENSG00000249572,132
ENSG00000289274,0
ENSG00000281327,0
ENSG00000289924,0
ENSG00000289839,0
ENSG00000249669,0
ENSG00000286753,34
ENSG00000288095,18
ENSG00000249743,0
ENSG00000272525,19
ENSG00000215068,0
ENSG00000289196,0
ENSG00000248884,0
ENSG00000250056,0
ENSG00000289493,0
ENSG00000250992,0
ENSG00000253736,0
ENSG00000287709,0
ENSG00000250072,0
ENSG00000289260,0
ENSG00000249335,0
ENSG00000227908,6
ENSG00000245526,4235
ENSG00000178722,0
ENSG00000288737,0
ENSG00000250786,24
ENSG00000289056,16
ENSG00000286656,2
ENSG00000231185,39
ENSG00000248309,6
ENSG00000288978,0
ENSG00000289970,11
ENSG00000237187,8
ENSG00000278970,8
ENSG00000177738,60
ENSG00000248455,0
ENSG00000248898,0
ENSG00000271918,22
ENSG00000280780,737
ENSG00000247516,230
ENSG00000289458,0
ENSG00000248925,41
ENSG00000253965,0
ENSG00000288758,0
ENSG00000236882,4
ENSG00000251409,0
ENSG00000249637,81
ENSG00000290020,2
ENSG00000289112,2
ENSG00000248367,7
ENSG00000286062,0
ENSG00000289317,0
ENSG00000249746,0
ENSG00000290027,0
ENSG00000272523,0
ENSG00000247796,131
ENSG00000289155,22
ENSG00000250337,6
ENSG00000247121,20
ENSG00000250981,0
ENSG00000259663,95
ENSG00000281357,68
ENSG00000290019,0
ENSG00000251257,0
ENSG00000245937,519
ENSG00000289075,0
ENSG00000247828,1120
ENSG00000286961,0
ENSG00000250155,2
ENSG00000224032,690
ENSG00000238160,0
ENSG00000131732,567
ENSG00000172497,0
ENSG00000286721,0
ENSG00000145687,1968
ENSG00000287938,0
ENSG00000249483,0
ENSG00000214857,0
ENSG00000113558,531
ENSG00000272772,0
ENSG00000113575,1711
ENSG00000273345,0
ENSG00000289088,0
ENSG00000206077,2
ENSG00000288930,0
ENSG00000250749,0
ENSG00000161055,0
ENSG00000037280,36
ENSG00000251352,0
ENSG00000248717,0
ENSG00000236791,0
ENSG00000207290,0
ENSG00000250222,7
ENSG00000233937,15
ENSG00000248275,424
ENSG00000238035,0
ENSG00000274553,0
ENSG00000230178,0
ENSG00000269983,11
ENSG00000253333,0
ENSG00000196302,0
ENSG00000286577,0
ENSG00000254132,0
ENSG00000251544,0
ENSG00000251340,0
ENSG00000232578,2
ENSG00000270133,0
ENSG00000133302,1345
ENSG00000249175,0
ENSG00000243806,0
ENSG00000276514,0
ENSG00000185261,194
ENSG00000113648,10093
ENSG00000280987,0
ENSG00000038382,3305
ENSG00000177733,20710
ENSG00000226306,0
ENSG00000249807,0
ENSG00000280449,0
ENSG00000280368,0
ENSG00000260515,0
ENSG00000271998,0
ENSG00000272417,2
ENSG00000150756,1324
ENSG00000248968,0
ENSG00000150753,15849
ENSG00000271980,2
ENSG00000271715,0
ENSG00000164237,2239
ENSG00000252341,0
ENSG00000259802,63
ENSG00000252671,0
ENSG00000280369,0
ENSG00000145495,18883
ENSG00000250600,0
ENSG00000145491,28
ENSG00000277073,0
ENSG00000246016,0
ENSG00000244361,0
ENSG00000249166,0
ENSG00000249396,0
ENSG00000251250,0
ENSG00000290510,0
ENSG00000168967,0
ENSG00000290530,0
ENSG00000215158,0
ENSG00000290548,8
ENSG00000205449,0
ENSG00000290550,0
ENSG00000248477,0
ENSG00000290556,2
ENSG00000253203,0
ENSG00000290560,3
ENSG00000249444,0
ENSG00000290580,0
ENSG00000253798,0
ENSG00000290601,0
ENSG00000169040,0
ENSG00000290836,0
ENSG00000255622,0
ENSG00000290893,1
ENSG00000146001,0
ENSG00000290894,7
ENSG00000262096,1
ENSG00000290895,16
ENSG00000283559,0
ENSG00000290935,0
ENSG00000246596,0
ENSG00000253897,0
ENSG00000290991,0
ENSG00000250420,0
ENSG00000291019,0
ENSG00000185986,0
ENSG00000291055,30
ENSG00000188002,0
ENSG00000291079,0
ENSG00000183666,0
ENSG00000291102,103
ENSG00000170089,0
ENSG00000291113,323
ENSG00000197083,0
ENSG00000291115,2
ENSG00000250765,0
ENSG00000291218,0
ENSG00000226259,0
ENSG00000291220,23
ENSG00000250687,0
ENSG00000291221,0
ENSG00000249073,0
ENSG00000113583,6037
ENSG00000213585,13931
ENSG00000271737,24
ENSG00000271128,0
ENSG00000081059,94
ENSG00000232633,0
ENSG00000212122,0
ENSG00000251741,0
ENSG00000047188,1889
ENSG00000171444,2897
ENSG00000288763,0
ENSG00000251553,0
ENSG00000174136,688
ENSG00000246763,40
ENSG00000279232,0
ENSG00000250162,0
ENSG00000153922,2512
ENSG00000222610,0
ENSG00000248489,90
ENSG00000200351,0
ENSG00000241597,0
ENSG00000291283,2
ENSG00000290968,0
ENSG00000170074,2
ENSG00000113712,7723
ENSG00000230551,241
ENSG00000241112,0
ENSG00000279979,0
ENSG00000278865,0
ENSG00000112977,5702
ENSG00000272324,0
ENSG00000250576,0
ENSG00000169862,3244
ENSG00000207312,0
ENSG00000146013,0
ENSG00000113070,750
ENSG00000271795,2
ENSG00000276622,0
ENSG00000113140,47707
ENSG00000275765,20
ENSG00000039537,0
ENSG00000288911,0
ENSG00000112936,98
ENSG00000138829,20479
ENSG00000242976,0
ENSG00000155511,2219
ENSG00000290043,0
ENSG00000273549,0
ENSG00000169045,18836
ENSG00000249834,0
ENSG00000145879,0
ENSG00000204909,0
ENSG00000283653,0
ENSG00000145868,2726
ENSG00000274799,0
ENSG00000251330,2
ENSG00000164270,0
ENSG00000253297,0
ENSG00000235172,0
ENSG00000234511,0
ENSG00000230561,8
ENSG00000080709,6
ENSG00000222706,0
ENSG00000251542,0
ENSG00000122008,1100
ENSG00000175449,0
ENSG00000145757,1
ENSG00000250240,12
ENSG00000164292,8221
ENSG00000173221,616
ENSG00000251348,4
ENSG00000284447,0
ENSG00000245864,274
ENSG00000289008,0
ENSG00000250377,7
ENSG00000250555,0
ENSG00000081189,778
ENSG00000272465,3
ENSG00000112699,727
ENSG00000112685,2021
ENSG00000281809,0
ENSG00000219375,0
ENSG00000242753,0
ENSG00000270174,5
ENSG00000261730,0
ENSG00000217078,0
ENSG00000176515,0
ENSG00000216359,0
ENSG00000238158,0
ENSG00000236086,0
ENSG00000233068,0
ENSG00000270504,178
ENSG00000287626,0
ENSG00000286368,0
ENSG00000234763,0
ENSG00000145945,50
ENSG00000219712,0
ENSG00000271897,0
ENSG00000287593,2
ENSG00000230631,0
ENSG00000225775,0
ENSG00000124802,555
ENSG00000271727,0
ENSG00000217239,10
ENSG00000217181,0
ENSG00000217929,0
ENSG00000188428,955
ENSG00000288548,2
ENSG00000220472,26
ENSG00000287614,0
ENSG00000226673,0
ENSG00000218643,0
ENSG00000233064,0
ENSG00000214027,0
ENSG00000220920,0
ENSG00000181355,0
ENSG00000218073,4
ENSG00000216360,0
ENSG00000220517,0
ENSG00000205269,16902
ENSG00000260455,18
ENSG00000217135,0
ENSG00000260673,0
ENSG00000228412,155
ENSG00000217385,0
ENSG00000287293,0
ENSG00000280989,0
ENSG00000271888,8
ENSG00000265818,0
ENSG00000232234,0
ENSG00000214975,28
ENSG00000238221,0
ENSG00000216364,0
ENSG00000183674,0
ENSG00000165097,1372
ENSG00000146109,842
ENSG00000217379,0
ENSG00000259040,0
ENSG00000286512,1
ENSG00000218512,0
ENSG00000219294,2
ENSG00000153162,561
ENSG00000219992,2
ENSG00000286277,0
ENSG00000239264,35
ENSG00000234427,2
ENSG00000287138,0
ENSG00000287359,0
ENSG00000181315,2481
ENSG00000229896,2
ENSG00000270477,0
ENSG00000233656,0
ENSG00000260286,0
ENSG00000218476,0
ENSG00000223623,0
ENSG00000216762,0
ENSG00000112273,0
ENSG00000283480,3
ENSG00000229401,0
ENSG00000216754,0
ENSG00000164379,0
ENSG00000180537,4613
ENSG00000216368,0
ENSG00000286590,0
ENSG00000124787,695
ENSG00000217566,0
ENSG00000232947,0
ENSG00000124795,13940
ENSG00000224843,2
ENSG00000235570,0
ENSG00000283408,0
ENSG00000286785,4
ENSG00000285759,0
ENSG00000286633,0
ENSG00000223677,0
ENSG00000229313,0
ENSG00000230873,0
ENSG00000237425,0
ENSG00000218020,0
ENSG00000220748,0
ENSG00000231662,0
ENSG00000213916,0
ENSG00000236336,0
ENSG00000270937,0
ENSG00000272142,271
ENSG00000112763,969
ENSG00000217746,0
ENSG00000219262,0
ENSG00000275846,0
ENSG00000223342,0
ENSG00000095951,764
ENSG00000219682,0
ENSG00000220581,0
ENSG00000228666,0
ENSG00000229646,0
ENSG00000285571,22
ENSG00000235559,0
ENSG00000228772,0
ENSG00000145990,160
ENSG00000152954,186
ENSG00000237346,0
ENSG00000274212,0
ENSG00000242524,0
ENSG00000225595,0
ENSG00000220685,28
ENSG00000285424,0
ENSG00000008083,1292
ENSG00000217030,0
ENSG00000287002,0
ENSG00000220868,0
ENSG00000217083,0
ENSG00000224233,0
ENSG00000243307,0
ENSG00000227206,0
ENSG00000272312,0
ENSG00000284656,0
ENSG00000204713,3506
ENSG00000220446,0
ENSG00000218472,0
ENSG00000285603,0
ENSG00000218574,2
ENSG00000277661,0
ENSG00000233366,0
ENSG00000236909,0
ENSG00000233981,0
ENSG00000232040,112
ENSG00000244349,0
ENSG00000078401,126
ENSG00000285694,0
ENSG00000224586,0
ENSG00000228364,0
ENSG00000271071,0
ENSG00000224707,2
ENSG00000204703,0
ENSG00000238076,0
ENSG00000112183,376
ENSG00000261584,0
ENSG00000214012,0
ENSG00000225092,0
ENSG00000217414,0
ENSG00000285216,0
ENSG00000124783,11567
ENSG00000137273,0
ENSG00000246350,0
ENSG00000286281,10
ENSG00000218027,0
ENSG00000287483,0
ENSG00000217314,0
ENSG00000124766,41473
ENSG00000260239,0
ENSG00000229765,0
ENSG00000213911,0
ENSG00000286954,0
ENSG00000145996,3211
ENSG00000231056,0
ENSG00000146038,607
ENSG00000172201,8818
ENSG00000287279,0
ENSG00000230570,0
ENSG00000220771,0
ENSG00000137177,1464
ENSG00000227214,4
ENSG00000235488,0
ENSG00000285278,2
ENSG00000271911,0
ENSG00000287347,0
ENSG00000218976,0
ENSG00000227803,0
ENSG00000286631,0
ENSG00000137364,1195
ENSG00000217585,0
ENSG00000219582,0
ENSG00000237685,0
ENSG00000229700,6
ENSG00000164304,2
ENSG00000278102,0
ENSG00000054598,762
ENSG00000282804,0
ENSG00000229950,0
ENSG00000187566,64
ENSG00000236355,0
ENSG00000272279,0
ENSG00000216781,0
ENSG00000153046,2150
ENSG00000218893,0
ENSG00000124615,336
ENSG00000231162,0
ENSG00000233358,0
ENSG00000225832,0
ENSG00000285801,0
ENSG00000285639,0
ENSG00000124602,0
ENSG00000112212,0
ENSG00000280443,0
ENSG00000287559,4
ENSG00000172197,93
ENSG00000203498,0
ENSG00000007944,393
ENSG00000234127,1607
ENSG00000156639,6463
ENSG00000272485,0
ENSG00000215124,0
ENSG00000231276,0
ENSG00000287404,9
ENSG00000220586,0
ENSG00000124721,0
ENSG00000271440,0
ENSG00000124784,1086
ENSG00000228478,0
ENSG00000096433,126
ENSG00000111859,3043
ENSG00000219273,0
ENSG00000284823,0
ENSG00000247925,2
ENSG00000233848,10
ENSG00000124574,247
ENSG00000285771,0
ENSG00000278736,0
ENSG00000270695,0
ENSG00000271530,0
ENSG00000287055,0
ENSG00000212802,132
ENSG00000218521,0
ENSG00000112078,8044
ENSG00000225102,0
ENSG00000231150,0
ENSG00000171467,1320
ENSG00000137288,1212
ENSG00000224157,0
ENSG00000272442,0
ENSG00000274844,0
ENSG00000227089,0
ENSG00000286723,0
ENSG00000146122,25
ENSG00000287137,0
ENSG00000277769,0
ENSG00000196284,770
ENSG00000146085,3561
ENSG00000065308,2083
ENSG00000225945,4
ENSG00000287266,0
ENSG00000220483,0
ENSG00000230204,10
ENSG00000287920,0
ENSG00000271338,0
ENSG00000234540,0
ENSG00000216687,0
ENSG00000218520,0
ENSG00000112079,1990
ENSG00000237530,0
ENSG00000288088,33
ENSG00000180211,16
ENSG00000286680,0
ENSG00000183826,1106
ENSG00000204188,0
ENSG00000228689,0
ENSG00000170950,0
ENSG00000233859,14
ENSG00000276290,0
ENSG00000225121,0
ENSG00000112149,302
ENSG00000271373,0
ENSG00000216365,0
ENSG00000271162,0
ENSG00000278745,0
ENSG00000271761,0
ENSG00000065491,652
ENSG00000012660,15030
ENSG00000286417,0
ENSG00000230597,0
ENSG00000220076,0
ENSG00000146221,2
ENSG00000223504,0
ENSG00000287380,0
ENSG00000271328,0
ENSG00000112130,1386
ENSG00000270306,0
ENSG00000204697,0
ENSG00000279022,3
ENSG00000270900,0
ENSG00000031691,1166
ENSG00000124813,168
ENSG00000161896,0
ENSG00000231533,4
ENSG00000230472,0
ENSG00000218337,0
ENSG00000218890,2
ENSG00000233835,0
ENSG00000214561,0
ENSG00000188056,0
ENSG00000219384,0
ENSG00000171462,22
ENSG00000096401,4764
ENSG00000280511,0
ENSG00000235743,0
ENSG00000272316,34
ENSG00000124490,0
ENSG00000219702,0
ENSG00000220030,0
ENSG00000287745,0
ENSG00000287816,0
ENSG00000275046,0
ENSG00000279076,0
ENSG00000220091,0
ENSG00000170927,0
ENSG00000219653,0
ENSG00000214641,0
ENSG00000146166,4
ENSG00000236635,0
ENSG00000112759,424
ENSG00000232702,2
ENSG00000220212,0
ENSG00000276127,0
ENSG00000154079,231
ENSG00000146147,0
ENSG00000219604,0
ENSG00000217527,0
ENSG00000226533,0
ENSG00000225791,478
ENSG00000274867,0
ENSG00000157593,3379
ENSG00000271857,0
ENSG00000276156,0
ENSG00000275550,0
ENSG00000285838,0
ENSG00000219253,0
ENSG00000279790,0
ENSG00000287678,0
ENSG00000233967,30
ENSG00000272541,0
ENSG00000065615,1644
ENSG00000224995,0
ENSG00000285963,0
ENSG00000065833,66
ENSG00000146143,1495
ENSG00000279127,0
ENSG00000270521,0
ENSG00000224605,0
ENSG00000184486,5531
ENSG00000227215,0
ENSG00000286564,0
ENSG00000218713,0
ENSG00000181705,0
ENSG00000276064,0
ENSG00000287485,0
ENSG00000231762,0
ENSG00000225690,0
ENSG00000228679,2
ENSG00000135324,90
ENSG00000220918,0
ENSG00000218561,0
ENSG00000226558,0
ENSG00000236466,0
ENSG00000220831,0
ENSG00000239650,0
ENSG00000271967,0
ENSG00000219757,0
ENSG00000287294,0
ENSG00000232120,0
ENSG00000219257,0
ENSG00000057657,436
ENSG00000275716,0
ENSG00000261080,0
ENSG00000170915,6222
ENSG00000271042,0
ENSG00000203972,0
ENSG00000156535,68
ENSG00000135315,360
ENSG00000217631,0
ENSG00000231776,6
ENSG00000249481,0
ENSG00000219453,0
ENSG00000164627,10
ENSG00000112081,26942
ENSG00000266579,0
ENSG00000271367,2
ENSG00000118407,2
ENSG00000112218,149
ENSG00000219902,0
ENSG00000213177,0
ENSG00000219085,0
ENSG00000124731,0
ENSG00000234206,12
ENSG00000219575,0
ENSG00000216523,0
ENSG00000146233,334
ENSG00000272243,0
ENSG00000231559,0
ENSG00000228976,0
ENSG00000286672,2
ENSG00000219163,0
ENSG00000226497,0
ENSG00000224583,0
ENSG00000235122,0
ENSG00000281613,0
ENSG00000005700,7639
ENSG00000219951,0
ENSG00000287557,0
ENSG00000124608,420
ENSG00000218582,6
ENSG00000217120,0
ENSG00000186743,0
ENSG00000226440,1
ENSG00000220291,0
ENSG00000281969,0
ENSG00000218676,0
ENSG00000217268,0
ENSG00000216378,0
ENSG00000230309,8
ENSG00000229315,0
ENSG00000286405,0
ENSG00000287728,0
ENSG00000272398,35113
ENSG00000274256,0
ENSG00000216518,0
ENSG00000224944,0
ENSG00000219190,0
ENSG00000277172,0
ENSG00000285401,0
ENSG00000216352,0
ENSG00000220505,0
ENSG00000270661,0
ENSG00000237874,0
ENSG00000220773,0
ENSG00000236740,0
ENSG00000220418,0
ENSG00000111860,427
ENSG00000287253,0
ENSG00000220447,0
ENSG00000217139,0
ENSG00000286914,0
ENSG00000218233,0
ENSG00000187472,0
ENSG00000226309,0
ENSG00000285961,0
ENSG00000216902,0
ENSG00000219559,0
ENSG00000287705,0
ENSG00000203801,0
ENSG00000112796,4
ENSG00000253194,6
ENSG00000152034,0
ENSG00000232699,4
ENSG00000135338,871
ENSG00000231628,4
ENSG00000219881,0
ENSG00000232395,0
ENSG00000096384,99138
ENSG00000217325,6
ENSG00000220326,0
ENSG00000216998,0
ENSG00000220184,2
ENSG00000271730,4
ENSG00000203809,0
ENSG00000216859,0
ENSG00000173214,594
ENSG00000187189,6218
ENSG00000187871,0
ENSG00000287992,0
ENSG00000275773,0
ENSG00000216904,0
ENSG00000137269,599
ENSG00000287499,0
ENSG00000233470,0
ENSG00000220695,0
ENSG00000272714,0
ENSG00000218986,0
ENSG00000288084,4
ENSG00000008196,0
ENSG00000217241,22
ENSG00000218483,0
ENSG00000232316,0
ENSG00000082293,0
ENSG00000213312,0
ENSG00000218809,0
ENSG00000219863,0
ENSG00000230852,0
ENSG00000111912,652
ENSG00000219776,0
ENSG00000130349,625
ENSG00000270934,0
ENSG00000224384,0
ENSG00000220537,0
ENSG00000219500,0
ENSG00000237321,0
ENSG00000262179,0
ENSG00000219565,0
ENSG00000146250,120
ENSG00000220635,0
ENSG00000146352,410
ENSG00000282218,0
ENSG00000288560,2
ENSG00000232299,0
ENSG00000217769,6
ENSG00000286663,0
ENSG00000146232,156
ENSG00000186439,0
ENSG00000216663,0
ENSG00000112305,484
ENSG00000285586,2
ENSG00000220553,0
ENSG00000217404,0
ENSG00000118402,1182
ENSG00000223912,0
ENSG00000170162,0
ENSG00000287578,38
ENSG00000169075,0
ENSG00000218180,0
ENSG00000009413,2611
ENSG00000236920,0
ENSG00000152661,28492
ENSG00000079950,3888
ENSG00000220311,0
ENSG00000146410,215
ENSG00000223811,0
ENSG00000228777,0
ENSG00000216639,0
ENSG00000217067,0
ENSG00000232389,26
ENSG00000218153,0
ENSG00000001561,832
ENSG00000287044,0
ENSG00000287731,0
ENSG00000236347,0
ENSG00000153989,8124
ENSG00000283010,32
ENSG00000271208,0
ENSG00000287598,0
ENSG00000283352,0
ENSG00000112701,3881
ENSG00000060303,0
ENSG00000228082,0
ENSG00000198087,1505
ENSG00000112234,1998
ENSG00000216817,0
ENSG00000198833,7113
ENSG00000118690,160
ENSG00000220660,0
ENSG00000286511,0
ENSG00000085382,1434
ENSG00000234117,0
ENSG00000232131,0
ENSG00000224984,0
ENSG00000218350,6
ENSG00000112773,1075
ENSG00000225580,0
ENSG00000219703,0
ENSG00000262803,0
ENSG00000220240,0
ENSG00000219135,0
ENSG00000218870,0
ENSG00000112276,428
ENSG00000218617,0
ENSG00000213108,8
ENSG00000285446,0
ENSG00000203778,855
ENSG00000285941,0
ENSG00000111879,247
ENSG00000204709,0
ENSG00000229922,0
ENSG00000009844,6884
ENSG00000216913,0
ENSG00000271111,0
ENSG00000218490,0
ENSG00000178425,785
ENSG00000111907,103
ENSG00000266680,12
ENSG00000261038,0
ENSG00000178233,242
ENSG00000213461,0
ENSG00000225343,0
ENSG00000219404,0
ENSG00000219302,0
ENSG00000153292,0
ENSG00000066651,882
ENSG00000124780,0
ENSG00000124749,12
ENSG00000233558,0
ENSG00000218208,2
ENSG00000262566,0
ENSG00000272356,33
ENSG00000175967,0
ENSG00000112339,4032
ENSG00000218049,0
ENSG00000187772,116
ENSG00000279403,0
ENSG00000287413,0
ENSG00000287761,0
ENSG00000164434,260391
ENSG00000226181,0
ENSG00000111911,4665
ENSG00000275953,0
ENSG00000219941,0
ENSG00000277043,0
ENSG00000226089,0
ENSG00000287097,0
ENSG00000244158,0
ENSG00000271218,0
ENSG00000025039,4354
ENSG00000217767,0
ENSG00000280277,0
ENSG00000218189,0
ENSG00000271608,0
ENSG00000227535,0
ENSG00000034693,624
ENSG00000237494,0
ENSG00000220848,136
ENSG00000025156,2370
ENSG00000270655,0
ENSG00000226079,0
ENSG00000285691,0
ENSG00000279659,4
ENSG00000137251,0
ENSG00000288054,0
ENSG00000232295,0
ENSG00000259828,0
ENSG00000168830,0
ENSG00000216613,0
ENSG00000112837,2
ENSG00000146386,943
ENSG00000095970,0
ENSG00000196591,22281
ENSG00000223786,0
ENSG00000237567,0
ENSG00000286691,0
ENSG00000029363,16507
ENSG00000214428,0
ENSG00000220139,0
ENSG00000235033,0
ENSG00000219784,0
ENSG00000277797,0
ENSG00000226540,0
ENSG00000112414,174
ENSG00000232290,0
ENSG00000172461,1903
ENSG00000111906,2531
ENSG00000218274,0
ENSG00000271498,0
ENSG00000188580,62
ENSG00000188820,0
ENSG00000203756,0
ENSG00000219095,0
ENSG00000227954,22
ENSG00000271099,0
ENSG00000112175,208
ENSG00000220130,0
ENSG00000271789,8
ENSG00000270484,0
ENSG00000219758,0
ENSG00000217178,0
ENSG00000168143,6
ENSG00000220392,0
ENSG00000123500,0
ENSG00000079931,1603
ENSG00000112249,4938
ENSG00000233534,0
ENSG00000219619,0
ENSG00000198729,1403
ENSG00000235086,0
ENSG00000231329,0
ENSG00000217372,0
ENSG00000188107,110
ENSG00000236389,0
ENSG00000217231,0
ENSG00000216753,0
ENSG00000219463,0
ENSG00000251258,14
ENSG00000277973,0
ENSG00000218351,0
ENSG00000096093,915
ENSG00000112282,1707
ENSG00000232031,0
ENSG00000224893,0
ENSG00000146350,587
ENSG00000218261,0
ENSG00000146383,0
ENSG00000224506,0
ENSG00000198225,40
ENSG00000287616,0
ENSG00000270509,0
ENSG00000198523,2
ENSG00000219088,0
ENSG00000111885,1358
ENSG00000217477,0
ENSG00000218213,0
ENSG00000217488,0
ENSG00000235972,0
ENSG00000226207,2
ENSG00000223598,0
ENSG00000217495,0
ENSG00000047932,2057
ENSG00000260574,0
ENSG00000155111,4353
ENSG00000272841,796
ENSG00000231426,0
ENSG00000168216,2818
ENSG00000277443,80494
ENSG00000220960,0
ENSG00000172594,528
ENSG00000218424,0
ENSG00000112406,928
ENSG00000213133,0
ENSG00000214604,0
ENSG00000218965,0
ENSG00000219298,0
ENSG00000173626,0
ENSG00000243775,0
ENSG00000146409,1328
ENSG00000146281,1967
ENSG00000261116,0
ENSG00000271931,0
ENSG00000219150,0
ENSG00000214457,0
ENSG00000229214,0
ENSG00000224658,0
ENSG00000146072,1805
ENSG00000118514,4
ENSG00000218048,0
ENSG00000227455,4
ENSG00000111880,4134
ENSG00000224733,0
ENSG00000216853,0
ENSG00000119900,1849
ENSG00000226733,0
ENSG00000219747,60
ENSG00000213150,0
ENSG00000218872,0
ENSG00000231120,0
ENSG00000269919,3
ENSG00000218014,0
ENSG00000213117,0
ENSG00000218813,0
ENSG00000217044,0
ENSG00000219940,0
ENSG00000279960,0
ENSG00000071242,3322
ENSG00000135547,58
ENSG00000232362,0
ENSG00000220745,0
ENSG00000124596,1254
ENSG00000285976,0
ENSG00000231883,0
ENSG00000216316,0
ENSG00000219814,0
ENSG00000146378,0
ENSG00000123545,1506
ENSG00000189007,578
ENSG00000132429,16
ENSG00000285726,0
ENSG00000262095,0
ENSG00000229036,81
ENSG00000218716,0
ENSG00000285159,0
ENSG00000112195,0
ENSG00000284999,0
ENSG00000111817,369
ENSG00000213091,0
ENSG00000135299,527
ENSG00000276687,0
ENSG00000164494,978
ENSG00000228290,0
ENSG00000215712,980
ENSG00000286887,0
ENSG00000285733,0
ENSG00000216642,0
ENSG00000229349,2
ENSG00000276703,0
ENSG00000217514,0
ENSG00000236366,0
ENSG00000057663,1774
ENSG00000240056,0
ENSG00000283122,12
ENSG00000271040,6
ENSG00000228834,2
ENSG00000269966,0
ENSG00000217041,0
ENSG00000287976,0
ENSG00000225879,0
ENSG00000217169,0
ENSG00000235050,0
ENSG00000112378,228
ENSG00000111962,1422
ENSG00000213087,0
ENSG00000146276,0
ENSG00000131019,641
ENSG00000219087,0
ENSG00000285797,0
ENSG00000278206,0
ENSG00000224417,0
ENSG00000231912,0
ENSG00000237596,0
ENSG00000236173,0
ENSG00000238099,40
ENSG00000218772,0
ENSG00000288101,0
ENSG00000220908,0
ENSG00000218173,0
ENSG00000228231,0
ENSG00000051620,1206
ENSG00000219387,0
ENSG00000213118,0
ENSG00000216480,0
ENSG00000131016,4312
ENSG00000223765,0
ENSG00000216723,2
ENSG00000230290,0
ENSG00000155918,0
ENSG00000112742,2962
ENSG00000231178,0
ENSG00000218896,0
ENSG00000217085,0
ENSG00000260771,0
ENSG00000287877,0
ENSG00000286540,0
ENSG00000276620,0
ENSG00000225148,0
ENSG00000216990,0
ENSG00000220340,0
ENSG00000234675,0
ENSG00000274594,0
ENSG00000112306,23190
ENSG00000285887,0
ENSG00000285652,0
ENSG00000220378,0
ENSG00000164411,0
ENSG00000235168,0
ENSG00000153721,282
ENSG00000271820,0
ENSG00000213078,0
ENSG00000118689,3216
ENSG00000225096,2
ENSG00000168438,1280
ENSG00000287823,0
ENSG00000227678,2
ENSG00000285917,0
ENSG00000287683,0
ENSG00000146425,5371
ENSG00000231863,12
ENSG00000217878,0
ENSG00000112038,0
ENSG00000219722,0
ENSG00000220598,0
ENSG00000288085,0
ENSG00000229720,0
ENSG00000215223,0
ENSG00000217824,0
ENSG00000227508,0
ENSG00000280451,0
ENSG00000112769,2317
ENSG00000227945,0
ENSG00000217783,0
ENSG00000286215,0
ENSG00000216444,0
ENSG00000229600,0
ENSG00000229722,0
ENSG00000218499,0
ENSG00000111816,3
ENSG00000286299,16
ENSG00000219867,0
ENSG00000287820,0
ENSG00000279810,0
ENSG00000146469,0
ENSG00000230205,0
ENSG00000213130,0
ENSG00000220733,0
ENSG00000288162,0
ENSG00000111886,6
ENSG00000262651,0
ENSG00000220557,0
ENSG00000231368,0
ENSG00000216710,0
ENSG00000198719,1279
ENSG00000231143,0
ENSG00000186231,14
ENSG00000229276,0
ENSG00000276413,0
ENSG00000286553,0
ENSG00000217648,43
ENSG00000235815,0
ENSG00000218631,0
ENSG00000085511,1182
ENSG00000083123,2624
ENSG00000275419,0
ENSG00000164483,4
ENSG00000230234,0
ENSG00000112531,35906
ENSG00000220370,0
ENSG00000227660,0
ENSG00000286452,0
ENSG00000220730,0
ENSG00000280665,0
ENSG00000112706,0
ENSG00000227723,0
ENSG00000287473,0
ENSG00000213309,18
ENSG00000215878,0
ENSG00000272209,8
ENSG00000234777,0
ENSG00000286438,0
ENSG00000220237,0
ENSG00000218428,0
ENSG00000233237,334
ENSG00000112031,397
ENSG00000234519,0
ENSG00000213111,0
ENSG00000228692,0
ENSG00000237449,0
ENSG00000146278,2765
ENSG00000272129,2
ENSG00000164440,0
ENSG00000220725,0
ENSG00000231971,0
ENSG00000227360,0
ENSG00000288071,0
ENSG00000220514,0
ENSG00000146374,6
ENSG00000217160,0
ENSG00000198478,746
ENSG00000231652,0
ENSG00000220181,0
ENSG00000112379,22
ENSG00000236591,0
ENSG00000214563,0
ENSG00000001036,2285
ENSG00000220110,0
ENSG00000287933,0
ENSG00000213335,0
ENSG00000213076,0
ENSG00000261003,4
ENSG00000272446,0
ENSG00000236996,0
ENSG00000119899,993
ENSG00000280148,0
ENSG00000146477,0
ENSG00000236326,0
ENSG00000219146,0
ENSG00000219547,0
ENSG00000216713,0
ENSG00000112290,2949
ENSG00000218418,20
ENSG00000112029,2437
ENSG00000131013,2791
ENSG00000130023,398
ENSG00000118491,0
ENSG00000055211,2627
ENSG00000203727,328
ENSG00000237234,6
ENSG00000237927,0
ENSG00000118520,0
ENSG00000266896,0
ENSG00000008018,6633
ENSG00000146411,238
ENSG00000231316,0
ENSG00000287297,0
ENSG00000287656,0
ENSG00000235998,0
ENSG00000111981,52
ENSG00000112320,1541
ENSG00000286498,0
ENSG00000281021,10
ENSG00000217874,0
ENSG00000270890,0
ENSG00000026652,2822
ENSG00000285564,0
ENSG00000228361,0
ENSG00000272848,19
ENSG00000184465,269
ENSG00000219666,0
ENSG00000205625,0
ENSG00000235740,0
ENSG00000218725,0
ENSG00000112499,0
ENSG00000286805,35
ENSG00000219806,0
ENSG00000226739,0
ENSG00000273640,0
ENSG00000216347,0
ENSG00000233823,0
ENSG00000217377,0
ENSG00000175048,250
ENSG00000288520,0
ENSG00000234647,0
ENSG00000287092,10
ENSG00000217482,0
ENSG00000287550,13
ENSG00000271234,0
ENSG00000227913,0
ENSG00000205695,0
ENSG00000242246,0
ENSG00000171408,27
ENSG00000154548,1112
ENSG00000219188,0
ENSG00000226571,0
ENSG00000130338,2524
ENSG00000237593,0
ENSG00000213122,0
ENSG00000285553,0
ENSG00000230711,0
ENSG00000218143,0
ENSG00000234986,0
ENSG00000130024,6951
ENSG00000287407,0
ENSG00000146416,1311
ENSG00000186625,561
ENSG00000278744,2
ENSG00000224371,0
ENSG00000226249,0
ENSG00000270983,0
ENSG00000074935,630
ENSG00000279289,56
ENSG00000225437,0
ENSG00000217330,0
ENSG00000288009,20
ENSG00000225683,0
ENSG00000286339,4
ENSG00000135521,687
ENSG00000236378,0
ENSG00000219773,0
ENSG00000260645,6
ENSG00000164694,10
ENSG00000227681,0
ENSG00000287974,0
ENSG00000135537,266
ENSG00000184786,50
ENSG00000118420,444
ENSG00000216519,0
ENSG00000233342,0
ENSG00000233330,22
ENSG00000218565,0
ENSG00000257065,0
ENSG00000220913,0
ENSG00000286533,0
ENSG00000071994,3480
ENSG00000217557,0
ENSG00000236822,0
ENSG00000220069,0
ENSG00000232640,0
ENSG00000218089,0
ENSG00000261970,0
ENSG00000227706,0
ENSG00000237987,0
ENSG00000232197,0
ENSG00000285610,0
ENSG00000218776,0
ENSG00000286875,0
ENSG00000112208,738
ENSG00000215807,0
ENSG00000231046,0
ENSG00000226541,0
ENSG00000213121,0
ENSG00000287690,0
ENSG00000198945,679
ENSG00000225532,0
ENSG00000233682,0
ENSG00000272137,0
ENSG00000216809,1
ENSG00000217770,0
ENSG00000177468,0
ENSG00000124767,22502
ENSG00000224478,0
ENSG00000217811,0
ENSG00000287411,0
ENSG00000112210,964
ENSG00000217272,0
ENSG00000273100,0
ENSG00000226032,0
ENSG00000131023,2561
ENSG00000219361,0
ENSG00000217227,0
ENSG00000234768,0
ENSG00000091844,874
ENSG00000230202,2732
ENSG00000164488,0
ENSG00000196376,13492
ENSG00000218426,374
ENSG00000260418,0
ENSG00000230423,0
ENSG00000287056,0
ENSG00000164442,1296
ENSG00000237312,0
ENSG00000243828,0
ENSG00000154269,10
ENSG00000243439,0
ENSG00000275859,0
ENSG00000201185,0
ENSG00000265083,0
ENSG00000221583,0
ENSG00000240936,0
ENSG00000201483,0
ENSG00000207419,0
ENSG00000206960,0
ENSG00000277473,0
ENSG00000202313,0
ENSG00000201367,0
ENSG00000263705,0
ENSG00000263712,0
ENSG00000276019,0
ENSG00000201519,0
ENSG00000207775,0
ENSG00000238987,0
ENSG00000242989,0
ENSG00000223321,0
ENSG00000201415,0
ENSG00000251830,0
ENSG00000200681,0
ENSG00000201683,0
ENSG00000277411,0
ENSG00000251831,0
ENSG00000240869,0
ENSG00000199715,0
ENSG00000222431,0
ENSG00000207394,0
ENSG00000263426,0
ENSG00000222515,0
ENSG00000251877,0
ENSG00000201523,0
ENSG00000244618,0
ENSG00000200957,0
ENSG00000252046,0
ENSG00000201442,0
ENSG00000212240,0
ENSG00000266509,0
ENSG00000263894,0
ENSG00000240733,0
ENSG00000242014,0
ENSG00000239953,0
ENSG00000243313,0
ENSG00000212176,0
ENSG00000276746,0
ENSG00000200597,0
ENSG00000206745,0
ENSG00000252990,0
ENSG00000239964,0
ENSG00000276770,0
ENSG00000265439,0
ENSG00000212468,0
ENSG00000244297,0
ENSG00000284427,0
ENSG00000212586,0
ENSG00000200706,0
ENSG00000199938,0
ENSG00000266619,0
ENSG00000207076,0
ENSG00000207769,0
ENSG00000212532,0
ENSG00000264056,0
ENSG00000252457,0
ENSG00000199762,0
ENSG00000206908,0
ENSG00000240641,0
ENSG00000251965,0
ENSG00000212229,0
ENSG00000251946,0
ENSG00000238949,0
ENSG00000238697,0
ENSG00000212017,0
ENSG00000207827,0
ENSG00000199094,0
ENSG00000272445,0
ENSG00000206886,0
ENSG00000206672,0
ENSG00000252156,0
ENSG00000252137,0
ENSG00000223169,0
ENSG00000201015,0
ENSG00000223044,0
ENSG00000253010,0
ENSG00000212336,0
ENSG00000223001,0
ENSG00000207180,0
ENSG00000252249,0
ENSG00000222652,0
ENSG00000243124,0
ENSG00000240961,0
ENSG00000263734,0
ENSG00000265226,0
ENSG00000202283,0
ENSG00000263479,0
ENSG00000199303,0
ENSG00000202069,0
ENSG00000200492,0
ENSG00000242560,0
ENSG00000221455,0
ENSG00000238386,0
ENSG00000252125,0
ENSG00000238367,0
ENSG00000212147,0
ENSG00000266760,0
ENSG00000273744,0
ENSG00000244710,0
ENSG00000252444,0
ENSG00000200522,0
ENSG00000201386,0
ENSG00000206857,0
ENSG00000200926,0
ENSG00000252498,0
ENSG00000200040,0
ENSG00000251814,0
ENSG00000252944,0
ENSG00000207403,0
ENSG00000200091,0
ENSG00000200310,0
ENSG00000207044,0
ENSG00000222713,0
ENSG00000239316,0
ENSG00000222445,0
ENSG00000207461,0
ENSG00000207632,0
ENSG00000201613,0
ENSG00000201379,0
ENSG00000202438,0
ENSG00000206598,0
ENSG00000265725,0
ENSG00000251920,0
ENSG00000251882,0
ENSG00000199944,0
ENSG00000252560,0
ENSG00000199932,0
ENSG00000199458,0
ENSG00000266875,0
ENSG00000206754,0
ENSG00000283409,0
ENSG00000266555,1
ENSG00000222649,0
ENSG00000207345,0
ENSG00000221500,1
ENSG00000207982,0
ENSG00000200732,0
ENSG00000200534,3
ENSG00000200058,0
ENSG00000201309,0
ENSG00000206982,0
ENSG00000238789,0
ENSG00000200198,0
ENSG00000199246,0
ENSG00000222806,0
ENSG00000222659,0
ENSG00000201628,0
ENSG00000238616,0
ENSG00000201939,0
ENSG00000222764,0
ENSG00000238594,0
ENSG00000221456,0
ENSG00000240606,0
ENSG00000266245,0
ENSG00000212295,0
ENSG00000223191,0
ENSG00000276680,0
ENSG00000264017,11
ENSG00000223203,0
ENSG00000202343,1
ENSG00000207292,0
ENSG00000220871,0
ENSG00000217653,0
ENSG00000199630,0
ENSG00000218300,0
ENSG00000219240,0
ENSG00000135355,2
ENSG00000252891,0
ENSG00000226455,0
ENSG00000222078,0
ENSG00000118412,1041
ENSG00000285598,0
ENSG00000201119,0
ENSG00000217612,0
ENSG00000270638,13
ENSG00000270828,0
ENSG00000288551,4
ENSG00000288056,0
ENSG00000280184,2
ENSG00000118496,4747
ENSG00000223586,0
ENSG00000028839,1456
ENSG00000288529,0
ENSG00000118526,0
ENSG00000174156,0
ENSG00000288014,0
ENSG00000170899,4291
ENSG00000202198,0
ENSG00000283293,0
ENSG00000288614,0
ENSG00000242865,0
ENSG00000261745,0
ENSG00000137270,0
ENSG00000253026,0
ENSG00000219074,0
ENSG00000217539,0
ENSG00000199851,0
ENSG00000217315,0
ENSG00000187763,0
ENSG00000272009,4
ENSG00000182477,0
ENSG00000168126,0
ENSG00000124657,0
ENSG00000214374,0
ENSG00000216629,0
ENSG00000218226,26
ENSG00000278571,0
ENSG00000227598,1
ENSG00000285730,2
ENSG00000265828,0
ENSG00000284825,0
ENSG00000284914,0
ENSG00000286674,0
ENSG00000216966,0
ENSG00000231720,0
ENSG00000228648,0
ENSG00000112494,0
ENSG00000120440,0
ENSG00000217447,0
ENSG00000135312,2
ENSG00000219607,106
ENSG00000111913,166
ENSG00000164465,634
ENSG00000118482,2546
ENSG00000146242,5735
ENSG00000189241,7881
ENSG00000112246,2
ENSG00000124789,6113
ENSG00000120436,0
ENSG00000198670,0
ENSG00000145982,344
ENSG00000112238,0
ENSG00000047579,290
ENSG00000008197,0
ENSG00000137393,2
ENSG00000168994,270
ENSG00000009765,0
ENSG00000287268,0
ENSG00000004809,0
ENSG00000241162,0
ENSG00000260188,0
ENSG00000203797,4
ENSG00000124535,1287
ENSG00000021355,0
ENSG00000266750,0
ENSG00000170542,24
ENSG00000232999,0
ENSG00000228365,0
ENSG00000124570,1735
ENSG00000244041,54
ENSG00000224846,0
ENSG00000271361,4
ENSG00000288612,3
ENSG00000274855,0
ENSG00000232654,0
ENSG00000217707,0
ENSG00000229282,0
ENSG00000272277,3
ENSG00000222248,0
ENSG00000137274,830
ENSG00000228170,0
ENSG00000216819,8
ENSG00000202050,0
ENSG00000112293,108
ENSG00000112294,1808
ENSG00000218186,0
ENSG00000111802,2431
ENSG00000112304,615
ENSG00000272345,20
ENSG00000272402,7
ENSG00000206702,0
ENSG00000145979,1451
ENSG00000272379,0
ENSG00000234015,0
ENSG00000112425,786
ENSG00000112367,1892
ENSG00000207193,0
ENSG00000137198,8
ENSG00000282024,0
ENSG00000272341,26
ENSG00000229281,0
ENSG00000213886,0
ENSG00000232173,0
ENSG00000227609,0
ENSG00000201330,0
ENSG00000231301,0
ENSG00000235238,34
ENSG00000204655,0
ENSG00000233916,0
ENSG00000204642,0
ENSG00000225864,0
ENSG00000214922,0
ENSG00000239257,0
ENSG00000273340,0
ENSG00000227758,0
ENSG00000199290,0
ENSG00000235821,0
ENSG00000272236,0
ENSG00000285761,0
ENSG00000270896,0
ENSG00000176998,0
ENSG00000261548,0
ENSG00000213880,0
ENSG00000237042,0
ENSG00000205318,0
ENSG00000285763,1
ENSG00000201048,0
ENSG00000111845,1202
ENSG00000111843,3066
ENSG00000272097,2
ENSG00000137210,2120
ENSG00000272162,0
ENSG00000222383,2
ENSG00000111837,12
ENSG00000124827,0
ENSG00000235051,4
ENSG00000204644,0
ENSG00000220305,2
ENSG00000251988,0
ENSG00000146457,4858
ENSG00000285427,42
ENSG00000120437,11323
ENSG00000120438,19493
ENSG00000207392,4
ENSG00000206910,0
ENSG00000112110,2495
ENSG00000146453,0
ENSG00000146223,6566
ENSG00000221821,136
ENSG00000288010,0
ENSG00000171611,0
ENSG00000231113,57
ENSG00000181524,106
ENSG00000124713,4
ENSG00000124587,306
ENSG00000112640,1826
ENSG00000124733,2173
ENSG00000124541,2016
ENSG00000272223,0
ENSG00000240625,0
ENSG00000137171,656
ENSG00000112651,39
ENSG00000272170,1
ENSG00000112655,6238
ENSG00000112658,2036
ENSG00000112659,386
ENSG00000245261,0
ENSG00000112667,254
ENSG00000217483,0
ENSG00000181514,0
ENSG00000285844,0
ENSG00000266180,0
ENSG00000232422,0
ENSG00000220515,0
ENSG00000229154,0
ENSG00000234025,0
ENSG00000243501,0
ENSG00000251360,0
ENSG00000256980,0
ENSG00000229852,237
ENSG00000239626,0
ENSG00000234882,0
ENSG00000223389,0
ENSG00000226840,0
ENSG00000203909,0
ENSG00000203908,0
ENSG00000231332,0
ENSG00000235174,223
ENSG00000224221,0
ENSG00000080007,0
ENSG00000250686,0
ENSG00000112232,597
ENSG00000287679,0
ENSG00000112599,20
ENSG00000048544,2602
ENSG00000233941,0
ENSG00000112297,16
ENSG00000207499,0
ENSG00000202386,0
ENSG00000282408,0
ENSG00000200314,0
ENSG00000130347,271
ENSG00000200295,0
ENSG00000130348,1752
ENSG00000216977,0
ENSG00000229654,0
ENSG00000202285,0
ENSG00000207577,0
ENSG00000212587,0
ENSG00000199360,0
ENSG00000213149,2
ENSG00000271607,0
ENSG00000123505,13492
ENSG00000219329,0
ENSG00000155115,2155
ENSG00000197498,2514
ENSG00000218803,0
ENSG00000200594,0
ENSG00000218757,0
ENSG00000264814,2
ENSG00000238963,0
ENSG00000274451,0
ENSG00000235381,93
ENSG00000029639,348
ENSG00000171217,54
ENSG00000232529,0
ENSG00000074771,0
ENSG00000202241,0
ENSG00000237775,0
ENSG00000284370,0
ENSG00000213780,3
ENSG00000288473,0
ENSG00000196260,0
ENSG00000252761,0
ENSG00000168631,0
ENSG00000233529,0
ENSG00000275906,0
ENSG00000204544,0
ENSG00000222895,0
ENSG00000204542,10
ENSG00000204540,2
ENSG00000204539,0
ENSG00000204538,0
ENSG00000238211,0
ENSG00000204528,0
ENSG00000272501,14
ENSG00000271821,0
ENSG00000255726,0
ENSG00000255899,0
ENSG00000137411,0
ENSG00000281832,0
ENSG00000216624,4
ENSG00000287824,0
ENSG00000231297,0
ENSG00000276643,0
ENSG00000201292,0
ENSG00000280991,0
ENSG00000233365,0
ENSG00000213536,0
ENSG00000176381,22
ENSG00000198818,1282
ENSG00000233231,0
ENSG00000060762,2782
ENSG00000261420,4
ENSG00000280057,4
ENSG00000232082,11
ENSG00000222958,0
ENSG00000164458,0
ENSG00000124532,944
ENSG00000178409,1122
ENSG00000085377,3536
ENSG00000213079,3673
ENSG00000112144,2186
ENSG00000203760,694
ENSG00000095981,0
ENSG00000164484,283
ENSG00000135597,2073
ENSG00000112584,2179
ENSG00000096060,2926
ENSG00000146151,16
ENSG00000111863,10
ENSG00000262543,0
ENSG00000214113,2051
ENSG00000288638,0
ENSG00000239472,0
ENSG00000215057,0
ENSG00000124785,142
ENSG00000263572,0
ENSG00000283616,0
ENSG00000241216,0
ENSG00000124491,4
ENSG00000288564,0
ENSG00000286826,0
ENSG00000261039,0
ENSG00000226445,8
ENSG00000233085,0
ENSG00000224999,0
ENSG00000276302,0
ENSG00000273712,21
ENSG00000270326,0
ENSG00000216802,0
ENSG00000225177,18
ENSG00000279968,66
ENSG00000225415,0
ENSG00000220600,0
ENSG00000024862,489
ENSG00000219249,0
ENSG00000265558,0
ENSG00000233893,0
ENSG00000216471,0
ENSG00000212333,0
ENSG00000219284,0
ENSG00000218187,0
ENSG00000260212,0
ENSG00000219699,4
ENSG00000281248,0
ENSG00000274493,0
ENSG00000243955,28
ENSG00000223622,0
ENSG00000182793,0
ENSG00000230375,0
ENSG00000096264,0
ENSG00000279284,0
ENSG00000280371,0
ENSG00000226917,0
ENSG00000266494,0
ENSG00000146039,0
ENSG00000124568,0
ENSG00000124564,0
ENSG00000242387,0
ENSG00000277410,0
ENSG00000112343,8
ENSG00000272558,0
ENSG00000272810,0
ENSG00000224447,0
ENSG00000124610,0
ENSG00000275714,0
ENSG00000278637,0
ENSG00000286522,4
ENSG00000278463,0
ENSG00000276410,0
ENSG00000234816,0
ENSG00000287080,0
ENSG00000187837,248
ENSG00000187475,0
ENSG00000168298,16
ENSG00000283064,22
ENSG00000217159,0
ENSG00000274290,103
ENSG00000277157,2
ENSG00000204516,2
ENSG00000201680,0
ENSG00000256851,0
ENSG00000219797,0
ENSG00000225499,0
ENSG00000204511,0
ENSG00000198563,575
ENSG00000254870,0
ENSG00000201785,0
ENSG00000265236,0
ENSG00000234006,0
ENSG00000226979,0
ENSG00000227507,0
ENSG00000204482,0
ENSG00000204475,0
ENSG00000230622,0
ENSG00000204472,0
ENSG00000200816,0
ENSG00000274494,0
ENSG00000204444,91
ENSG00000204439,370
ENSG00000227198,0
ENSG00000204438,782
ENSG00000201207,0
ENSG00000263020,0
ENSG00000204427,11
ENSG00000266776,0
ENSG00000204424,0
ENSG00000250641,0
ENSG00000204421,4
ENSG00000204410,35
ENSG00000255152,0
ENSG00000252743,0
ENSG00000235663,0
ENSG00000204396,0
ENSG00000201555,0
ENSG00000207023,0
ENSG00000271986,0
ENSG00000223967,0
ENSG00000213722,3091
ENSG00000214892,6
ENSG00000227939,96
ENSG00000231402,0
ENSG00000256166,0
ENSG00000229836,0
ENSG00000277402,0
ENSG00000271581,0
ENSG00000285647,0
ENSG00000201658,0
ENSG00000230994,0
ENSG00000223702,0
ENSG00000225851,0
ENSG00000237107,0
ENSG00000024048,1906
ENSG00000206848,6
ENSG00000112619,0
ENSG00000213435,0
ENSG00000124659,1074
ENSG00000271765,0
ENSG00000272189,10
ENSG00000234263,0
ENSG00000212242,0
ENSG00000112357,211
ENSG00000201807,0
ENSG00000213109,0
ENSG00000182747,0
ENSG00000207247,0
ENSG00000230350,0
ENSG00000225391,0
ENSG00000235399,0
ENSG00000242574,4
ENSG00000248993,0
ENSG00000204257,30
ENSG00000223837,0
ENSG00000263756,0
ENSG00000181577,265
ENSG00000231881,0
ENSG00000183239,2
ENSG00000287562,74
ENSG00000180992,1064
ENSG00000137216,1792
ENSG00000137225,0
ENSG00000171453,827
ENSG00000137207,3148
ENSG00000271754,3
ENSG00000124571,4222
ENSG00000219470,39
ENSG00000252218,0
ENSG00000170734,785
ENSG00000203362,57
ENSG00000172432,568
ENSG00000124688,861
ENSG00000172426,36
ENSG00000218107,0
ENSG00000236961,0
ENSG00000272114,0
ENSG00000283573,0
ENSG00000283215,0
ENSG00000223469,0
ENSG00000230913,0
ENSG00000231102,0
ENSG00000096088,0
ENSG00000269387,0
ENSG00000137218,128
ENSG00000124593,4
ENSG00000278224,0
ENSG00000268745,0
ENSG00000206977,0
ENSG00000156508,982773
ENSG00000204394,3575
ENSG00000204392,1476
ENSG00000204390,22
ENSG00000204389,36
ENSG00000204388,986
ENSG00000285565,0
ENSG00000204387,1244
ENSG00000201823,0
ENSG00000201754,0
ENSG00000237080,0
ENSG00000204366,711
ENSG00000204435,2
ENSG00000236823,0
ENSG00000130368,0
ENSG00000197081,10553
ENSG00000268257,0
ENSG00000213073,0
ENSG00000175003,4
ENSG00000216516,0
ENSG00000112561,2
ENSG00000112539,375
ENSG00000199523,0
ENSG00000206681,0
ENSG00000236627,0
ENSG00000223942,0
ENSG00000204386,2017
ENSG00000288646,0
ENSG00000135316,11802
ENSG00000218475,0
ENSG00000287397,0
ENSG00000218536,0
ENSG00000285858,0
ENSG00000266128,0
ENSG00000286573,0
ENSG00000260422,10
ENSG00000230627,0
ENSG00000288584,16
ENSG00000288648,2
ENSG00000226577,0
ENSG00000286301,0
ENSG00000229068,2
ENSG00000224936,6
ENSG00000236603,88
ENSG00000204592,1584
ENSG00000235781,0
ENSG00000204576,1522
ENSG00000216101,0
ENSG00000204569,3272
ENSG00000204568,1796
ENSG00000137343,4550
ENSG00000228415,0
ENSG00000204564,122
ENSG00000204560,865
ENSG00000204574,3338
ENSG00000230269,90
ENSG00000082269,2854
ENSG00000183137,1010
ENSG00000124786,911
ENSG00000047936,0
ENSG00000214736,0
ENSG00000197935,0
ENSG00000152894,1477
ENSG00000096006,0
ENSG00000120254,2318
ENSG00000096080,299
ENSG00000112146,1518
ENSG00000213760,245
ENSG00000204420,0
ENSG00000137203,76
ENSG00000112782,0
ENSG00000137275,1760
ENSG00000237786,0
ENSG00000218265,6
ENSG00000202351,0
ENSG00000225921,2373
ENSG00000010017,3665
ENSG00000286316,0
ENSG00000266617,0
ENSG00000130340,1583
ENSG00000234361,2
ENSG00000229502,0
ENSG00000236324,0
ENSG00000220867,0
ENSG00000252658,0
ENSG00000078269,356
ENSG00000285642,0
ENSG00000233496,0
ENSG00000236164,0
ENSG00000112818,0
ENSG00000237719,0
ENSG00000156711,2
ENSG00000246982,17
ENSG00000096070,1162
ENSG00000189325,0
ENSG00000010030,4
ENSG00000224666,0
ENSG00000237468,0
ENSG00000273719,0
ENSG00000207431,0
ENSG00000228283,2
ENSG00000227748,0
ENSG00000272397,0
ENSG00000118492,0
ENSG00000137200,2242
ENSG00000198937,2846
ENSG00000229559,0
ENSG00000227920,0
ENSG00000263926,0
ENSG00000279942,0
ENSG00000112139,1579
ENSG00000124523,493
ENSG00000180316,0
ENSG00000237541,0
ENSG00000263649,0
ENSG00000232629,0
ENSG00000241106,0
ENSG00000250264,0
ENSG00000204261,0
ENSG00000240065,2
ENSG00000234515,0
ENSG00000235301,0
ENSG00000164430,0
ENSG00000010704,26
ENSG00000226594,0
ENSG00000216616,0
ENSG00000286811,0
ENSG00000226068,2
ENSG00000216835,0
ENSG00000232876,2
ENSG00000236703,0
ENSG00000207689,0
ENSG00000224374,0
ENSG00000234084,0
ENSG00000287094,0
ENSG00000201012,0
ENSG00000135541,521
ENSG00000135334,3745
ENSG00000238628,0
ENSG00000207131,0
ENSG00000240997,0
ENSG00000271114,0
ENSG00000286278,0
ENSG00000118434,0
ENSG00000279565,2
ENSG00000234426,0
ENSG00000220131,0
ENSG00000220267,0
ENSG00000286871,0
ENSG00000222145,0
ENSG00000135336,2281
ENSG00000137261,28
ENSG00000112308,9225
ENSG00000224164,0
ENSG00000218806,0
ENSG00000112312,1977
ENSG00000284688,0
ENSG00000199289,0
ENSG00000228223,8
ENSG00000182952,3910
ENSG00000284607,0
ENSG00000275221,64
ENSG00000217646,0
ENSG00000276903,2
ENSG00000184357,15
ENSG00000275379,2
ENSG00000275126,0
ENSG00000197153,8
ENSG00000278677,0
ENSG00000274641,14
ENSG00000238610,0
ENSG00000168131,0
ENSG00000232757,0
ENSG00000278104,0
ENSG00000275856,0
ENSG00000066379,228
ENSG00000278773,0
ENSG00000204619,3338
ENSG00000204616,0
ENSG00000231226,0
ENSG00000252228,0
ENSG00000204614,0
ENSG00000204613,0
ENSG00000204610,0
ENSG00000233892,0
ENSG00000204385,0
ENSG00000284829,0
ENSG00000286974,4
ENSG00000213676,1926
ENSG00000204315,295
ENSG00000284954,0
ENSG00000221988,236
ENSG00000258388,2
ENSG00000241404,5
ENSG00000204310,1896
ENSG00000284469,0
ENSG00000204308,5486
ENSG00000277264,0
ENSG00000273333,0
ENSG00000204304,1560
ENSG00000213654,14
ENSG00000204301,84
ENSG00000237285,0
ENSG00000223335,0
ENSG00000204287,4
ENSG00000146112,2866
ENSG00000230449,0
ENSG00000224328,0
ENSG00000196230,64524
ENSG00000272540,0
ENSG00000137312,6996
ENSG00000201988,0
ENSG00000137331,6
ENSG00000228022,13
ENSG00000263608,0
ENSG00000137285,29688
ENSG00000180822,296
ENSG00000137266,1086
ENSG00000272320,14
ENSG00000137267,2640
ENSG00000219736,0
ENSG00000111799,76
ENSG00000112697,11703
ENSG00000203489,0
ENSG00000237174,1
ENSG00000238156,0
ENSG00000221332,0
ENSG00000263533,0
ENSG00000217680,0
ENSG00000201291,0
ENSG00000146197,306
ENSG00000272374,0
ENSG00000065029,720
ENSG00000217004,0
ENSG00000112033,841
ENSG00000227154,0
ENSG00000198755,32100
ENSG00000276712,0
ENSG00000007866,324
ENSG00000112041,0
ENSG00000228559,0
ENSG00000219023,14
ENSG00000218749,0
ENSG00000287458,0
ENSG00000212579,0
ENSG00000265527,0
ENSG00000130363,280
ENSG00000164691,0
ENSG00000146267,700
ENSG00000132423,418
ENSG00000132424,1587
ENSG00000123552,544
ENSG00000279170,136
ENSG00000274603,0
ENSG00000112237,2884
ENSG00000219755,0
ENSG00000153291,138
ENSG00000242973,0
ENSG00000180113,18
ENSG00000146070,2
ENSG00000069122,0
ENSG00000225730,0
ENSG00000281756,2
ENSG00000204356,2428
ENSG00000284446,0
ENSG00000204348,152
ENSG00000233627,0
ENSG00000248290,0
ENSG00000250535,0
ENSG00000224389,19
ENSG00000229776,0
ENSG00000231852,0
ENSG00000252512,0
ENSG00000180573,1972
ENSG00000216331,0
ENSG00000282988,5
ENSG00000197409,0
ENSG00000196866,0
ENSG00000217275,38
ENSG00000277720,3
ENSG00000218281,0
ENSG00000124575,0
ENSG00000274618,0
ENSG00000275663,0
ENSG00000277775,4
ENSG00000278588,0
ENSG00000220875,4
ENSG00000287050,0
ENSG00000186470,495
ENSG00000124508,897
ENSG00000026950,776
ENSG00000111801,401
ENSG00000225549,0
ENSG00000111875,5066
ENSG00000111877,706
ENSG00000235099,0
ENSG00000213187,0
ENSG00000135333,155
ENSG00000229862,0
ENSG00000218459,0
ENSG00000135297,725
ENSG00000124588,869
ENSG00000235538,0
ENSG00000227602,0
ENSG00000220666,0
ENSG00000231441,22
ENSG00000216854,0
ENSG00000200224,0
ENSG00000151917,586
ENSG00000219790,0
ENSG00000218980,6
ENSG00000276576,0
ENSG00000168116,1538
ENSG00000197062,1020
ENSG00000203734,10
ENSG00000164674,60
ENSG00000186340,490
ENSG00000112337,0
ENSG00000137252,0
ENSG00000204701,0
ENSG00000204657,0
ENSG00000203907,0
ENSG00000124701,0
ENSG00000272221,0
ENSG00000204520,208
ENSG00000288587,0
ENSG00000199332,0
ENSG00000230174,0
ENSG00000233902,0
ENSG00000286940,0
ENSG00000206337,0
ENSG00000216657,2
ENSG00000279926,0
ENSG00000272248,2
ENSG00000230648,0
ENSG00000112739,4352
ENSG00000145975,4
ENSG00000185689,5
ENSG00000198721,3511
ENSG00000254821,0
ENSG00000234817,28
ENSG00000237716,0
ENSG00000216307,0
ENSG00000235008,2
ENSG00000249141,0
ENSG00000231654,0
ENSG00000026297,88
ENSG00000252431,0
ENSG00000252487,0
ENSG00000223039,0
ENSG00000181472,929
ENSG00000252615,0
ENSG00000155906,1585
ENSG00000219395,0
ENSG00000146476,1698
ENSG00000120262,24
ENSG00000207422,0
ENSG00000197061,30
ENSG00000216813,0
ENSG00000183807,0
ENSG00000173612,0
ENSG00000217089,0
ENSG00000200248,0
ENSG00000185002,0
ENSG00000252107,0
ENSG00000263514,0
ENSG00000264390,0
ENSG00000217684,8
ENSG00000216548,0
ENSG00000275138,0
ENSG00000288714,41
ENSG00000272549,14
ENSG00000203688,27
ENSG00000213065,0
ENSG00000269155,0
ENSG00000235994,0
ENSG00000229921,0
ENSG00000180658,0
ENSG00000236761,0
ENSG00000216917,0
ENSG00000266807,0
ENSG00000219532,0
ENSG00000200895,0
ENSG00000237115,0
ENSG00000118523,2274
ENSG00000218857,0
ENSG00000118518,3562
ENSG00000251768,1
ENSG00000213131,10
ENSG00000220744,0
ENSG00000220522,0
ENSG00000226707,0
ENSG00000124812,0
ENSG00000177684,0
ENSG00000214642,0
ENSG00000203970,0
ENSG00000180872,0
ENSG00000254440,0
ENSG00000244694,2803
ENSG00000261839,0
ENSG00000198315,5806
ENSG00000218834,0
ENSG00000135298,860
ENSG00000288712,0
ENSG00000287914,0
ENSG00000284615,0
ENSG00000234577,0
ENSG00000226193,0
ENSG00000202044,0
ENSG00000233464,0
ENSG00000218792,0
ENSG00000280236,0
ENSG00000277881,0
ENSG00000225797,0
ENSG00000230164,0
ENSG00000204687,0
ENSG00000213900,0
ENSG00000230056,0
ENSG00000243729,0
ENSG00000112462,0
ENSG00000118432,1376
ENSG00000204252,8
ENSG00000223865,0
ENSG00000224796,0
ENSG00000231461,0
ENSG00000228688,0
ENSG00000237398,0
ENSG00000230313,0
ENSG00000204231,1744
ENSG00000202441,6
ENSG00000204228,130
ENSG00000199036,0
ENSG00000204227,596
ENSG00000225463,0
ENSG00000223457,0
ENSG00000272217,2
ENSG00000223501,1709
ENSG00000231500,53646
ENSG00000235863,66
ENSG00000227057,1796
ENSG00000284517,0
ENSG00000204220,1071
ENSG00000284064,0
ENSG00000237441,1257
ENSG00000236104,699
ENSG00000285064,0
ENSG00000286920,0
ENSG00000229596,0
ENSG00000204695,0
ENSG00000137204,1
ENSG00000146215,0
ENSG00000219222,0
ENSG00000220614,0
ENSG00000179157,0
ENSG00000197594,180
ENSG00000228285,10
ENSG00000225644,0
ENSG00000237649,1403
ENSG00000204194,0
ENSG00000112511,436
ENSG00000112514,5362
ENSG00000197283,809
ENSG00000274259,0
ENSG00000284256,0
ENSG00000213588,1264
ENSG00000220113,0
ENSG00000223542,0
ENSG00000234567,0
ENSG00000238059,0
ENSG00000272428,0
ENSG00000278899,23
ENSG00000120253,1842
ENSG00000219433,0
ENSG00000231760,0
ENSG00000285889,0
ENSG00000285991,5
ENSG00000120256,33
ENSG00000273132,0
ENSG00000268592,0
ENSG00000217733,0
ENSG00000223701,0
ENSG00000216906,0
ENSG00000203722,1
ENSG00000216621,0
ENSG00000131015,26
ENSG00000215094,0
ENSG00000253809,0
ENSG00000287300,0
ENSG00000280232,8
ENSG00000135317,88
ENSG00000270987,20
ENSG00000164418,148
ENSG00000203875,201
ENSG00000220563,0
ENSG00000275072,0
ENSG00000217334,0
ENSG00000198738,0
ENSG00000222686,0
ENSG00000200427,0
ENSG00000218766,0
ENSG00000288021,0
ENSG00000202103,0
ENSG00000124788,517
ENSG00000219627,0
ENSG00000261366,0
ENSG00000219549,0
ENSG00000288708,0
ENSG00000233503,0
ENSG00000219993,0
ENSG00000234115,0
ENSG00000096696,58
ENSG00000168566,1724
ENSG00000236512,0
ENSG00000227516,0
ENSG00000207371,0
ENSG00000112578,1497
ENSG00000112576,980
ENSG00000206875,0
ENSG00000223946,0
ENSG00000230062,0
ENSG00000249853,4
ENSG00000001167,2758
ENSG00000158406,327
ENSG00000204618,146
ENSG00000204702,0
ENSG00000204688,0
ENSG00000204700,0
ENSG00000146373,1703
ENSG00000204580,25352
ENSG00000206474,0
ENSG00000204704,0
ENSG00000235109,266
ENSG00000053328,0
ENSG00000135525,102
ENSG00000016402,0
ENSG00000118515,196
ENSG00000204590,3198
ENSG00000172469,3095
ENSG00000217060,0
ENSG00000213211,0
ENSG00000234155,0
ENSG00000216439,0
ENSG00000214460,4
ENSG00000135318,1174
ENSG00000271793,0
ENSG00000135577,16
ENSG00000137338,673
ENSG00000137404,582
ENSG00000124557,0
ENSG00000155085,370
ENSG00000274750,552
ENSG00000146399,0
ENSG00000137434,62
ENSG00000112245,0
ENSG00000146426,297
ENSG00000158691,653
ENSG00000269964,0
ENSG00000146433,4166
ENSG00000146360,0
ENSG00000014123,2272
ENSG00000112214,0
ENSG00000213183,0
ENSG00000207309,0
ENSG00000219139,0
ENSG00000217331,0
ENSG00000122335,1166
ENSG00000188451,0
ENSG00000274023,0
ENSG00000287591,0
ENSG00000238019,0
ENSG00000243373,0
ENSG00000272047,1322
ENSG00000185760,417
ENSG00000270604,9
ENSG00000236475,0
ENSG00000280128,306
ENSG00000248167,0
ENSG00000241370,0
ENSG00000224372,0
ENSG00000224486,0
ENSG00000236405,0
ENSG00000216676,0
ENSG00000287674,0
ENSG00000216915,0
ENSG00000218069,0
ENSG00000217862,2
ENSG00000276368,20
ENSG00000273703,0
ENSG00000197238,8
ENSG00000273542,58
ENSG00000285717,0
ENSG00000218868,0
ENSG00000112799,0
ENSG00000279368,0
ENSG00000288046,2
ENSG00000224532,0
ENSG00000219986,2
ENSG00000261211,2
ENSG00000278828,213
ENSG00000204525,160
ENSG00000204632,0
ENSG00000229142,0
ENSG00000281831,0
ENSG00000230521,5
ENSG00000206341,0
ENSG00000231130,0
ENSG00000125337,0
ENSG00000202200,0
ENSG00000220884,10
ENSG00000219642,4
ENSG00000252554,0
ENSG00000226149,25
ENSG00000233351,0
ENSG00000146376,2117
ENSG00000218689,0
ENSG00000112541,808
ENSG00000231389,0
ENSG00000198502,0
ENSG00000251916,0
ENSG00000196735,0
ENSG00000223534,0
ENSG00000235040,0
ENSG00000232080,0
ENSG00000226030,0
ENSG00000179344,6
ENSG00000196301,0
ENSG00000216475,0
ENSG00000225311,0
ENSG00000219409,0
ENSG00000217195,0
ENSG00000220739,0
ENSG00000196569,90
ENSG00000196586,2812
ENSG00000137337,1979
ENSG00000112592,772
ENSG00000204305,38
ENSG00000111961,1379
ENSG00000112242,4453
ENSG00000179165,0
ENSG00000030110,705
ENSG00000172348,408
ENSG00000124782,602
ENSG00000112761,0
ENSG00000172179,2
ENSG00000185345,134
ENSG00000204531,0
ENSG00000112562,2
ENSG00000112077,0
ENSG00000112394,58
ENSG00000137161,1892
ENSG00000198704,0
ENSG00000124702,6235
ENSG00000118513,160
ENSG00000092820,9919
ENSG00000111846,356
ENSG00000091831,0
ENSG00000118495,3082
ENSG00000288721,0
ENSG00000124641,834
ENSG00000187987,78
ENSG00000112530,158
ENSG00000135540,899
ENSG00000197261,50
ENSG00000112624,960
ENSG00000196747,14
ENSG00000273802,59
ENSG00000185130,10
ENSG00000233822,99
ENSG00000277224,8
ENSG00000275713,108
ENSG00000180596,70
ENSG00000273983,0
ENSG00000278705,0
ENSG00000276966,48
ENSG00000135569,0
ENSG00000158373,449
ENSG00000120279,0
ENSG00000188996,6
ENSG00000161911,0
ENSG00000164663,797
ENSG00000197279,75
ENSG00000244355,0
ENSG00000044090,906
ENSG00000153294,0
ENSG00000196812,348
ENSG00000226314,6
ENSG00000280107,0
ENSG00000216901,0
ENSG00000218016,0
ENSG00000176933,15
ENSG00000137185,945
ENSG00000187626,506
ENSG00000189134,0
ENSG00000219770,0
ENSG00000222800,0
ENSG00000272468,12
ENSG00000124635,74
ENSG00000196787,32
ENSG00000276180,8
ENSG00000197903,796
ENSG00000274997,0
ENSG00000265565,0
ENSG00000174572,0
ENSG00000112812,0
ENSG00000270935,0
ENSG00000158553,0
ENSG00000220758,0
ENSG00000124613,40
ENSG00000271755,2
ENSG00000237154,0
ENSG00000096654,722
ENSG00000285849,0
ENSG00000286652,0
ENSG00000285703,0
ENSG00000278332,0
ENSG00000270666,0
ENSG00000218347,0
ENSG00000219738,0
ENSG00000206671,0
ENSG00000137413,428
ENSG00000252106,0
ENSG00000064995,2607
ENSG00000111850,702
ENSG00000203872,15
ENSG00000279616,0
ENSG00000272514,0
ENSG00000213204,2
ENSG00000216324,0
ENSG00000218793,0
ENSG00000218698,0
ENSG00000164414,226
ENSG00000206715,0
ENSG00000146282,2340
ENSG00000146414,823
ENSG00000164520,2
ENSG00000219314,0
ENSG00000112186,2685
ENSG00000184612,24
ENSG00000218359,0
ENSG00000137414,4026
ENSG00000206881,0
ENSG00000112137,403
ENSG00000112559,822
ENSG00000204248,32
ENSG00000164393,2
ENSG00000252711,0
ENSG00000200340,0
ENSG00000204290,0
ENSG00000203877,4
ENSG00000172673,0
ENSG00000050393,2540
ENSG00000112419,1067
ENSG00000204536,270
ENSG00000074706,40
ENSG00000065609,413
ENSG00000204463,8803
ENSG00000204694,0
ENSG00000080546,1881
ENSG00000153303,0
ENSG00000112486,0
ENSG00000197251,0
ENSG00000287189,10
ENSG00000289501,23
ENSG00000288812,0
ENSG00000289312,1
ENSG00000272462,14
ENSG00000228624,107
ENSG00000289097,0
ENSG00000289081,0
ENSG00000288860,0
ENSG00000289020,0
ENSG00000288916,0
ENSG00000288970,0
ENSG00000289313,0
ENSG00000203799,10
ENSG00000288805,0
ENSG00000289198,74
ENSG00000288959,0
ENSG00000204110,0
ENSG00000205444,0
ENSG00000226004,0
ENSG00000228793,34
ENSG00000281692,0
ENSG00000286819,0
ENSG00000289286,0
ENSG00000215022,2
ENSG00000289090,0
ENSG00000288851,629
ENSG00000225173,0
ENSG00000286313,0
ENSG00000237742,0
ENSG00000288840,73
ENSG00000214894,2
ENSG00000289433,43
ENSG00000288845,6
ENSG00000288829,134
ENSG00000289611,0
ENSG00000124762,4498
ENSG00000285244,2
ENSG00000255587,0
ENSG00000220349,0
ENSG00000285888,4
ENSG00000137168,3687
ENSG00000198663,4072
ENSG00000232598,0
ENSG00000164530,0
ENSG00000226976,14
ENSG00000137409,5773
ENSG00000289637,8
ENSG00000137193,278
ENSG00000172738,2
ENSG00000287789,0
ENSG00000218730,0
ENSG00000112182,788
ENSG00000289216,22
ENSG00000124496,214
ENSG00000218194,0
ENSG00000112299,0
ENSG00000218991,0
ENSG00000112303,0
ENSG00000234484,0
ENSG00000271488,0
ENSG00000188112,0
ENSG00000289456,0
ENSG00000219622,0
ENSG00000232891,0
ENSG00000224029,0
ENSG00000226599,0
ENSG00000213089,9
ENSG00000218996,2
ENSG00000202119,0
ENSG00000289406,0
ENSG00000289375,2
ENSG00000213719,6905
ENSG00000120278,4073
ENSG00000288813,0
ENSG00000234745,203
ENSG00000164485,0
ENSG00000228432,0
ENSG00000279453,508
ENSG00000111897,30537
ENSG00000275339,0
ENSG00000279114,0
ENSG00000277408,0
ENSG00000287258,0
ENSG00000272472,10
ENSG00000287818,2
ENSG00000135549,7258
ENSG00000232909,0
ENSG00000157343,26
ENSG00000220734,0
ENSG00000196748,0
ENSG00000204140,0
ENSG00000137392,0
ENSG00000197753,2
ENSG00000096063,2961
ENSG00000189298,571
ENSG00000218577,0
ENSG00000285578,0
ENSG00000205653,0
ENSG00000287265,0
ENSG00000112679,810
ENSG00000137265,0
ENSG00000286364,0
ENSG00000230433,0
ENSG00000027697,2149
ENSG00000218732,0
ENSG00000079841,157
ENSG00000214558,16
ENSG00000001084,1752
ENSG00000249379,0
ENSG00000231683,0
ENSG00000124743,12
ENSG00000204264,20
ENSG00000178033,10
ENSG00000164451,0
ENSG00000111832,2776
ENSG00000111834,172
ENSG00000153975,1051
ENSG00000196911,1464
ENSG00000204422,0
ENSG00000255552,0
ENSG00000204351,922
ENSG00000280135,0
ENSG00000146285,16
ENSG00000025796,8483
ENSG00000238420,0
ENSG00000232778,0
ENSG00000272476,136
ENSG00000224987,0
ENSG00000253090,0
ENSG00000231112,0
ENSG00000146263,1724
ENSG00000204498,258
ENSG00000146192,2
ENSG00000216412,0
ENSG00000283265,0
ENSG00000220412,0
ENSG00000234956,0
ENSG00000207300,0
ENSG00000237499,10
ENSG00000287393,0
ENSG00000118503,22
ENSG00000169976,2774
ENSG00000219297,0
ENSG00000288836,0
ENSG00000135604,0
ENSG00000217027,4
ENSG00000204314,18
ENSG00000285085,0
ENSG00000083097,804
ENSG00000013392,985
ENSG00000204344,247
ENSG00000168394,292
ENSG00000233908,0
ENSG00000219700,0
ENSG00000201023,0
ENSG00000218632,0
ENSG00000135535,15805
ENSG00000185250,243
ENSG00000135587,235
ENSG00000135596,580
ENSG00000223537,0
ENSG00000112365,771
ENSG00000013375,3520
ENSG00000244255,0
ENSG00000243649,0
ENSG00000228789,4
ENSG00000288751,0
ENSG00000289100,6
ENSG00000112473,6389
ENSG00000112695,4722
ENSG00000204296,0
ENSG00000287903,0
ENSG00000280423,0
ENSG00000228718,0
ENSG00000145949,62
ENSG00000286933,0
ENSG00000217408,0
ENSG00000217130,26
ENSG00000124562,3454
ENSG00000065060,1774
ENSG00000206717,0
ENSG00000064999,936
ENSG00000187762,0
ENSG00000286550,0
ENSG00000273870,0
ENSG00000124678,0
ENSG00000270382,0
ENSG00000096092,1069
ENSG00000220377,0
ENSG00000271227,0
ENSG00000237674,0
ENSG00000244067,0
ENSG00000217228,0
ENSG00000230845,0
ENSG00000197442,0
ENSG00000023892,0
ENSG00000220721,0
ENSG00000112039,160
ENSG00000232810,0
ENSG00000225093,8
ENSG00000238490,0
ENSG00000225174,20
ENSG00000112333,540
ENSG00000279398,20
ENSG00000112335,7572
ENSG00000233511,0
ENSG00000212525,0
ENSG00000286562,0
ENSG00000230248,0
ENSG00000206974,0
ENSG00000238055,0
ENSG00000279498,0
ENSG00000238079,0
ENSG00000227072,0
ENSG00000200799,0
ENSG00000081087,3396
ENSG00000244731,108
ENSG00000231925,1007
ENSG00000220506,4
ENSG00000286616,2
ENSG00000255389,310
ENSG00000056972,789
ENSG00000217776,0
ENSG00000252697,0
ENSG00000135346,0
ENSG00000215477,0
ENSG00000272008,2
ENSG00000218313,0
ENSG00000207604,0
ENSG00000225613,0
ENSG00000199080,0
ENSG00000112115,0
ENSG00000218363,0
ENSG00000112118,5085
ENSG00000289276,0
ENSG00000112116,0
ENSG00000135314,23
ENSG00000137221,311
ENSG00000196126,0
ENSG00000185127,1092
ENSG00000203733,0
ENSG00000228727,50
ENSG00000204599,219
ENSG00000261272,0
ENSG00000240053,16
ENSG00000146385,0
ENSG00000237110,0
ENSG00000204371,2898
ENSG00000286105,0
ENSG00000204052,10
ENSG00000204428,79
ENSG00000235272,12
ENSG00000277075,242
ENSG00000237988,0
ENSG00000124818,0
ENSG00000188994,4098
ENSG00000229495,0
ENSG00000146243,665
ENSG00000217512,0
ENSG00000285212,0
ENSG00000130396,2699
ENSG00000280916,5
ENSG00000286885,8
ENSG00000228506,161
ENSG00000227704,61
ENSG00000269293,242
ENSG00000272168,673
ENSG00000146247,9295
ENSG00000227131,0
ENSG00000204091,0
ENSG00000226070,0
ENSG00000156564,0
ENSG00000252767,0
ENSG00000236075,0
ENSG00000226454,0
ENSG00000237947,0
ENSG00000237027,0
ENSG00000083099,4029
ENSG00000228124,0
ENSG00000262400,0
ENSG00000217805,0
ENSG00000219681,0
ENSG00000271108,0
ENSG00000216718,0
ENSG00000213972,0
ENSG00000207286,0
ENSG00000207490,0
ENSG00000079691,420
ENSG00000112159,3408
ENSG00000289830,0
ENSG00000223485,3
ENSG00000164385,0
ENSG00000203808,2
ENSG00000272269,8
ENSG00000272463,0
ENSG00000289847,0
ENSG00000289851,1
ENSG00000225914,0
ENSG00000280850,16
ENSG00000288696,10
ENSG00000230943,58
ENSG00000226409,0
ENSG00000289257,0
ENSG00000287811,26
ENSG00000289863,0
ENSG00000231769,0
ENSG00000216863,0
ENSG00000289871,0
ENSG00000289623,2
ENSG00000146521,0
ENSG00000289838,0
ENSG00000226194,0
ENSG00000289117,0
ENSG00000260271,0
ENSG00000270761,0
ENSG00000263667,0
ENSG00000229931,28
ENSG00000236548,40
ENSG00000289911,4
ENSG00000234147,0
ENSG00000286084,50
ENSG00000237686,6
ENSG00000289304,0
ENSG00000289925,0
ENSG00000289178,0
ENSG00000235652,32
ENSG00000289931,2
ENSG00000231023,60
ENSG00000288904,44
ENSG00000230438,0
ENSG00000286482,2
ENSG00000225793,28
ENSG00000287084,0
ENSG00000230533,0
ENSG00000286324,0
ENSG00000289842,0
ENSG00000203711,2
ENSG00000235357,0
ENSG00000289953,0
ENSG00000231754,2
ENSG00000289376,0
ENSG00000227885,16
ENSG00000289958,0
ENSG00000289961,0
ENSG00000227502,28
ENSG00000235899,0
ENSG00000287594,2
ENSG00000231074,930
ENSG00000231028,19
ENSG00000260604,32
ENSG00000281706,0
ENSG00000270419,26
ENSG00000271913,39
ENSG00000286760,160
ENSG00000289981,22
ENSG00000236700,0
ENSG00000271860,26
ENSG00000233452,30
ENSG00000231690,10
ENSG00000226453,4
ENSG00000230960,0
ENSG00000285219,36
ENSG00000289988,0
ENSG00000250903,158
ENSG00000234261,0
ENSG00000235142,0
ENSG00000285492,10
ENSG00000287100,0
ENSG00000289368,8
ENSG00000271945,0
ENSG00000289447,0
ENSG00000261071,0
ENSG00000289372,38
ENSG00000260273,6
ENSG00000290009,5
ENSG00000290011,0
ENSG00000237923,0
ENSG00000233797,7
ENSG00000287260,13
ENSG00000290002,0
ENSG00000289467,2
ENSG00000290029,0
ENSG00000290032,407
ENSG00000226281,0
ENSG00000290034,0
ENSG00000287497,0
ENSG00000271978,71
ENSG00000261189,0
ENSG00000290047,4
ENSG00000290049,2
ENSG00000289190,6
ENSG00000168405,0
ENSG00000232310,0
ENSG00000287825,50
ENSG00000236013,15
ENSG00000260000,92
ENSG00000290051,20
ENSG00000272273,2
ENSG00000198221,4
ENSG00000290055,0
ENSG00000287252,0
ENSG00000288747,0
ENSG00000235535,0
ENSG00000227627,2
ENSG00000290062,0
ENSG00000290064,0
ENSG00000269985,0
ENSG00000286646,0
ENSG00000289609,67
ENSG00000231889,707
ENSG00000288887,0
ENSG00000287966,0
ENSG00000236345,0
ENSG00000287804,0
ENSG00000093134,0
ENSG00000231811,0
ENSG00000230910,22
ENSG00000135341,4395
ENSG00000238554,0
ENSG00000251864,0
ENSG00000281450,0
ENSG00000213500,0
ENSG00000287891,0
ENSG00000124772,286
ENSG00000219487,2
ENSG00000289359,0
ENSG00000228408,0
ENSG00000225924,0
ENSG00000283608,0
ENSG00000241391,0
ENSG00000216265,0
ENSG00000177688,2
ENSG00000178199,0
ENSG00000219553,0
ENSG00000289045,132
ENSG00000252244,0
ENSG00000055208,5238
ENSG00000093144,4160
ENSG00000290147,0
ENSG00000287363,0
ENSG00000048545,0
ENSG00000153157,0
ENSG00000197977,17809
ENSG00000274541,0
ENSG00000230314,126
ENSG00000224531,6578
ENSG00000244476,0
ENSG00000271245,0
ENSG00000079689,0
ENSG00000290217,0
ENSG00000164508,0
ENSG00000146047,0
ENSG00000178762,0
ENSG00000220556,0
ENSG00000112164,0
ENSG00000112167,802
ENSG00000217165,0
ENSG00000164626,4
ENSG00000161904,1113
ENSG00000096395,0
ENSG00000287089,0
ENSG00000249346,0
ENSG00000271362,0
ENSG00000233183,0
ENSG00000276824,0
ENSG00000221697,0
ENSG00000251608,0
ENSG00000289203,0
ENSG00000229274,0
ENSG00000224582,0
ENSG00000220694,0
ENSG00000189367,20
ENSG00000255330,0
ENSG00000184530,0
ENSG00000124493,0
ENSG00000271231,0
ENSG00000214810,2
ENSG00000288879,0
ENSG00000276404,0
ENSG00000186577,152
ENSG00000225339,2
ENSG00000220583,0
ENSG00000272325,98
ENSG00000137309,5116
ENSG00000270362,128
ENSG00000220154,0
ENSG00000201464,0
ENSG00000286042,0
ENSG00000217786,0
ENSG00000214338,67
ENSG00000146216,417
ENSG00000220347,0
ENSG00000271265,0
ENSG00000271551,24
ENSG00000271899,0
ENSG00000270487,0
ENSG00000218596,0
ENSG00000288910,0
ENSG00000233044,0
ENSG00000049618,2274
ENSG00000233138,0
ENSG00000010818,529
ENSG00000237851,0
ENSG00000232618,2
ENSG00000229017,6
ENSG00000227192,0
ENSG00000225752,0
ENSG00000287939,0
ENSG00000219669,0
ENSG00000221345,0
ENSG00000234753,52
ENSG00000146049,0
ENSG00000280707,0
ENSG00000131018,963
ENSG00000270800,0
ENSG00000124614,4
ENSG00000124507,4
ENSG00000124664,0
ENSG00000196114,0
ENSG00000196821,2371
ENSG00000216636,0
ENSG00000265123,0
ENSG00000220643,0
ENSG00000272288,66
ENSG00000186328,0
ENSG00000137166,2252
ENSG00000241549,0
ENSG00000290474,1
ENSG00000230598,0
ENSG00000290478,0
ENSG00000203492,0
ENSG00000290479,0
ENSG00000197171,0
ENSG00000290496,0
ENSG00000161912,8
ENSG00000290554,0
ENSG00000215190,0
ENSG00000290555,134
ENSG00000184106,0
ENSG00000290563,0
ENSG00000179073,0
ENSG00000290584,0
ENSG00000278128,0
ENSG00000290589,0
ENSG00000283453,0
ENSG00000290597,0
ENSG00000213071,0
ENSG00000290613,2
ENSG00000181126,0
ENSG00000203690,0
ENSG00000290751,0
ENSG00000204338,0
ENSG00000218690,0
ENSG00000290789,2
ENSG00000214643,0
ENSG00000290804,0
ENSG00000285799,0
ENSG00000290870,8
ENSG00000229391,0
ENSG00000290878,0
ENSG00000219392,0
ENSG00000290891,0
ENSG00000218358,0
ENSG00000290917,0
ENSG00000216775,0
ENSG00000291006,1023
ENSG00000219891,0
ENSG00000291008,43
ENSG00000243236,0
ENSG00000291036,0
ENSG00000243753,0
ENSG00000291097,0
ENSG00000124549,10
ENSG00000291104,9
ENSG00000224557,0
ENSG00000291111,0
ENSG00000204789,0
ENSG00000291112,0
ENSG00000216436,0
ENSG00000291193,0
ENSG00000291237,9521
ENSG00000289559,6
ENSG00000289047,940
ENSG00000204267,139
ENSG00000289829,4
ENSG00000166278,3
ENSG00000290788,0
ENSG00000213066,282
ENSG00000272980,0
ENSG00000152818,1020
ENSG00000289850,0
ENSG00000289975,10
ENSG00000232940,2
ENSG00000204209,2555
ENSG00000151914,13747
ENSG00000112200,3342
ENSG00000226803,26
ENSG00000166984,0
ENSG00000112280,4
ENSG00000237643,0
ENSG00000224349,0
ENSG00000291286,7
ENSG00000291241,0
ENSG00000112053,0
ENSG00000271304,0
ENSG00000112062,3370
ENSG00000265669,0
ENSG00000280155,0
ENSG00000112319,1652
ENSG00000228495,47
ENSG00000229923,0
ENSG00000256162,0
ENSG00000288977,0
ENSG00000079819,2430
ENSG00000010810,6818
ENSG00000289256,11
ENSG00000227012,0
ENSG00000204681,254
ENSG00000290710,0
ENSG00000204469,7302
ENSG00000291302,0
ENSG00000289282,0
ENSG00000286340,250
ENSG00000218029,0
ENSG00000262048,0
ENSG00000218748,0
ENSG00000206344,0
ENSG00000152822,56
ENSG00000187103,0
ENSG00000222971,0
ENSG00000216811,0
ENSG00000118508,38
ENSG00000196634,0
ENSG00000273997,0
ENSG00000220494,0
ENSG00000118418,4525
ENSG00000164506,617
ENSG00000233677,0
ENSG00000235963,0
ENSG00000227262,0
ENSG00000230795,0
ENSG00000228078,0
ENSG00000227766,0
ENSG00000235290,0
ENSG00000229390,0
ENSG00000204625,0
ENSG00000204623,158
ENSG00000238024,2
ENSG00000224312,0
ENSG00000290574,11
ENSG00000237669,0
ENSG00000204622,0
ENSG00000206503,1080
ENSG00000243831,0
ENSG00000224477,0
ENSG00000287558,0
ENSG00000276960,0
ENSG00000274903,0
ENSG00000122194,0
ENSG00000112309,47
ENSG00000204256,6271
ENSG00000290067,0
ENSG00000289262,0
ENSG00000118507,334
ENSG00000137310,698
ENSG00000120265,3527
ENSG00000168477,24
ENSG00000112715,2019
ENSG00000224079,6
ENSG00000233082,0
ENSG00000236708,21
ENSG00000286874,12
ENSG00000287541,0
ENSG00000164853,4
ENSG00000239857,32
ENSG00000261795,0
ENSG00000283991,0
ENSG00000164880,1596
ENSG00000241269,0
ENSG00000157927,76
ENSG00000086232,8544
ENSG00000213935,0
ENSG00000178381,200
ENSG00000272732,14
ENSG00000155070,0
ENSG00000287665,0
ENSG00000226943,6
ENSG00000164654,1992
ENSG00000239696,0
ENSG00000227719,0
ENSG00000250561,0
ENSG00000239715,0
ENSG00000224593,0
ENSG00000242611,0
ENSG00000240859,0
ENSG00000242474,428
ENSG00000244167,0
ENSG00000271077,0
ENSG00000188365,8
ENSG00000225146,0
ENSG00000106511,0
ENSG00000283117,0
ENSG00000272745,0
ENSG00000229091,0
ENSG00000177706,676
ENSG00000164916,2444
ENSG00000146540,1638
ENSG00000236712,0
ENSG00000236414,0
ENSG00000229618,0
ENSG00000229043,80
ENSG00000261809,0
ENSG00000232400,0
ENSG00000234718,0
ENSG00000270611,0
ENSG00000164828,2872
ENSG00000226323,0
ENSG00000214998,0
ENSG00000273151,34
ENSG00000003147,53
ENSG00000106537,2654
ENSG00000226097,0
ENSG00000273252,0
ENSG00000226291,0
ENSG00000106399,1433
ENSG00000122584,18
ENSG00000273644,0
ENSG00000228598,0
ENSG00000235920,0
ENSG00000233108,0
ENSG00000273230,38
ENSG00000223866,0
ENSG00000272894,8
ENSG00000218823,0
ENSG00000231525,0
ENSG00000230370,0
ENSG00000287409,0
ENSG00000235828,2
ENSG00000205897,0
ENSG00000241539,0
ENSG00000267055,0
ENSG00000106392,3254
ENSG00000237070,0
ENSG00000235431,0
ENSG00000229533,0
ENSG00000234800,0
ENSG00000244239,0
ENSG00000157954,2905
ENSG00000236510,2
ENSG00000232821,0
ENSG00000223838,0
ENSG00000242802,178
ENSG00000270593,0
ENSG00000197320,10
ENSG00000234356,0
ENSG00000243531,0
ENSG00000287883,0
ENSG00000230879,0
ENSG00000189043,10297
ENSG00000006747,16
ENSG00000164877,118
ENSG00000226827,0
ENSG00000239622,0
ENSG00000257607,0
ENSG00000234406,0
ENSG00000230435,0
ENSG00000240230,268
ENSG00000230333,0
ENSG00000232841,0
ENSG00000122585,20
ENSG00000233876,0
ENSG00000122644,1315
ENSG00000283321,0
ENSG00000240093,0
ENSG00000271330,0
ENSG00000225816,0
ENSG00000228675,0
ENSG00000285716,0
ENSG00000164849,16
ENSG00000229937,0
ENSG00000270314,0
ENSG00000260951,0
ENSG00000249852,2
ENSG00000222004,0
ENSG00000105954,0
ENSG00000234141,14
ENSG00000106066,520
ENSG00000285960,0
ENSG00000286376,0
ENSG00000105963,10
ENSG00000231328,0
ENSG00000232790,0
ENSG00000229233,0
ENSG00000225974,0
ENSG00000228421,1
ENSG00000236039,10
ENSG00000227965,0
ENSG00000105928,450
ENSG00000226059,0
ENSG00000271526,0
ENSG00000229379,0
ENSG00000213860,24
ENSG00000070882,1242
ENSG00000071189,2624
ENSG00000235728,0
ENSG00000217455,0
ENSG00000122550,10130
ENSG00000287096,0
ENSG00000106546,138
ENSG00000229949,0
ENSG00000122691,0
ENSG00000156928,759
ENSG00000153790,59
ENSG00000106541,0
ENSG00000213798,0
ENSG00000106100,63
ENSG00000227386,0
ENSG00000008256,948
ENSG00000233824,0
ENSG00000213783,0
ENSG00000287523,0
ENSG00000229452,0
ENSG00000219451,22
ENSG00000233830,20
ENSG00000105866,2301
ENSG00000283549,0
ENSG00000105855,5596
ENSG00000173467,0
ENSG00000287093,0
ENSG00000235464,0
ENSG00000225907,2
ENSG00000236318,0
ENSG00000225739,0
ENSG00000229358,76
ENSG00000136231,3050
ENSG00000278446,0
ENSG00000271253,0
ENSG00000234922,0
ENSG00000234999,0
ENSG00000234839,0
ENSG00000242731,0
ENSG00000235837,6
ENSG00000227930,0
ENSG00000236569,0
ENSG00000122679,0
ENSG00000235859,133
ENSG00000272638,0
ENSG00000106415,4906
ENSG00000230539,0
ENSG00000164649,2909
ENSG00000231892,4
ENSG00000213781,0
ENSG00000235574,0
ENSG00000179869,100
ENSG00000273014,71
ENSG00000146592,1188
ENSG00000197085,0
ENSG00000271185,0
ENSG00000288525,0
ENSG00000179460,0
ENSG00000002746,295
ENSG00000237713,0
ENSG00000227017,6
ENSG00000286847,2
ENSG00000236212,0
ENSG00000230831,0
ENSG00000284839,0
ENSG00000279104,0
ENSG00000011426,2680
ENSG00000042813,0
ENSG00000180354,7499
ENSG00000232627,0
ENSG00000227015,0
ENSG00000229893,0
ENSG00000286738,0
ENSG00000287651,0
ENSG00000228735,0
ENSG00000223970,0
ENSG00000230680,0
ENSG00000187258,0
ENSG00000272984,0
ENSG00000287953,0
ENSG00000233264,38
ENSG00000236284,0
ENSG00000283061,0
ENSG00000241644,0
ENSG00000281404,0
ENSG00000244550,0
ENSG00000181211,0
ENSG00000229478,0
ENSG00000228173,0
ENSG00000164742,635
ENSG00000232161,0
ENSG00000231232,0
ENSG00000236529,3
ENSG00000237400,0
ENSG00000227489,0
ENSG00000229970,0
ENSG00000227426,0
ENSG00000232612,0
ENSG00000188730,18
ENSG00000227344,14
ENSG00000233962,0
ENSG00000226468,0
ENSG00000224101,0
ENSG00000286658,0
ENSG00000232325,0
ENSG00000226829,0
ENSG00000073067,0
ENSG00000106483,28
ENSG00000223829,0
ENSG00000280920,0
ENSG00000286466,0
ENSG00000136270,1314
ENSG00000078053,1132
ENSG00000221900,0
ENSG00000286404,0
ENSG00000230271,0
ENSG00000225286,0
ENSG00000223893,0
ENSG00000224519,0
ENSG00000243981,0
ENSG00000126522,134
ENSG00000106524,880
ENSG00000146731,23031
ENSG00000268181,0
ENSG00000179342,2
ENSG00000275295,0
ENSG00000231484,0
ENSG00000232906,0
ENSG00000286526,0
ENSG00000224368,0
ENSG00000229031,0
ENSG00000285536,0
ENSG00000255690,3079
ENSG00000136274,673
ENSG00000230361,0
ENSG00000236261,0
ENSG00000250923,0
ENSG00000237004,49
ENSG00000229424,0
ENSG00000251451,0
ENSG00000238090,0
ENSG00000285741,0
ENSG00000146729,5502
ENSG00000146733,2119
ENSG00000272328,0
ENSG00000178665,139
ENSG00000224484,0
ENSG00000224706,0
ENSG00000136250,0
ENSG00000236531,0
ENSG00000240651,0
ENSG00000279785,0
ENSG00000287521,0
ENSG00000106070,3054
ENSG00000228564,0
ENSG00000238131,0
ENSG00000234359,0
ENSG00000229459,0
ENSG00000270749,0
ENSG00000227404,0
ENSG00000281593,0
ENSG00000005020,148
ENSG00000236046,0
ENSG00000164543,12951
ENSG00000226421,2
ENSG00000230000,0
ENSG00000271696,0
ENSG00000271194,0
ENSG00000234686,0
ENSG00000237026,0
ENSG00000187546,0
ENSG00000164556,0
ENSG00000228815,0
ENSG00000234467,0
ENSG00000249773,0
ENSG00000225718,0
ENSG00000235379,0
ENSG00000182348,2
ENSG00000236907,0
ENSG00000223559,2
ENSG00000226392,0
ENSG00000232975,0
ENSG00000233854,0
ENSG00000234085,0
ENSG00000235243,0
ENSG00000236638,0
ENSG00000229403,12
ENSG00000233420,22
ENSG00000214652,0
ENSG00000225128,0
ENSG00000228928,2
ENSG00000231523,0
ENSG00000075213,233
ENSG00000231299,0
ENSG00000235450,0
ENSG00000233782,0
ENSG00000223558,0
ENSG00000196715,5054
ENSG00000238124,0
ENSG00000233918,0
ENSG00000285670,0
ENSG00000278959,0
ENSG00000228711,0
ENSG00000227979,0
ENSG00000227545,0
ENSG00000233491,0
ENSG00000229064,0
ENSG00000106605,1198
ENSG00000229627,0
ENSG00000185290,0
ENSG00000219807,0
ENSG00000225537,0
ENSG00000234500,6
ENSG00000230356,0
ENSG00000244055,29
ENSG00000250618,0
ENSG00000225701,0
ENSG00000227785,0
ENSG00000233960,0
ENSG00000157259,1815
ENSG00000270763,0
ENSG00000154978,2980
ENSG00000237160,0
ENSG00000231763,0
ENSG00000105829,1755
ENSG00000224155,0
ENSG00000213673,0
ENSG00000196636,1016
ENSG00000164715,1492
ENSG00000122547,46
ENSG00000223402,0
ENSG00000234312,0
ENSG00000223665,0
ENSG00000213787,0
ENSG00000229301,0
ENSG00000286987,0
ENSG00000227148,0
ENSG00000228627,0
ENSG00000227491,2
ENSG00000284523,0
ENSG00000228085,0
ENSG00000227982,0
ENSG00000244510,0
ENSG00000225371,0
ENSG00000186472,198
ENSG00000122507,1111
ENSG00000271306,0
ENSG00000236610,0
ENSG00000226587,0
ENSG00000287488,0
ENSG00000231255,0
ENSG00000236938,0
ENSG00000230796,0
ENSG00000237760,0
ENSG00000234185,0
ENSG00000234105,0
ENSG00000005981,2
ENSG00000224551,0
ENSG00000227923,0
ENSG00000234700,0
ENSG00000230196,0
ENSG00000230600,0
ENSG00000230927,0
ENSG00000127993,670
ENSG00000237709,0
ENSG00000127989,1182
ENSG00000270812,0
ENSG00000106236,84
ENSG00000237572,0
ENSG00000230191,0
ENSG00000285725,2
ENSG00000270957,0
ENSG00000236861,9
ENSG00000242950,15
ENSG00000272950,0
ENSG00000228751,0
ENSG00000203462,0
ENSG00000164645,0
ENSG00000106261,7960
ENSG00000228429,0
ENSG00000233454,0
ENSG00000006128,4
ENSG00000271117,0
ENSG00000132432,3261
ENSG00000128581,1454
ENSG00000239789,504
ENSG00000224475,0
ENSG00000228680,0
ENSG00000172115,19816
ENSG00000284627,0
ENSG00000169919,649
ENSG00000233073,0
ENSG00000127980,805
ENSG00000004766,1546
ENSG00000281332,191
ENSG00000233385,0
ENSG00000286397,0
ENSG00000231812,0
ENSG00000226767,0
ENSG00000106384,0
ENSG00000278819,0
ENSG00000285090,6
ENSG00000235139,0
ENSG00000249319,0
ENSG00000233539,0
ENSG00000278683,0
ENSG00000227298,0
ENSG00000286908,0
ENSG00000237639,0
ENSG00000287039,0
ENSG00000224653,0
ENSG00000237251,0
ENSG00000006715,4694
ENSG00000270453,0
ENSG00000234457,0
ENSG00000275833,0
ENSG00000233689,0
ENSG00000001629,3384
ENSG00000105825,167
ENSG00000164659,2012
ENSG00000235454,10
ENSG00000224365,0
ENSG00000158528,1169
ENSG00000237640,0
ENSG00000232817,0
ENSG00000232418,0
ENSG00000213717,0
ENSG00000224370,0
ENSG00000236453,0
ENSG00000232097,0
ENSG00000226046,0
ENSG00000235639,0
ENSG00000214389,869
ENSG00000105852,0
ENSG00000106366,1194
ENSG00000237551,0
ENSG00000235646,0
ENSG00000224223,0
ENSG00000271159,0
ENSG00000227646,0
ENSG00000005421,0
ENSG00000233028,0
ENSG00000228770,0
ENSG00000019991,0
ENSG00000226075,0
ENSG00000227035,0
ENSG00000180233,560
ENSG00000230614,2
ENSG00000261535,0
ENSG00000205267,0
ENSG00000230252,0
ENSG00000234273,0
ENSG00000233601,0
ENSG00000234545,1118
ENSG00000227948,2
ENSG00000169902,1546
ENSG00000070669,0
ENSG00000242265,42098
ENSG00000214252,0
ENSG00000229886,0
ENSG00000223836,0
ENSG00000232072,0
ENSG00000237818,5
ENSG00000135249,1426
ENSG00000234695,0
ENSG00000232165,0
ENSG00000154678,24
ENSG00000213455,0
ENSG00000234826,0
ENSG00000231153,0
ENSG00000240355,0
ENSG00000227305,0
ENSG00000224316,0
ENSG00000250756,0
ENSG00000278388,0
ENSG00000237870,0
ENSG00000243243,0
ENSG00000230192,0
ENSG00000233969,0
ENSG00000278424,0
ENSG00000205356,692
ENSG00000177683,3769
ENSG00000231638,7
ENSG00000275834,0
ENSG00000223867,0
ENSG00000235713,0
ENSG00000243345,0
ENSG00000285592,0
ENSG00000287827,0
ENSG00000280347,247
ENSG00000135185,173
ENSG00000242948,0
ENSG00000106355,3362
ENSG00000225535,0
ENSG00000106367,2988
ENSG00000260997,0
ENSG00000106397,1710
ENSG00000232385,10
ENSG00000135218,0
ENSG00000213394,0
ENSG00000244657,0
ENSG00000270425,0
ENSG00000277544,0
ENSG00000234234,0
ENSG00000160862,22
ENSG00000226744,0
ENSG00000286742,0
ENSG00000235421,0
ENSG00000285544,0
ENSG00000231859,0
ENSG00000238228,4
ENSG00000224322,0
ENSG00000237236,0
ENSG00000229982,0
ENSG00000248704,0
ENSG00000279655,0
ENSG00000236748,0
ENSG00000225898,0
ENSG00000271368,0
ENSG00000223889,0
ENSG00000173114,3031
ENSG00000127920,542
ENSG00000075223,828
ENSG00000146802,1018
ENSG00000260070,0
ENSG00000226770,0
ENSG00000241324,0
ENSG00000214342,0
ENSG00000232445,0
ENSG00000229679,0
ENSG00000135269,815
ENSG00000234304,0
ENSG00000205596,0
ENSG00000223550,0
ENSG00000287011,30
ENSG00000232032,0
ENSG00000182111,0
ENSG00000233607,0
ENSG00000135241,4082
ENSG00000105854,12391
ENSG00000279326,0
ENSG00000226680,0
ENSG00000237813,0
ENSG00000243621,0
ENSG00000237064,0
ENSG00000127990,1175
ENSG00000146856,123
ENSG00000105971,124
ENSG00000287932,0
ENSG00000236460,0
ENSG00000243144,0
ENSG00000213744,0
ENSG00000231556,0
ENSG00000239648,0
ENSG00000226624,2
ENSG00000128590,5350
ENSG00000174697,0
ENSG00000230520,0
ENSG00000230682,0
ENSG00000214415,0
ENSG00000273489,4
ENSG00000248315,0
ENSG00000237896,0
ENSG00000287186,0
ENSG00000225572,0
ENSG00000225308,0
ENSG00000183444,0
ENSG00000186676,8
ENSG00000179562,898
ENSG00000279078,4
ENSG00000205174,0
ENSG00000225358,0
ENSG00000234387,0
ENSG00000213483,0
ENSG00000106013,10
ENSG00000091128,0
ENSG00000240677,0
ENSG00000279429,0
ENSG00000232199,0
ENSG00000198839,1388
ENSG00000185274,292
ENSG00000167011,0
ENSG00000184408,1393
ENSG00000184903,740
ENSG00000146955,0
ENSG00000286921,0
ENSG00000198420,4407
ENSG00000197157,10782
ENSG00000105880,728
ENSG00000004059,1800
ENSG00000196937,5880
ENSG00000230268,0
ENSG00000081800,0
ENSG00000226962,0
ENSG00000224899,0
ENSG00000214194,2948
ENSG00000261462,0
ENSG00000225583,0
ENSG00000211745,0
ENSG00000183166,0
ENSG00000128536,68
ENSG00000230052,0
ENSG00000223886,1
ENSG00000231295,2
ENSG00000006453,12
ENSG00000224746,8
ENSG00000106086,2610
ENSG00000269955,0
ENSG00000234223,0
ENSG00000271096,0
ENSG00000103200,0
ENSG00000226671,0
ENSG00000270516,0
ENSG00000105967,0
ENSG00000165076,0
ENSG00000223646,2
ENSG00000238072,3
ENSG00000213296,0
ENSG00000284707,10
ENSG00000234358,0
ENSG00000272839,0
ENSG00000106049,1646
ENSG00000230751,0
ENSG00000235631,0
ENSG00000278998,0
ENSG00000240579,0
ENSG00000170632,2649
ENSG00000243317,7017
ENSG00000213310,0
ENSG00000236105,0
ENSG00000270997,0
ENSG00000059378,18
ENSG00000230386,0
ENSG00000224629,0
ENSG00000128567,6807
ENSG00000237466,0
ENSG00000205898,0
ENSG00000231923,0
ENSG00000276538,0
ENSG00000126870,628
ENSG00000133606,5214
ENSG00000227847,0
ENSG00000273391,12
ENSG00000188883,0
ENSG00000229660,0
ENSG00000127955,1232
ENSG00000229192,0
ENSG00000285821,0
ENSG00000133574,0
ENSG00000279265,6
ENSG00000188050,0
ENSG00000225546,0
ENSG00000128607,3903
ENSG00000283063,0
ENSG00000234722,12
ENSG00000223514,0
ENSG00000223872,0
ENSG00000243574,0
ENSG00000128578,421
ENSG00000006377,82
ENSG00000278894,0
ENSG00000127928,0
ENSG00000196335,0
ENSG00000233423,0
ENSG00000128513,1460
ENSG00000225612,0
ENSG00000228540,0
ENSG00000231980,0
ENSG00000254270,12
ENSG00000105887,25352
ENSG00000227573,0
ENSG00000165120,0
ENSG00000235581,0
ENSG00000243797,0
ENSG00000227371,0
ENSG00000287592,0
ENSG00000286478,6
ENSG00000224138,2
ENSG00000224545,0
ENSG00000231931,0
ENSG00000164603,2687
ENSG00000271568,0
ENSG00000272219,0
ENSG00000241661,0
ENSG00000225365,0
ENSG00000282939,0
ENSG00000279086,2
ENSG00000229436,0
ENSG00000160963,3853
ENSG00000237754,0
ENSG00000227863,0
ENSG00000253183,0
ENSG00000224547,0
ENSG00000170260,444
ENSG00000232715,0
ENSG00000230853,0
ENSG00000228742,0
ENSG00000228030,0
ENSG00000233191,0
ENSG00000243554,10
ENSG00000211716,0
ENSG00000106153,6421
ENSG00000223948,0
ENSG00000231234,0
ENSG00000106328,0
ENSG00000241136,0
ENSG00000243889,0
ENSG00000146842,1972
ENSG00000224324,6
ENSG00000279288,4
ENSG00000280266,0
ENSG00000237729,0
ENSG00000233951,0
ENSG00000224134,0
ENSG00000214102,0
ENSG00000244701,3
ENSG00000213261,28
ENSG00000243099,0
ENSG00000232361,0
ENSG00000105993,9343
ENSG00000251660,0
ENSG00000105929,2
ENSG00000128594,1587
ENSG00000225959,0
ENSG00000242771,0
ENSG00000270729,0
ENSG00000232145,0
ENSG00000242552,0
ENSG00000146918,2980
ENSG00000234210,10
ENSG00000204946,206
ENSG00000185055,60
ENSG00000236279,0
ENSG00000225559,0
ENSG00000229196,0
ENSG00000211713,0
ENSG00000271664,0
ENSG00000211710,0
ENSG00000232053,0
ENSG00000234985,0
ENSG00000133561,0
ENSG00000286722,2
ENSG00000224865,0
ENSG00000230649,0
ENSG00000225647,0
ENSG00000106028,5476
ENSG00000225209,0
ENSG00000236238,10
ENSG00000155093,1635
ENSG00000009335,5561
ENSG00000273377,0
ENSG00000064393,12393
ENSG00000213238,0
ENSG00000223721,0
ENSG00000286214,13876
ENSG00000128519,0
ENSG00000214253,2400
ENSG00000225457,0
ENSG00000222012,21
ENSG00000242280,0
ENSG00000214754,0
ENSG00000257093,3860
ENSG00000127362,8
ENSG00000231515,0
ENSG00000241345,8
ENSG00000272604,127
ENSG00000273138,0
ENSG00000270990,0
ENSG00000243746,4
ENSG00000197558,12
ENSG00000231244,0
ENSG00000106025,2209
ENSG00000285524,0
ENSG00000237702,0
ENSG00000211714,0
ENSG00000181444,0
ENSG00000226965,4
ENSG00000197462,0
ENSG00000236395,0
ENSG00000270157,46
ENSG00000106278,43742
ENSG00000230189,0
ENSG00000211734,0
ENSG00000164713,1060
ENSG00000231167,34
ENSG00000227471,0
ENSG00000239944,0
ENSG00000179144,0
ENSG00000233942,0
ENSG00000157800,1810
ENSG00000227968,0
ENSG00000231006,4
ENSG00000229532,0
ENSG00000236503,0
ENSG00000239719,4
ENSG00000270923,0
ENSG00000241258,716
ENSG00000287554,0
ENSG00000106034,12
ENSG00000146963,1280
ENSG00000258223,0
ENSG00000236281,0
ENSG00000213237,0
ENSG00000106615,7118
ENSG00000136286,0
ENSG00000122787,0
ENSG00000240973,0
ENSG00000071243,1286
ENSG00000240571,21
ENSG00000241449,0
ENSG00000240204,102
ENSG00000211715,0
ENSG00000226066,0
ENSG00000204990,0
ENSG00000106617,1304
ENSG00000243853,0
ENSG00000270512,0
ENSG00000240132,2
ENSG00000228775,52
ENSG00000127366,6
ENSG00000211706,0
ENSG00000226660,0
ENSG00000002745,6
ENSG00000227743,0
ENSG00000236928,0
ENSG00000224375,3
ENSG00000214035,0
ENSG00000241456,0
ENSG00000106479,377
ENSG00000234224,69
ENSG00000225795,0
ENSG00000234927,0
ENSG00000241926,0
ENSG00000242048,0
ENSG00000172331,2476
ENSG00000286013,0
ENSG00000280149,34
ENSG00000006530,1142
ENSG00000234352,0
ENSG00000186480,11945
ENSG00000214815,0
ENSG00000225918,0
ENSG00000244565,0
ENSG00000285841,0
ENSG00000273419,1
ENSG00000233263,0
ENSG00000272568,30
ENSG00000133627,771
ENSG00000224354,0
ENSG00000233272,0
ENSG00000277083,0
ENSG00000227562,0
ENSG00000261629,0
ENSG00000085662,4994
ENSG00000204934,56
ENSG00000236343,0
ENSG00000214128,0
ENSG00000286565,0
ENSG00000235459,0
ENSG00000242736,0
ENSG00000242072,0
ENSG00000122779,5880
ENSG00000211707,0
ENSG00000226592,0
ENSG00000006459,1522
ENSG00000106648,0
ENSG00000183742,0
ENSG00000260231,32
ENSG00000198074,10
ENSG00000236386,0
ENSG00000283041,732
ENSG00000233517,10
ENSG00000234658,0
ENSG00000217825,0
ENSG00000279043,0
ENSG00000226045,0
ENSG00000232968,0
ENSG00000273219,0
ENSG00000237821,6
ENSG00000273117,92
ENSG00000228521,0
ENSG00000091732,1048
ENSG00000231839,0
ENSG00000241881,0
ENSG00000164898,22
ENSG00000186163,0
ENSG00000261570,8
ENSG00000226999,0
ENSG00000226816,0
ENSG00000234071,0
ENSG00000106554,3006
ENSG00000229603,0
ENSG00000261624,0
ENSG00000106400,3532
ENSG00000230654,0
ENSG00000170265,1234
ENSG00000146966,1334
ENSG00000287547,0
ENSG00000261797,0
ENSG00000197024,1588
ENSG00000002079,0
ENSG00000233417,0
ENSG00000261778,0
ENSG00000280340,0
ENSG00000157703,0
ENSG00000236839,0
ENSG00000239919,0
ENSG00000128585,4778
ENSG00000234995,0
ENSG00000158623,2142
ENSG00000285926,0
ENSG00000189320,0
ENSG00000286407,0
ENSG00000231419,0
ENSG00000228944,0
ENSG00000219445,0
ENSG00000106018,0
ENSG00000267052,0
ENSG00000236195,0
ENSG00000230941,0
ENSG00000287184,0
ENSG00000240499,0
ENSG00000215018,0
ENSG00000224104,0
ENSG00000229435,0
ENSG00000213291,0
ENSG00000199023,0
ENSG00000202039,0
ENSG00000206895,0
ENSG00000240718,0
ENSG00000252929,0
ENSG00000264474,0
ENSG00000266287,0
ENSG00000212422,0
ENSG00000201218,0
ENSG00000201747,0
ENSG00000199470,0
ENSG00000201774,0
ENSG00000222974,0
ENSG00000278569,0
ENSG00000199473,0
ENSG00000195024,0
ENSG00000200753,0
ENSG00000221783,0
ENSG00000243633,0
ENSG00000252041,0
ENSG00000212264,0
ENSG00000202233,0
ENSG00000206877,0
ENSG00000283618,0
ENSG00000207771,0
ENSG00000283237,0
ENSG00000251999,0
ENSG00000202431,0
ENSG00000201432,4
ENSG00000207573,0
ENSG00000283461,0
ENSG00000241756,0
ENSG00000242653,0
ENSG00000206947,0
ENSG00000221325,0
ENSG00000222869,0
ENSG00000200113,0
ENSG00000201566,0
ENSG00000264069,0
ENSG00000252983,0
ENSG00000223258,0
ENSG00000206838,1
ENSG00000201772,4
ENSG00000200656,0
ENSG00000277184,0
ENSG00000222154,0
ENSG00000242650,0
ENSG00000222355,0
ENSG00000199629,0
ENSG00000206603,0
ENSG00000207168,0
ENSG00000200471,0
ENSG00000223330,0
ENSG00000202296,0
ENSG00000253028,0
ENSG00000207443,0
ENSG00000199231,0
ENSG00000206634,2
ENSG00000206785,0
ENSG00000200670,0
ENSG00000252423,0
ENSG00000222428,0
ENSG00000201014,0
ENSG00000201560,0
ENSG00000200189,0
ENSG00000252126,0
ENSG00000265878,0
ENSG00000283278,0
ENSG00000199940,0
ENSG00000200786,0
ENSG00000244392,0
ENSG00000206818,0
ENSG00000200397,0
ENSG00000278236,0
ENSG00000240347,0
ENSG00000239075,0
ENSG00000206763,0
ENSG00000222220,0
ENSG00000265423,0
ENSG00000201607,0
ENSG00000239030,0
ENSG00000199475,0
ENSG00000266318,0
ENSG00000266668,0
ENSG00000202281,0
ENSG00000207045,0
ENSG00000207115,0
ENSG00000277946,0
ENSG00000199711,0
ENSG00000252872,0
ENSG00000274409,0
ENSG00000208025,0
ENSG00000277124,0
ENSG00000274709,0
ENSG00000207094,0
ENSG00000244318,0
ENSG00000207454,0
ENSG00000280404,0
ENSG00000280004,0
ENSG00000279724,0
ENSG00000252824,0
ENSG00000251978,0
ENSG00000199224,0
ENSG00000202377,0
ENSG00000252023,0
ENSG00000252704,0
ENSG00000212628,0
ENSG00000207705,0
ENSG00000207090,0
ENSG00000264425,0
ENSG00000207588,0
ENSG00000222966,0
ENSG00000222346,0
ENSG00000213167,0
ENSG00000271739,0
ENSG00000202225,0
ENSG00000284135,0
ENSG00000199700,0
ENSG00000201465,0
ENSG00000272393,0
ENSG00000252820,0
ENSG00000212303,0
ENSG00000239021,0
ENSG00000199971,0
ENSG00000222514,0
ENSG00000284028,0
ENSG00000206705,0
ENSG00000252332,0
ENSG00000199846,4
ENSG00000199764,0
ENSG00000212153,0
ENSG00000199283,0
ENSG00000223212,0
ENSG00000223113,0
ENSG00000202472,0
ENSG00000252188,0
ENSG00000251728,4
ENSG00000241959,0
ENSG00000201066,0
ENSG00000252523,0
ENSG00000222941,0
ENSG00000265598,0
ENSG00000200673,0
ENSG00000265810,0
ENSG00000212219,0
ENSG00000207960,0
ENSG00000207637,0
ENSG00000273444,0
ENSG00000270577,0
ENSG00000168303,850
ENSG00000199273,0
ENSG00000248711,0
ENSG00000203446,0
ENSG00000227658,0
ENSG00000105856,3000
ENSG00000272072,12
ENSG00000228341,0
ENSG00000172209,6
ENSG00000154415,0
ENSG00000236580,0
ENSG00000224595,0
ENSG00000282859,0
ENSG00000202334,0
ENSG00000272230,0
ENSG00000204960,0
ENSG00000218672,0
ENSG00000260426,0
ENSG00000288051,0
ENSG00000236544,0
ENSG00000164778,0
ENSG00000227365,0
ENSG00000175741,260
ENSG00000242855,0
ENSG00000259826,16
ENSG00000175600,145
ENSG00000232458,0
ENSG00000224017,2
ENSG00000258227,0
ENSG00000257138,0
ENSG00000207214,0
ENSG00000279419,0
ENSG00000170775,96
ENSG00000275356,0
ENSG00000231087,0
ENSG00000225703,0
ENSG00000201885,0
ENSG00000201959,0
ENSG00000259628,0
ENSG00000225726,0
ENSG00000213542,8
ENSG00000265479,0
ENSG00000186704,0
ENSG00000242435,0
ENSG00000241350,0
ENSG00000233448,0
ENSG00000272968,0
ENSG00000270822,2
ENSG00000273313,0
ENSG00000196204,405
ENSG00000288620,0
ENSG00000288633,0
ENSG00000168090,2686
ENSG00000166508,9301
ENSG00000207547,4
ENSG00000207757,0
ENSG00000208036,0
ENSG00000221838,374
ENSG00000242798,0
ENSG00000166997,521
ENSG00000214309,71
ENSG00000235077,4
ENSG00000214142,0
ENSG00000146826,152
ENSG00000284518,0
ENSG00000197093,251
ENSG00000213420,1444
ENSG00000201913,0
ENSG00000272752,0
ENSG00000235333,0
ENSG00000284012,0
ENSG00000287631,0
ENSG00000241357,3
ENSG00000160813,19
ENSG00000240211,0
ENSG00000185955,0
ENSG00000286938,0
ENSG00000166526,2187
ENSG00000207204,0
ENSG00000266019,0
ENSG00000286305,4
ENSG00000238109,0
ENSG00000284840,0
ENSG00000188693,0
ENSG00000243107,0
ENSG00000200769,0
ENSG00000221520,0
ENSG00000230101,0
ENSG00000286458,0
ENSG00000235427,0
ENSG00000105810,23006
ENSG00000164500,0
ENSG00000122778,3607
ENSG00000136235,48
ENSG00000004864,5220
ENSG00000127364,6
ENSG00000136280,766
ENSG00000127377,0
ENSG00000146757,3131
ENSG00000187260,2
ENSG00000202406,0
ENSG00000226851,14
ENSG00000230999,0
ENSG00000232922,0
ENSG00000236232,0
ENSG00000006652,204
ENSG00000180019,0
ENSG00000288634,0
ENSG00000181016,8
ENSG00000182965,0
ENSG00000164867,2
ENSG00000243433,0
ENSG00000213199,42
ENSG00000164885,1043
ENSG00000288608,0
ENSG00000244151,0
ENSG00000164897,448
ENSG00000133612,1788
ENSG00000146926,0
ENSG00000278685,1
ENSG00000033050,754
ENSG00000272661,0
ENSG00000287032,17
ENSG00000122557,1024
ENSG00000271122,901
ENSG00000227544,166
ENSG00000232736,0
ENSG00000274328,0
ENSG00000187257,2243
ENSG00000135211,1232
ENSG00000222432,0
ENSG00000232756,0
ENSG00000281008,0
ENSG00000280958,0
ENSG00000231322,0
ENSG00000285892,0
ENSG00000226230,0
ENSG00000251276,0
ENSG00000226978,0
ENSG00000212545,0
ENSG00000229110,0
ENSG00000281120,0
ENSG00000286855,0
ENSG00000212482,0
ENSG00000222024,0
ENSG00000226285,0
ENSG00000187391,1479
ENSG00000006625,595
ENSG00000281039,0
ENSG00000244480,0
ENSG00000264520,0
ENSG00000226874,0
ENSG00000263683,0
ENSG00000106113,0
ENSG00000106105,5815
ENSG00000227172,0
ENSG00000241127,677
ENSG00000236015,0
ENSG00000231951,0
ENSG00000106540,0
ENSG00000287584,0
ENSG00000006451,6506
ENSG00000228554,0
ENSG00000252480,0
ENSG00000270797,0
ENSG00000226220,5
ENSG00000231198,0
ENSG00000233225,37
ENSG00000188185,96
ENSG00000208014,0
ENSG00000207656,0
ENSG00000004948,0
ENSG00000257335,0
ENSG00000106536,0
ENSG00000271321,0
ENSG00000275400,0
ENSG00000232491,0
ENSG00000177418,0
ENSG00000225573,106
ENSG00000284461,0
ENSG00000271064,0
ENSG00000232546,5
ENSG00000230295,11
ENSG00000212568,0
ENSG00000179131,0
ENSG00000274135,0
ENSG00000106560,0
ENSG00000213203,0
ENSG00000281887,0
ENSG00000177590,0
ENSG00000241134,0
ENSG00000106565,7
ENSG00000002933,0
ENSG00000235945,0
ENSG00000252115,0
ENSG00000222150,0
ENSG00000227199,40
ENSG00000275359,0
ENSG00000277583,0
ENSG00000214188,0
ENSG00000288635,0
ENSG00000273596,0
ENSG00000273571,0
ENSG00000276100,0
ENSG00000274606,0
ENSG00000228368,0
ENSG00000213050,0
ENSG00000283923,0
ENSG00000226367,0
ENSG00000287829,0
ENSG00000274344,0
ENSG00000275054,0
ENSG00000227532,0
ENSG00000278526,0
ENSG00000278482,0
ENSG00000230785,0
ENSG00000224042,0
ENSG00000230605,0
ENSG00000201354,0
ENSG00000285904,0
ENSG00000240173,0
ENSG00000133597,116
ENSG00000090266,1104
ENSG00000240889,12
ENSG00000271932,0
ENSG00000271611,0
ENSG00000242703,0
ENSG00000090263,2449
ENSG00000105865,131
ENSG00000270992,0
ENSG00000158516,2
ENSG00000128510,0
ENSG00000259920,28
ENSG00000272701,28
ENSG00000106484,48875
ENSG00000277269,0
ENSG00000278055,0
ENSG00000274500,0
ENSG00000270823,0
ENSG00000199043,0
ENSG00000270953,109
ENSG00000276213,0
ENSG00000178234,1681
ENSG00000229591,0
ENSG00000213188,0
ENSG00000270405,0
ENSG00000204894,2
ENSG00000241007,10
ENSG00000253088,0
ENSG00000241735,0
ENSG00000020219,4
ENSG00000261455,204
ENSG00000231139,0
ENSG00000225416,4
ENSG00000160917,793
ENSG00000228335,0
ENSG00000241468,1525
ENSG00000198556,183
ENSG00000160908,393
ENSG00000221909,1098
ENSG00000197343,2172
ENSG00000272647,0
ENSG00000244219,0
ENSG00000197037,464
ENSG00000224448,0
ENSG00000106258,312
ENSG00000282277,0
ENSG00000160870,0
ENSG00000273407,0
ENSG00000261511,0
ENSG00000260445,0
ENSG00000260524,0
ENSG00000176402,0
ENSG00000280144,0
ENSG00000174469,55631
ENSG00000274127,0
ENSG00000274118,0
ENSG00000236795,0
ENSG00000226857,0
ENSG00000232391,0
ENSG00000221442,0
ENSG00000230190,0
ENSG00000270634,0
ENSG00000207318,0
ENSG00000251936,0
ENSG00000242266,0
ENSG00000199370,0
ENSG00000243374,0
ENSG00000274133,0
ENSG00000283504,0
ENSG00000283648,0
ENSG00000218586,4
ENSG00000280890,8
ENSG00000237210,0
ENSG00000230564,0
ENSG00000230936,0
ENSG00000230882,0
ENSG00000251798,0
ENSG00000224273,0
ENSG00000213549,0
ENSG00000177679,64
ENSG00000170027,31614
ENSG00000213548,0
ENSG00000146700,30
ENSG00000188372,0
ENSG00000233980,0
ENSG00000250614,0
ENSG00000106211,3135
ENSG00000214960,0
ENSG00000224683,0
ENSG00000229688,0
ENSG00000171243,28
ENSG00000272537,0
ENSG00000205858,0
ENSG00000224280,0
ENSG00000272361,10
ENSG00000287799,0
ENSG00000234432,30
ENSG00000230733,0
ENSG00000207973,0
ENSG00000075624,118172
ENSG00000272719,0
ENSG00000228974,0
ENSG00000075618,12640
ENSG00000237738,0
ENSG00000283419,0
ENSG00000082014,1118
ENSG00000135164,1614
ENSG00000106404,38
ENSG00000213265,0
ENSG00000196652,1194
ENSG00000166448,54
ENSG00000002726,0
ENSG00000129103,2267
ENSG00000011275,1770
ENSG00000164542,962
ENSG00000106443,4769
ENSG00000106477,1990
ENSG00000229626,0
ENSG00000273055,0
ENSG00000238297,0
ENSG00000091136,2757
ENSG00000127399,0
ENSG00000261305,0
ENSG00000106538,0
ENSG00000240449,93
ENSG00000227073,0
ENSG00000155561,6378
ENSG00000271414,0
ENSG00000223718,2
ENSG00000238906,0
ENSG00000136193,15532
ENSG00000227014,20
ENSG00000106080,2940
ENSG00000231519,0
ENSG00000106624,1331
ENSG00000284412,0
ENSG00000252848,0
ENSG00000106631,0
ENSG00000176428,164
ENSG00000176410,356
ENSG00000106089,116
ENSG00000265724,0
ENSG00000241709,0
ENSG00000165215,12
ENSG00000165171,35
ENSG00000175877,0
ENSG00000261467,0
ENSG00000272915,0
ENSG00000106344,1486
ENSG00000242261,0
ENSG00000238750,0
ENSG00000106348,483
ENSG00000228700,0
ENSG00000238590,0
ENSG00000273184,0
ENSG00000135245,506
ENSG00000240758,0
ENSG00000272601,0
ENSG00000165055,943
ENSG00000276988,0
ENSG00000273270,255
ENSG00000213280,12
ENSG00000221510,0
ENSG00000239480,0
ENSG00000160993,208
ENSG00000161036,468
ENSG00000284176,0
ENSG00000284596,0
ENSG00000270249,0
ENSG00000279168,2
ENSG00000205236,0
ENSG00000267368,0
ENSG00000267645,0
ENSG00000233297,0
ENSG00000286830,28
ENSG00000213385,0
ENSG00000225244,0
ENSG00000264426,0
ENSG00000189166,8
ENSG00000214668,0
ENSG00000229508,0
ENSG00000275061,0
ENSG00000286436,0
ENSG00000235095,0
ENSG00000283431,0
ENSG00000284474,0
ENSG00000283547,0
ENSG00000231537,0
ENSG00000283230,0
ENSG00000283481,0
ENSG00000225295,0
ENSG00000228440,0
ENSG00000283311,0
ENSG00000224880,0
ENSG00000224723,0
ENSG00000230764,0
ENSG00000237309,0
ENSG00000236692,0
ENSG00000284291,0
ENSG00000284098,0
ENSG00000283626,0
ENSG00000228851,0
ENSG00000284558,0
ENSG00000284221,0
ENSG00000227584,0
ENSG00000230531,0
ENSG00000284572,0
ENSG00000234671,0
ENSG00000169325,0
ENSG00000234089,0
ENSG00000238431,0
ENSG00000287517,0
ENSG00000274299,0
ENSG00000280225,0
ENSG00000260653,0
ENSG00000266168,0
ENSG00000227182,0
ENSG00000235368,0
ENSG00000105792,54
ENSG00000207488,0
ENSG00000234459,0
ENSG00000225498,0
ENSG00000105793,2000
ENSG00000280440,0
ENSG00000157224,2138
ENSG00000273299,0
ENSG00000058091,7656
ENSG00000223584,0
ENSG00000286411,0
ENSG00000226254,0
ENSG00000157240,1098
ENSG00000225843,0
ENSG00000251154,0
ENSG00000225144,0
ENSG00000223436,18
ENSG00000183470,0
ENSG00000201009,0
ENSG00000225881,0
ENSG00000227197,0
ENSG00000105974,622
ENSG00000211717,0
ENSG00000211720,0
ENSG00000244661,0
ENSG00000229769,0
ENSG00000241657,0
ENSG00000211739,0
ENSG00000211721,0
ENSG00000253409,0
ENSG00000230099,0
ENSG00000211724,0
ENSG00000227550,0
ENSG00000211725,0
ENSG00000253188,0
ENSG00000211727,0
ENSG00000211728,0
ENSG00000253534,0
ENSG00000253291,0
ENSG00000211731,0
ENSG00000278030,0
ENSG00000276405,0
ENSG00000275791,0
ENSG00000276597,0
ENSG00000274752,0
ENSG00000276953,0
ENSG00000275158,0
ENSG00000105976,152
ENSG00000050344,263
ENSG00000122565,18708
ENSG00000285860,0
ENSG00000232383,0
ENSG00000238284,0
ENSG00000229161,6
ENSG00000231539,0
ENSG00000261019,2
ENSG00000256646,0
ENSG00000106588,0
ENSG00000234983,0
ENSG00000106591,2046
ENSG00000232006,0
ENSG00000201933,0
ENSG00000233025,4
ENSG00000224415,4
ENSG00000236848,0
ENSG00000279482,0
ENSG00000237632,0
ENSG00000105821,522
ENSG00000235354,14
ENSG00000170615,0
ENSG00000251852,0
ENSG00000252047,0
ENSG00000234715,0
ENSG00000222386,0
ENSG00000106683,1806
ENSG00000207741,2
ENSG00000161057,5640
ENSG00000273623,0
ENSG00000276185,0
ENSG00000005469,766
ENSG00000005471,0
ENSG00000085563,106
ENSG00000231956,0
ENSG00000228596,0
ENSG00000196262,59408
ENSG00000105968,16108
ENSG00000234183,0
ENSG00000146676,6130
ENSG00000284261,0
ENSG00000272768,22
ENSG00000230160,0
ENSG00000235314,2
ENSG00000136279,1996
ENSG00000284067,0
ENSG00000164708,0
ENSG00000239775,0
ENSG00000122678,75
ENSG00000283969,0
ENSG00000106636,3665
ENSG00000221393,0
ENSG00000225000,0
ENSG00000222164,0
ENSG00000226522,0
ENSG00000232492,0
ENSG00000250990,0
ENSG00000127951,72
ENSG00000146535,4072
ENSG00000231357,0
ENSG00000237286,0
ENSG00000201794,0
ENSG00000086730,4
ENSG00000049541,2104
ENSG00000106665,1412
ENSG00000238391,0
ENSG00000122641,68
ENSG00000224116,0
ENSG00000213721,0
ENSG00000287672,10
ENSG00000250591,0
ENSG00000243661,0
ENSG00000282431,0
ENSG00000282320,0
ENSG00000282420,0
ENSG00000282133,0
ENSG00000281958,0
ENSG00000282173,0
ENSG00000282780,0
ENSG00000211751,0
ENSG00000211764,0
ENSG00000211765,0
ENSG00000211766,0
ENSG00000211767,0
ENSG00000211768,0
ENSG00000211769,0
ENSG00000211770,0
ENSG00000211771,0
ENSG00000211772,0
ENSG00000237254,0
ENSG00000106123,16
ENSG00000165125,0
ENSG00000224970,0
ENSG00000286569,0
ENSG00000127412,0
ENSG00000197993,0
ENSG00000239293,0
ENSG00000159763,0
ENSG00000165131,0
ENSG00000223595,0
ENSG00000164675,42
ENSG00000232524,0
ENSG00000207338,0
ENSG00000128609,4698
ENSG00000230442,0
ENSG00000170807,0
ENSG00000106299,4719
ENSG00000272686,383
ENSG00000201104,0
ENSG00000228211,0
ENSG00000106302,0
ENSG00000106333,15
ENSG00000106330,672
ENSG00000106327,12
ENSG00000077080,142
ENSG00000172354,5619
ENSG00000172336,484
ENSG00000130427,0
ENSG00000146839,0
ENSG00000196411,2258
ENSG00000263672,0
ENSG00000146828,385
ENSG00000087077,912
ENSG00000283821,0
ENSG00000087087,3608
ENSG00000239825,0
ENSG00000235926,0
ENSG00000146830,897
ENSG00000231183,0
ENSG00000202273,0
ENSG00000178397,0
ENSG00000274319,0
ENSG00000164535,435
ENSG00000136240,15565
ENSG00000231359,0
ENSG00000164889,2500
ENSG00000281896,0
ENSG00000223189,0
ENSG00000243302,0
ENSG00000230715,0
ENSG00000229413,0
ENSG00000243679,0
ENSG00000281490,0
ENSG00000271553,6
ENSG00000241493,0
ENSG00000271344,28
ENSG00000239722,0
ENSG00000201041,0
ENSG00000252866,5
ENSG00000244218,0
ENSG00000128596,439
ENSG00000242902,0
ENSG00000128524,2357
ENSG00000272899,53
ENSG00000224163,0
ENSG00000275106,2
ENSG00000242241,0
ENSG00000244556,6
ENSG00000230359,32
ENSG00000242162,0
ENSG00000241102,0
ENSG00000241573,0
ENSG00000240416,0
ENSG00000158457,790
ENSG00000200629,0
ENSG00000128602,2612
ENSG00000243230,6
ENSG00000106571,3859
ENSG00000170419,8
ENSG00000105926,2364
ENSG00000136267,154
ENSG00000004866,685
ENSG00000128591,54
ENSG00000164597,1973
ENSG00000197150,546
ENSG00000154710,22
ENSG00000146833,1340
ENSG00000158525,0
ENSG00000266265,0
ENSG00000243335,863
ENSG00000180535,0
ENSG00000198742,746
ENSG00000146574,865
ENSG00000136297,6
ENSG00000136237,794
ENSG00000251993,0
ENSG00000233476,1590
ENSG00000232759,7
ENSG00000232949,10
ENSG00000179428,0
ENSG00000228803,0
ENSG00000234513,4
ENSG00000286703,0
ENSG00000226329,0
ENSG00000221740,0
ENSG00000226279,0
ENSG00000087085,24
ENSG00000257923,4342
ENSG00000105889,17
ENSG00000242562,0
ENSG00000201796,0
ENSG00000243438,0
ENSG00000105835,5999
ENSG00000207597,0
ENSG00000223657,0
ENSG00000181072,0
ENSG00000199646,0
ENSG00000146858,134
ENSG00000105939,1388
ENSG00000229677,0
ENSG00000105948,998
ENSG00000239254,0
ENSG00000271537,4
ENSG00000228360,0
ENSG00000271404,0
ENSG00000157741,1720
ENSG00000206843,0
ENSG00000252003,0
ENSG00000226636,0
ENSG00000213302,0
ENSG00000128610,1100
ENSG00000008311,2739
ENSG00000278586,0
ENSG00000264675,0
ENSG00000170409,0
ENSG00000200552,0
ENSG00000228546,0
ENSG00000128563,472
ENSG00000239486,4
ENSG00000189056,40
ENSG00000164815,1272
ENSG00000128617,0
ENSG00000230444,0
ENSG00000231476,0
ENSG00000234977,0
ENSG00000205971,0
ENSG00000236081,0
ENSG00000176349,0
ENSG00000265089,0
ENSG00000122687,0
ENSG00000106266,490
ENSG00000284047,0
ENSG00000271098,0
ENSG00000230914,0
ENSG00000271163,0
ENSG00000136213,344
ENSG00000002822,0
ENSG00000286192,0
ENSG00000277265,0
ENSG00000122543,0
ENSG00000122674,977
ENSG00000223419,0
ENSG00000254959,0
ENSG00000106125,0
ENSG00000229263,6
ENSG00000250424,0
ENSG00000240583,242
ENSG00000106128,3
ENSG00000232887,0
ENSG00000185467,0
ENSG00000243018,0
ENSG00000013374,1596
ENSG00000236398,0
ENSG00000268170,0
ENSG00000221937,0
ENSG00000279223,0
ENSG00000197448,1185
ENSG00000231840,0
ENSG00000178826,0
ENSG00000106144,3802
ENSG00000239419,0
ENSG00000240322,4
ENSG00000231531,9
ENSG00000159784,468
ENSG00000272619,30
ENSG00000159840,1589
ENSG00000278449,0
ENSG00000146904,13
ENSG00000234066,0
ENSG00000185899,0
ENSG00000221855,0
ENSG00000236853,0
ENSG00000229977,0
ENSG00000229877,0
ENSG00000271079,0
ENSG00000252037,0
ENSG00000230556,0
ENSG00000223459,198
ENSG00000283528,0
ENSG00000127914,1996
ENSG00000202023,0
ENSG00000231114,0
ENSG00000228031,4
ENSG00000279483,82
ENSG00000230383,152
ENSG00000237243,0
ENSG00000066923,179
ENSG00000288640,0
ENSG00000231210,0
ENSG00000122591,7450
ENSG00000230658,92
ENSG00000230042,29
ENSG00000164604,1110
ENSG00000106268,439
ENSG00000106682,15406
ENSG00000164638,600
ENSG00000155849,170
ENSG00000189143,16
ENSG00000258083,0
ENSG00000213215,0
ENSG00000240720,0
ENSG00000146776,578
ENSG00000161048,1817
ENSG00000132434,3640
ENSG00000055609,2448
ENSG00000212450,0
ENSG00000235955,0
ENSG00000226838,0
ENSG00000251378,0
ENSG00000202350,0
ENSG00000146678,0
ENSG00000146674,718
ENSG00000237471,0
ENSG00000229628,0
ENSG00000233952,0
ENSG00000221971,0
ENSG00000231952,13
ENSG00000272905,2
ENSG00000224573,2
ENSG00000122642,4178
ENSG00000252821,0
ENSG00000122643,1624
ENSG00000229054,0
ENSG00000241420,0
ENSG00000228015,0
ENSG00000222741,0
ENSG00000224946,0
ENSG00000164610,470
ENSG00000277206,0
ENSG00000197008,656
ENSG00000287580,0
ENSG00000234338,78
ENSG00000182722,0
ENSG00000213640,0
ENSG00000287869,0
ENSG00000189316,0
ENSG00000205085,24
ENSG00000187416,20
ENSG00000197258,110
ENSG00000226869,0
ENSG00000237606,0
ENSG00000225329,0
ENSG00000243352,0
ENSG00000273293,0
ENSG00000279536,5
ENSG00000273011,0
ENSG00000224016,4
ENSG00000260555,0
ENSG00000075303,1353
ENSG00000006634,2841
ENSG00000075142,11237
ENSG00000254003,2
ENSG00000228113,5
ENSG00000127954,0
ENSG00000008277,1870
ENSG00000186088,0
ENSG00000273341,0
ENSG00000237620,0
ENSG00000287519,3
ENSG00000127947,3878
ENSG00000221813,0
ENSG00000146618,0
ENSG00000122783,321
ENSG00000223500,2
ENSG00000146859,267
ENSG00000272941,0
ENSG00000287733,10
ENSG00000105875,317
ENSG00000231794,0
ENSG00000277138,0
ENSG00000274970,0
ENSG00000236048,0
ENSG00000203523,0
ENSG00000224667,0
ENSG00000225606,0
ENSG00000240621,0
ENSG00000212807,0
ENSG00000243896,0
ENSG00000244198,0
ENSG00000284644,0
ENSG00000204959,0
ENSG00000244479,0
ENSG00000221970,0
ENSG00000050327,0
ENSG00000106410,0
ENSG00000242978,0
ENSG00000221507,0
ENSG00000221836,0
ENSG00000221933,0
ENSG00000239967,0
ENSG00000221858,0
ENSG00000239981,0
ENSG00000221938,0
ENSG00000273234,0
ENSG00000287610,0
ENSG00000216895,41
ENSG00000184863,1616
ENSG00000164690,0
ENSG00000207061,0
ENSG00000270584,0
ENSG00000279418,0
ENSG00000234450,0
ENSG00000105982,57
ENSG00000224903,20
ENSG00000105983,6339
ENSG00000206938,0
ENSG00000230033,0
ENSG00000146909,742
ENSG00000130675,0
ENSG00000235029,0
ENSG00000243479,0
ENSG00000236102,0
ENSG00000229365,0
ENSG00000269446,0
ENSG00000225224,2
ENSG00000236018,0
ENSG00000204876,0
ENSG00000106633,20
ENSG00000213210,0
ENSG00000170279,0
ENSG00000213209,0
ENSG00000270200,0
ENSG00000273314,143
ENSG00000106462,4524
ENSG00000251712,0
ENSG00000275586,0
ENSG00000239468,0
ENSG00000286180,0
ENSG00000286171,0
ENSG00000252316,0
ENSG00000202354,0
ENSG00000201098,0
ENSG00000281189,24
ENSG00000202528,0
ENSG00000234565,0
ENSG00000055118,221
ENSG00000285666,0
ENSG00000135205,34
ENSG00000201565,0
ENSG00000228019,0
ENSG00000273448,4
ENSG00000264494,0
ENSG00000270694,0
ENSG00000270555,0
ENSG00000266569,0
ENSG00000274656,0
ENSG00000272843,18
ENSG00000285886,0
ENSG00000155428,0
ENSG00000205584,0
ENSG00000276178,0
ENSG00000229018,0
ENSG00000201282,0
ENSG00000273897,0
ENSG00000273927,0
ENSG00000285702,0
ENSG00000277125,0
ENSG00000274984,0
ENSG00000199913,0
ENSG00000174384,36
ENSG00000233523,0
ENSG00000123965,12
ENSG00000239069,0
ENSG00000276592,0
ENSG00000277675,0
ENSG00000263081,0
ENSG00000275121,0
ENSG00000276840,0
ENSG00000267828,0
ENSG00000273598,1
ENSG00000202021,0
ENSG00000278416,23
ENSG00000199870,0
ENSG00000275930,0
ENSG00000236609,580
ENSG00000205903,1470
ENSG00000228010,6
ENSG00000198580,3
ENSG00000164631,2308
ENSG00000277327,0
ENSG00000106077,134
ENSG00000276528,0
ENSG00000276771,0
ENSG00000274864,0
ENSG00000274396,0
ENSG00000277694,0
ENSG00000169894,0
ENSG00000274993,0
ENSG00000169876,0
ENSG00000222636,0
ENSG00000169871,814
ENSG00000213786,0
ENSG00000105991,0
ENSG00000233429,0
ENSG00000105996,0
ENSG00000253552,0
ENSG00000197576,0
ENSG00000273433,0
ENSG00000254369,0
ENSG00000106004,0
ENSG00000106006,0
ENSG00000272801,0
ENSG00000122592,0
ENSG00000270182,0
ENSG00000078399,0
ENSG00000257184,0
ENSG00000253187,0
ENSG00000283745,0
ENSG00000005073,0
ENSG00000240990,0
ENSG00000273961,0
ENSG00000278334,0
ENSG00000276496,0
ENSG00000253508,0
ENSG00000277966,0
ENSG00000278592,0
ENSG00000278020,0
ENSG00000106031,10
ENSG00000243766,0
ENSG00000276609,0
ENSG00000278708,0
ENSG00000277469,0
ENSG00000277553,0
ENSG00000286323,0
ENSG00000253308,0
ENSG00000253405,0
ENSG00000106038,0
ENSG00000233369,3076
ENSG00000205578,12
ENSG00000130305,495
ENSG00000225005,0
ENSG00000146755,0
ENSG00000077800,0
ENSG00000206709,0
ENSG00000232605,0
ENSG00000280325,0
ENSG00000232019,0
ENSG00000229251,8
ENSG00000224059,0
ENSG00000153993,94
ENSG00000273069,0
ENSG00000279005,0
ENSG00000232729,0
ENSG00000262648,0
ENSG00000274070,1213
ENSG00000274523,1573
ENSG00000277127,0
ENSG00000202035,0
ENSG00000188763,26
ENSG00000275328,0
ENSG00000146587,737
ENSG00000004846,0
ENSG00000171130,1927
ENSG00000106052,5761
ENSG00000225781,0
ENSG00000221910,0
ENSG00000221989,0
ENSG00000198822,81
ENSG00000091073,58
ENSG00000179468,0
ENSG00000064419,6219
ENSG00000285480,0
ENSG00000226690,0
ENSG00000182095,3090
ENSG00000205277,4
ENSG00000078487,20
ENSG00000170379,2
ENSG00000185177,0
ENSG00000219545,716
ENSG00000164707,69
ENSG00000106304,0
ENSG00000105997,0
ENSG00000174945,0
ENSG00000197123,0
ENSG00000287699,0
ENSG00000234444,1884
ENSG00000227986,0
ENSG00000287985,34
ENSG00000276650,0
ENSG00000232727,0
ENSG00000223845,0
ENSG00000228014,1
ENSG00000228653,7
ENSG00000173041,1562
ENSG00000223974,0
ENSG00000235349,0
ENSG00000213642,0
ENSG00000224669,0
ENSG00000276475,0
ENSG00000287317,0
ENSG00000271550,0
ENSG00000275667,0
ENSG00000224172,0
ENSG00000223476,89
ENSG00000286912,0
ENSG00000214022,3946
ENSG00000196456,103
ENSG00000284048,0
ENSG00000239377,0
ENSG00000171115,0
ENSG00000271582,0
ENSG00000106526,0
ENSG00000271027,0
ENSG00000164600,0
ENSG00000231418,0
ENSG00000106341,394
ENSG00000270948,0
ENSG00000213462,801
ENSG00000201165,0
ENSG00000239985,0
ENSG00000207344,0
ENSG00000207062,0
ENSG00000227113,0
ENSG00000226002,0
ENSG00000200446,0
ENSG00000273580,0
ENSG00000226102,10
ENSG00000270889,0
ENSG00000287893,0
ENSG00000232930,8
ENSG00000285573,0
ENSG00000205745,0
ENSG00000261184,0
ENSG00000198039,1104
ENSG00000252590,0
ENSG00000236654,20
ENSG00000232818,6
ENSG00000200847,0
ENSG00000164548,5654
ENSG00000224785,0
ENSG00000232553,0
ENSG00000169193,836
ENSG00000227436,0
ENSG00000228953,0
ENSG00000188732,8
ENSG00000105808,38
ENSG00000001630,448
ENSG00000213214,0
ENSG00000001631,255
ENSG00000285772,0
ENSG00000289027,0
ENSG00000285953,0
ENSG00000196313,2567
ENSG00000214869,0
ENSG00000228769,0
ENSG00000009954,6968
ENSG00000252713,0
ENSG00000106635,958
ENSG00000274080,0
ENSG00000006704,858
ENSG00000165178,0
ENSG00000272391,3081
ENSG00000242073,0
ENSG00000200874,0
ENSG00000127946,5474
ENSG00000279996,0
ENSG00000006606,0
ENSG00000106178,0
ENSG00000219039,0
ENSG00000005486,3797
ENSG00000284334,0
ENSG00000235090,0
ENSG00000201643,0
ENSG00000189077,538
ENSG00000127952,758
ENSG00000280388,3
ENSG00000146701,5768
ENSG00000062582,0
ENSG00000270617,0
ENSG00000106608,516
ENSG00000237972,0
ENSG00000078967,812
ENSG00000214783,10
ENSG00000273432,3
ENSG00000241057,0
ENSG00000239556,5
ENSG00000228434,0
ENSG00000285596,3
ENSG00000243566,0
ENSG00000250778,0
ENSG00000238560,0
ENSG00000230305,0
ENSG00000146707,173
ENSG00000214243,2
ENSG00000289346,0
ENSG00000196247,843
ENSG00000146666,0
ENSG00000136275,0
ENSG00000225507,123
ENSG00000136273,1010
ENSG00000164746,8
ENSG00000158683,24
ENSG00000158517,0
ENSG00000285292,0
ENSG00000188037,0
ENSG00000106263,8529
ENSG00000264357,0
ENSG00000106009,617
ENSG00000128564,134
ENSG00000005108,684
ENSG00000146809,0
ENSG00000164651,341
ENSG00000048405,1454
ENSG00000128512,1316
ENSG00000166529,219
ENSG00000164896,496
ENSG00000106331,2
ENSG00000198874,947
ENSG00000155034,359
ENSG00000055130,3211
ENSG00000198898,12888
ENSG00000021461,0
ENSG00000196511,102
ENSG00000146555,2127
ENSG00000136261,2812
ENSG00000136243,717
ENSG00000105778,4860
ENSG00000106003,130
ENSG00000160868,0
ENSG00000106638,1463
ENSG00000152926,1982
ENSG00000091140,6500
ENSG00000164744,0
ENSG00000253276,1472
ENSG00000174428,1223
ENSG00000170852,3595
ENSG00000146530,28
ENSG00000091129,2614
ENSG00000196683,2572
ENSG00000117868,3958
ENSG00000164776,37
ENSG00000164850,54
ENSG00000253293,0
ENSG00000261115,3371
ENSG00000275896,0
ENSG00000081803,1785
ENSG00000105877,92
ENSG00000122574,24
ENSG00000136197,6
ENSG00000105784,144
ENSG00000133619,284
ENSG00000257743,0
ENSG00000158467,2720
ENSG00000106346,937
ENSG00000121716,6
ENSG00000049540,4212
ENSG00000214300,6
ENSG00000272918,11
ENSG00000270764,0
ENSG00000271482,0
ENSG00000213361,0
ENSG00000244490,4
ENSG00000242154,0
ENSG00000201179,0
ENSG00000289360,0
ENSG00000288914,0
ENSG00000173678,0
ENSG00000170092,0
ENSG00000262461,0
ENSG00000275976,0
ENSG00000286038,0
ENSG00000286014,0
ENSG00000185040,0
ENSG00000186645,0
ENSG00000205482,19
ENSG00000136206,14
ENSG00000106290,981
ENSG00000287342,0
ENSG00000249574,0
ENSG00000286710,6
ENSG00000286764,0
ENSG00000234471,0
ENSG00000229380,0
ENSG00000270196,0
ENSG00000176532,0
ENSG00000223437,0
ENSG00000212024,0
ENSG00000287249,23
ENSG00000236592,0
ENSG00000164532,0
ENSG00000226063,0
ENSG00000263001,4409
ENSG00000196275,11
ENSG00000181652,12
ENSG00000164900,0
ENSG00000248767,0
ENSG00000127922,3954
ENSG00000227284,0
ENSG00000251802,0
ENSG00000173852,8523
ENSG00000221669,0
ENSG00000105989,4
ENSG00000286390,0
ENSG00000154438,0
ENSG00000214684,0
ENSG00000237974,0
ENSG00000232661,0
ENSG00000234001,0
ENSG00000083622,0
ENSG00000077063,4
ENSG00000224136,0
ENSG00000033100,1477
ENSG00000284191,0
ENSG00000160991,2455
ENSG00000274570,0
ENSG00000238358,0
ENSG00000164647,12
ENSG00000157214,22
ENSG00000231397,0
ENSG00000215311,2
ENSG00000228151,0
ENSG00000261842,0
ENSG00000196453,722
ENSG00000181220,786
ENSG00000135248,4
ENSG00000279525,0
ENSG00000231170,0
ENSG00000004799,52
ENSG00000279067,0
ENSG00000158560,264
ENSG00000260097,24
ENSG00000188186,1708
ENSG00000135272,2275
ENSG00000289604,0
ENSG00000135253,76
ENSG00000273520,0
ENSG00000146857,0
ENSG00000275572,0
ENSG00000005075,1239
ENSG00000221866,324
ENSG00000288784,0
ENSG00000282381,12
ENSG00000289108,0
ENSG00000243004,0
ENSG00000205628,0
ENSG00000289416,0
ENSG00000289335,0
ENSG00000286076,0
ENSG00000289578,0
ENSG00000289600,0
ENSG00000234710,0
ENSG00000289588,4
ENSG00000289403,0
ENSG00000289052,23
ENSG00000233834,0
ENSG00000289059,0
ENSG00000231704,1
ENSG00000289248,0
ENSG00000287636,0
ENSG00000231764,16455
ENSG00000224046,27
ENSG00000289418,0
ENSG00000289015,2
ENSG00000232301,0
ENSG00000287815,2
ENSG00000230316,1239
ENSG00000223969,86
ENSG00000289109,2
ENSG00000289089,0
ENSG00000289345,0
ENSG00000225705,0
ENSG00000279578,0
ENSG00000229165,0
ENSG00000218305,0
ENSG00000231927,0
ENSG00000198517,72
ENSG00000164855,0
ENSG00000157778,496
ENSG00000225968,11
ENSG00000252643,0
ENSG00000238324,0
ENSG00000128606,5255
ENSG00000236226,0
ENSG00000222011,142
ENSG00000166924,227
ENSG00000225807,0
ENSG00000242101,0
ENSG00000106351,179
ENSG00000184414,0
ENSG00000205307,0
ENSG00000274272,0
ENSG00000106336,0
ENSG00000283267,2
ENSG00000284292,0
ENSG00000241685,621
ENSG00000130429,0
ENSG00000106244,5872
ENSG00000106245,1771
ENSG00000146834,547
ENSG00000289691,0
ENSG00000289690,0
ENSG00000230358,10
ENSG00000166925,462
ENSG00000188707,0
ENSG00000242258,0
ENSG00000178809,0
ENSG00000288976,0
ENSG00000215045,0
ENSG00000136247,691
ENSG00000232581,0
ENSG00000146576,799
ENSG00000229881,0
ENSG00000236976,2
ENSG00000213643,0
ENSG00000235227,0
ENSG00000213644,0
ENSG00000223614,0
ENSG00000136244,0
ENSG00000176125,16
ENSG00000237621,0
ENSG00000106603,3010
ENSG00000229497,0
ENSG00000183696,248
ENSG00000173862,0
ENSG00000227481,0
ENSG00000236494,0
ENSG00000233219,0
ENSG00000286300,0
ENSG00000213205,2
ENSG00000164619,6
ENSG00000284691,229
ENSG00000285964,0
ENSG00000164692,318
ENSG00000222870,0
ENSG00000127995,2972
ENSG00000106609,7089
ENSG00000275878,0
ENSG00000233383,0
ENSG00000266525,0
ENSG00000153814,1385
ENSG00000287489,0
ENSG00000206623,0
ENSG00000234336,0
ENSG00000174495,0
ENSG00000126524,2450
ENSG00000230626,4
ENSG00000205238,0
ENSG00000184616,11
ENSG00000122548,0
ENSG00000280255,0
ENSG00000233760,0
ENSG00000286507,0
ENSG00000086300,148
ENSG00000289042,2
ENSG00000010270,4482
ENSG00000227191,0
ENSG00000211687,0
ENSG00000211688,0
ENSG00000211690,0
ENSG00000211691,0
ENSG00000211692,0
ENSG00000211693,0
ENSG00000231202,0
ENSG00000289366,0
ENSG00000211694,0
ENSG00000231916,0
ENSG00000211695,0
ENSG00000225992,0
ENSG00000272908,0
ENSG00000211696,0
ENSG00000249978,0
ENSG00000226212,0
ENSG00000228668,0
ENSG00000211697,0
ENSG00000211698,0
ENSG00000211699,0
ENSG00000233306,0
ENSG00000211701,0
ENSG00000211689,0
ENSG00000289746,0
ENSG00000180347,0
ENSG00000285912,0
ENSG00000212590,0
ENSG00000196584,354
ENSG00000214003,0
ENSG00000244328,0
ENSG00000228005,0
ENSG00000231681,0
ENSG00000235620,0
ENSG00000285165,0
ENSG00000200815,0
ENSG00000132436,792
ENSG00000132437,6
ENSG00000226122,0
ENSG00000185811,38
ENSG00000275743,0
ENSG00000276819,0
ENSG00000275243,0
ENSG00000277880,0
ENSG00000276557,0
ENSG00000211746,0
ENSG00000211747,0
ENSG00000251578,0
ENSG00000240578,0
ENSG00000211749,0
ENSG00000211750,0
ENSG00000282499,0
ENSG00000239992,0
ENSG00000249912,0
ENSG00000241911,0
ENSG00000211752,0
ENSG00000211753,0
ENSG00000244273,0
ENSG00000286831,0
ENSG00000232869,0
ENSG00000204983,0
ENSG00000198286,0
ENSG00000277149,38
ENSG00000250474,0
ENSG00000225935,0
ENSG00000091137,0
ENSG00000105879,2953
ENSG00000091138,0
ENSG00000160999,124
ENSG00000106628,3358
ENSG00000155530,16
ENSG00000231098,0
ENSG00000205060,4812
ENSG00000229177,0
ENSG00000286725,0
ENSG00000270933,0
ENSG00000199085,0
ENSG00000122566,39768
ENSG00000197362,188
ENSG00000204947,344
ENSG00000240877,0
ENSG00000155660,16106
ENSG00000289760,0
ENSG00000280828,0
ENSG00000242588,535
ENSG00000224469,0
ENSG00000105894,2172
ENSG00000105851,0
ENSG00000201990,0
ENSG00000106305,674
ENSG00000207217,1
ENSG00000157999,3
ENSG00000001626,0
ENSG00000266794,0
ENSG00000205413,0
ENSG00000188175,0
ENSG00000177409,34
ENSG00000271522,0
ENSG00000229858,0
ENSG00000240680,0
ENSG00000232716,0
ENSG00000233559,8
ENSG00000284032,0
ENSG00000283797,0
ENSG00000271204,0
ENSG00000273319,0
ENSG00000199627,0
ENSG00000233287,0
ENSG00000235503,0
ENSG00000170381,158
ENSG00000285398,0
ENSG00000230617,0
ENSG00000230244,0
ENSG00000122512,1038
ENSG00000169402,0
ENSG00000241149,0
ENSG00000197461,38
ENSG00000155026,0
ENSG00000135175,0
ENSG00000283247,0
ENSG00000200857,0
ENSG00000234215,0
ENSG00000158321,10108
ENSG00000236978,0
ENSG00000289788,0
ENSG00000146648,1549
ENSG00000128604,8
ENSG00000179406,28
ENSG00000182648,157
ENSG00000279853,14
ENSG00000015676,2896
ENSG00000146677,34
ENSG00000058404,82
ENSG00000287019,0
ENSG00000229909,0
ENSG00000228303,0
ENSG00000286477,0
ENSG00000277174,0
ENSG00000282879,0
ENSG00000277253,0
ENSG00000279072,0
ENSG00000197990,0
ENSG00000230132,0
ENSG00000164740,0
ENSG00000228645,0
ENSG00000214660,0
ENSG00000223566,0
ENSG00000265214,0
ENSG00000226401,0
ENSG00000226411,0
ENSG00000271466,0
ENSG00000227397,0
ENSG00000236574,0
ENSG00000225451,0
ENSG00000236299,0
ENSG00000235720,4
ENSG00000226342,0
ENSG00000227910,0
ENSG00000287588,0
ENSG00000213645,0
ENSG00000233173,0
ENSG00000231264,0
ENSG00000284534,0
ENSG00000228660,0
ENSG00000230639,0
ENSG00000176232,0
ENSG00000278577,0
ENSG00000289269,0
ENSG00000065883,2481
ENSG00000005483,3418
ENSG00000223475,0
ENSG00000233977,0
ENSG00000231394,0
ENSG00000234844,0
ENSG00000235207,0
ENSG00000231317,0
ENSG00000252857,0
ENSG00000275853,0
ENSG00000224971,4
ENSG00000237799,0
ENSG00000275875,0
ENSG00000273720,0
ENSG00000226278,909
ENSG00000206729,0
ENSG00000154997,0
ENSG00000235738,0
ENSG00000225270,0
ENSG00000229762,0
ENSG00000225018,0
ENSG00000227499,0
ENSG00000289836,0
ENSG00000288962,0
ENSG00000224897,73
ENSG00000287865,0
ENSG00000273297,0
ENSG00000229108,0
ENSG00000236536,0
ENSG00000278254,0
ENSG00000286995,0
ENSG00000232667,0
ENSG00000286456,0
ENSG00000225792,2
ENSG00000223561,10
ENSG00000282572,0
ENSG00000240790,0
ENSG00000289996,0
ENSG00000289938,0
ENSG00000288889,0
ENSG00000290007,0
ENSG00000237310,20
ENSG00000279048,14
ENSG00000290025,0
ENSG00000226581,0
ENSG00000289053,0
ENSG00000230825,0
ENSG00000237819,26
ENSG00000271133,38
ENSG00000225981,0
ENSG00000234418,2
ENSG00000234286,0
ENSG00000289630,0
ENSG00000289146,0
ENSG00000273084,40
ENSG00000290065,0
ENSG00000288746,5
ENSG00000290069,15
ENSG00000224122,0
ENSG00000281103,2
ENSG00000234707,0
ENSG00000237773,0
ENSG00000286923,2
ENSG00000228649,0
ENSG00000242593,0
ENSG00000290084,0
ENSG00000214870,8
ENSG00000231427,0
ENSG00000243836,0
ENSG00000290087,0
ENSG00000290090,0
ENSG00000290091,6
ENSG00000289189,0
ENSG00000196295,364
ENSG00000287860,0
ENSG00000236753,83
ENSG00000232533,98
ENSG00000232415,0
ENSG00000224057,0
ENSG00000239911,0
ENSG00000288749,0
ENSG00000226824,43
ENSG00000234520,0
ENSG00000290099,0
ENSG00000290101,0
ENSG00000289434,0
ENSG00000232956,227
ENSG00000286342,0
ENSG00000236305,0
ENSG00000290103,0
ENSG00000288947,2
ENSG00000286639,0
ENSG00000290106,0
ENSG00000290095,0
ENSG00000236197,52
ENSG00000230487,289
ENSG00000182165,321
ENSG00000289251,0
ENSG00000288997,0
ENSG00000228334,0
ENSG00000231721,50
ENSG00000288882,0
ENSG00000290114,6
ENSG00000234456,1792
ENSG00000229153,0
ENSG00000230746,0
ENSG00000290116,0
ENSG00000272953,1
ENSG00000214293,217
ENSG00000233038,0
ENSG00000227053,0
ENSG00000228204,0
ENSG00000201133,0
ENSG00000106078,45
ENSG00000231490,0
ENSG00000288798,0
ENSG00000227233,0
ENSG00000228897,0
ENSG00000227080,0
ENSG00000282301,0
ENSG00000244623,2
ENSG00000288558,219
ENSG00000272854,0
ENSG00000075790,28
ENSG00000238832,8
ENSG00000233705,0
ENSG00000241764,66
ENSG00000178503,0
ENSG00000187037,0
ENSG00000290149,0
ENSG00000086289,678
ENSG00000283444,0
ENSG00000225314,0
ENSG00000086288,0
ENSG00000276137,0
ENSG00000235429,0
ENSG00000235967,0
ENSG00000226205,0
ENSG00000131558,4668
ENSG00000085514,0
ENSG00000106246,35
ENSG00000248919,0
ENSG00000223855,0
ENSG00000237181,0
ENSG00000164818,1130
ENSG00000188191,1005
ENSG00000232944,0
ENSG00000278205,0
ENSG00000225488,0
ENSG00000290193,0
ENSG00000261275,0
ENSG00000231504,0
ENSG00000223740,0
ENSG00000233288,0
ENSG00000224947,0
ENSG00000213650,14
ENSG00000234716,0
ENSG00000213067,0
ENSG00000271047,0
ENSG00000128573,304
ENSG00000176510,0
ENSG00000272831,0
ENSG00000289177,14
ENSG00000273142,10
ENSG00000196329,0
ENSG00000289470,0
ENSG00000290107,12
ENSG00000223813,0
ENSG00000225264,20
ENSG00000288973,609
ENSG00000128534,2940
ENSG00000283128,0
ENSG00000146910,0
ENSG00000106012,684
ENSG00000289352,0
ENSG00000288792,14
ENSG00000136295,5110
ENSG00000213413,12
ENSG00000286075,0
ENSG00000136238,19091
ENSG00000226485,0
ENSG00000009950,0
ENSG00000225969,4
ENSG00000106460,10596
ENSG00000273329,74
ENSG00000106459,655
ENSG00000288881,0
ENSG00000212238,0
ENSG00000286380,0
ENSG00000207990,0
ENSG00000199158,0
ENSG00000207691,0
ENSG00000290319,0
ENSG00000242078,0
ENSG00000186591,13354
ENSG00000244036,0
ENSG00000199516,0
ENSG00000201109,0
ENSG00000196367,3402
ENSG00000168255,6
ENSG00000284981,0
ENSG00000285437,13
ENSG00000228049,0
ENSG00000286315,0
ENSG00000236078,0
ENSG00000221845,0
ENSG00000078549,1553
ENSG00000286487,0
ENSG00000136205,3104
ENSG00000228878,72
ENSG00000122545,23755
ENSG00000164669,0
ENSG00000290545,0
ENSG00000273024,9
ENSG00000290553,0
ENSG00000185037,0
ENSG00000290558,0
ENSG00000224458,0
ENSG00000290564,0
ENSG00000244560,0
ENSG00000290600,16
ENSG00000159860,0
ENSG00000290602,0
ENSG00000240268,0
ENSG00000290605,0
ENSG00000240031,0
ENSG00000290669,0
ENSG00000244292,0
ENSG00000290670,0
ENSG00000272595,0
ENSG00000290673,0
ENSG00000242294,0
ENSG00000290682,21
ENSG00000227038,0
ENSG00000228829,0
ENSG00000228903,0
ENSG00000290758,0
ENSG00000179420,0
ENSG00000290761,0
ENSG00000283537,0
ENSG00000290786,0
ENSG00000276067,0
ENSG00000290805,0
ENSG00000183122,0
ENSG00000290815,0
ENSG00000170356,0
ENSG00000290816,0
ENSG00000228960,0
ENSG00000290818,0
ENSG00000239969,0
ENSG00000290830,0
ENSG00000106133,0
ENSG00000290831,0
ENSG00000174353,0
ENSG00000290832,32
ENSG00000277072,0
ENSG00000290833,20
ENSG00000146722,0
ENSG00000187953,0
ENSG00000290835,89
ENSG00000182487,0
ENSG00000290838,0
ENSG00000214544,0
ENSG00000290839,0
ENSG00000234585,0
ENSG00000290860,2
ENSG00000277053,0
ENSG00000290871,48
ENSG00000272655,0
ENSG00000290872,67
ENSG00000205485,0
ENSG00000290873,27
ENSG00000272693,0
ENSG00000290926,14
ENSG00000205583,0
ENSG00000179994,0
ENSG00000290998,0
ENSG00000233437,0
ENSG00000291021,0
ENSG00000176826,4
ENSG00000291029,4
ENSG00000159904,0
ENSG00000291037,0
ENSG00000127957,0
ENSG00000291092,0
ENSG00000235944,0
ENSG00000291099,1
ENSG00000133624,0
ENSG00000291118,54
ENSG00000235436,0
ENSG00000291119,33
ENSG00000214439,0
ENSG00000291121,4
ENSG00000239521,0
ENSG00000291122,554
ENSG00000228409,0
ENSG00000291124,11
ENSG00000189212,0
ENSG00000291133,23
ENSG00000229180,0
ENSG00000291136,291
ENSG00000170629,0
ENSG00000205763,0
ENSG00000291146,10
ENSG00000214313,0
ENSG00000291148,0
ENSG00000253882,0
ENSG00000291149,9
ENSG00000223705,0
ENSG00000291151,15
ENSG00000225648,0
ENSG00000291152,285
ENSG00000106610,0
ENSG00000291153,234
ENSG00000067601,0
ENSG00000291154,29
ENSG00000078319,0
ENSG00000291178,97
ENSG00000237268,0
ENSG00000291184,0
ENSG00000230583,0
ENSG00000291206,0
ENSG00000214765,0
ENSG00000291207,57
ENSG00000272556,0
ENSG00000291208,44
ENSG00000227855,23
ENSG00000228393,49
ENSG00000239569,32
ENSG00000091127,1221
ENSG00000157764,1910
ENSG00000153956,4633
ENSG00000223770,0
ENSG00000213530,0
ENSG00000122786,34267
ENSG00000289175,0
ENSG00000128595,29282
ENSG00000226509,0
ENSG00000270114,0
ENSG00000203335,0
ENSG00000233363,0
ENSG00000286461,0
ENSG00000236408,0
ENSG00000214106,2
ENSG00000157212,667
ENSG00000272760,0
ENSG00000273183,0
ENSG00000273344,394
ENSG00000220575,0
ENSG00000283339,0
ENSG00000233489,0
ENSG00000287744,0
ENSG00000157219,0
ENSG00000274637,0
ENSG00000228806,0
ENSG00000130226,36
ENSG00000285081,28
ENSG00000235669,0
ENSG00000237065,0
ENSG00000291213,29
ENSG00000289886,2
ENSG00000224729,0
ENSG00000077454,33
ENSG00000135250,5523
ENSG00000280439,0
ENSG00000273320,6
ENSG00000008282,4227
ENSG00000224330,0
ENSG00000213875,0
ENSG00000006468,5084
ENSG00000252374,0
ENSG00000223445,0
ENSG00000233167,0
ENSG00000289956,0
ENSG00000291139,46
ENSG00000289613,0
ENSG00000105819,4061
ENSG00000290729,0
ENSG00000290730,0
ENSG00000127948,2298
ENSG00000243193,4
ENSG00000005249,3888
ENSG00000286137,0
ENSG00000290951,30
ENSG00000290834,0
ENSG00000006576,3727
ENSG00000241921,0
ENSG00000179603,29
ENSG00000287702,0
ENSG00000227249,0
ENSG00000287568,0
ENSG00000224981,0
ENSG00000230820,0
ENSG00000207692,0
ENSG00000236340,0
ENSG00000230257,0
ENSG00000161040,85
ENSG00000224940,6
ENSG00000285412,0
ENSG00000106069,1189
ENSG00000157680,480
ENSG00000289438,6
ENSG00000182158,4167
ENSG00000234639,0
ENSG00000233683,0
ENSG00000233123,0
ENSG00000259294,0
ENSG00000106436,0
ENSG00000105849,1800
ENSG00000265932,0
ENSG00000173452,2
ENSG00000237921,0
ENSG00000071462,1706
ENSG00000091704,0
ENSG00000080802,1527
ENSG00000200456,0
ENSG00000225443,0
ENSG00000015520,6
ENSG00000136271,1392
ENSG00000158604,3620
ENSG00000287574,10
ENSG00000271586,0
ENSG00000105953,2545
ENSG00000122515,1198
ENSG00000048052,1565
ENSG00000059377,28
ENSG00000170667,48
ENSG00000167393,502
ENSG00000225661,0
ENSG00000235039,0
ENSG00000286431,8
ENSG00000236120,0
ENSG00000238193,0
ENSG00000236188,0
ENSG00000228572,0
ENSG00000236513,0
ENSG00000234622,0
ENSG00000183943,1995
ENSG00000236017,0
ENSG00000225574,0
ENSG00000177504,0
ENSG00000231619,0
ENSG00000231216,0
ENSG00000225271,0
ENSG00000185291,18
ENSG00000182162,0
ENSG00000237730,0
ENSG00000226313,0
ENSG00000182888,2
ENSG00000215313,0
ENSG00000169100,19897
ENSG00000237531,0
ENSG00000125363,0
ENSG00000196433,0
ENSG00000223571,12
ENSG00000226985,7
ENSG00000169084,1682
ENSG00000146950,978
ENSG00000231913,0
ENSG00000011201,242
ENSG00000169093,755
ENSG00000205755,0
ENSG00000275194,0
ENSG00000223511,0
ENSG00000225722,0
ENSG00000177138,0
ENSG00000236871,6
ENSG00000004961,1194
ENSG00000226774,0
ENSG00000146938,2292
ENSG00000285679,0
ENSG00000223742,0
ENSG00000276467,0
ENSG00000232392,0
ENSG00000225384,0
ENSG00000183304,0
ENSG00000229012,0
ENSG00000285756,476
ENSG00000235592,0
ENSG00000101955,478
ENSG00000226179,7
ENSG00000283400,0
ENSG00000126010,22
ENSG00000283631,0
ENSG00000235211,0
ENSG00000177324,0
ENSG00000174028,161
ENSG00000225882,0
ENSG00000185638,0
ENSG00000236929,0
ENSG00000286724,27
ENSG00000223391,0
ENSG00000214031,0
ENSG00000147027,4684
ENSG00000233247,2
ENSG00000233007,0
ENSG00000225066,0
ENSG00000232370,0
ENSG00000219870,0
ENSG00000236072,0
ENSG00000235642,0
ENSG00000287171,0
ENSG00000185915,10
ENSG00000197976,644
ENSG00000091482,0
ENSG00000149970,196
ENSG00000036473,0
ENSG00000147041,98
ENSG00000234191,0
ENSG00000273704,0
ENSG00000235071,0
ENSG00000176812,0
ENSG00000224339,0
ENSG00000237782,0
ENSG00000234355,0
ENSG00000238178,30
ENSG00000233921,0
ENSG00000229384,0
ENSG00000285899,0
ENSG00000271136,0
ENSG00000235587,16
ENSG00000233571,0
ENSG00000224960,0
ENSG00000228610,0
ENSG00000227988,0
ENSG00000213997,0
ENSG00000173698,21
ENSG00000131831,14
ENSG00000286306,0
ENSG00000229735,0
ENSG00000214019,0
ENSG00000242021,0
ENSG00000047230,18
ENSG00000237661,0
ENSG00000228232,136
ENSG00000169906,0
ENSG00000270499,0
ENSG00000229491,0
ENSG00000220132,0
ENSG00000229347,0
ENSG00000187516,0
ENSG00000197582,420
ENSG00000102218,3850
ENSG00000241607,0
ENSG00000012174,4315
ENSG00000233810,0
ENSG00000174678,0
ENSG00000230227,0
ENSG00000182798,0
ENSG00000229310,0
ENSG00000228933,0
ENSG00000232834,0
ENSG00000235685,0
ENSG00000233663,0
ENSG00000259977,0
ENSG00000189132,0
ENSG00000102098,262
ENSG00000215286,0
ENSG00000231235,0
ENSG00000226048,0
ENSG00000181977,0
ENSG00000228827,0
ENSG00000271088,0
ENSG00000158526,1558
ENSG00000231750,0
ENSG00000233880,0
ENSG00000183690,0
ENSG00000229563,0
ENSG00000238190,0
ENSG00000180182,4242
ENSG00000147119,854
ENSG00000204915,0
ENSG00000233543,0
ENSG00000289084,0
ENSG00000273820,232
ENSG00000230039,2
ENSG00000171365,1736
ENSG00000184735,0
ENSG00000283380,2
ENSG00000275681,0
ENSG00000276474,0
ENSG00000237528,0
ENSG00000269902,0
ENSG00000215284,0
ENSG00000233807,0
ENSG00000238247,2
ENSG00000219186,0
ENSG00000287767,0
ENSG00000177689,0
ENSG00000228345,0
ENSG00000276689,0
ENSG00000271519,0
ENSG00000224556,0
ENSG00000232951,12
ENSG00000231772,0
ENSG00000227493,0
ENSG00000102313,0
ENSG00000165186,906
ENSG00000169895,2492
ENSG00000102043,46
ENSG00000237311,0
ENSG00000214282,0
ENSG00000234570,0
ENSG00000277516,0
ENSG00000008086,1350
ENSG00000287215,0
ENSG00000196368,3229
ENSG00000165164,0
ENSG00000236852,0
ENSG00000229731,0
ENSG00000237926,0
ENSG00000268994,0
ENSG00000124479,233
ENSG00000230797,91
ENSG00000230926,0
ENSG00000233833,0
ENSG00000227261,0
ENSG00000165169,600
ENSG00000277499,0
ENSG00000147081,0
ENSG00000069535,2
ENSG00000225664,0
ENSG00000213754,0
ENSG00000155659,0
ENSG00000229168,0
ENSG00000102221,2062
ENSG00000189299,0
ENSG00000065923,972
ENSG00000232794,2
ENSG00000217835,4
ENSG00000231944,0
ENSG00000187601,770
ENSG00000230844,272
ENSG00000270280,0
ENSG00000274588,34
ENSG00000215162,0
ENSG00000236276,0
ENSG00000283737,0
ENSG00000233661,0
ENSG00000087842,874
ENSG00000234135,0
ENSG00000235136,0
ENSG00000226199,0
ENSG00000131080,1134
ENSG00000283349,0
ENSG00000173198,0
ENSG00000182220,6742
ENSG00000147100,4777
ENSG00000204904,4
ENSG00000232186,5
ENSG00000213684,6
ENSG00000214745,0
ENSG00000235170,0
ENSG00000231831,4
ENSG00000230311,16
ENSG00000102302,508
ENSG00000226502,0
ENSG00000283546,0
ENSG00000102316,17703
ENSG00000250349,0
ENSG00000102349,208
ENSG00000223707,0
ENSG00000230247,0
ENSG00000230665,4
ENSG00000276897,0
ENSG00000225715,4
ENSG00000237089,0
ENSG00000271693,0
ENSG00000155622,0
ENSG00000223574,0
ENSG00000233063,0
ENSG00000196468,0
ENSG00000232168,0
ENSG00000237252,0
ENSG00000147183,0
ENSG00000224755,0
ENSG00000147099,323
ENSG00000094841,934
ENSG00000227521,0
ENSG00000226484,0
ENSG00000232576,0
ENSG00000237211,0
ENSG00000274022,0
ENSG00000230317,6
ENSG00000234390,12
ENSG00000228182,0
ENSG00000165259,756
ENSG00000236988,0
ENSG00000223467,0
ENSG00000270268,0
ENSG00000236365,0
ENSG00000235061,0
ENSG00000231706,0
ENSG00000234766,0
ENSG00000204118,0
ENSG00000229667,0
ENSG00000174740,415
ENSG00000186288,0
ENSG00000224065,0
ENSG00000174225,0
ENSG00000213704,0
ENSG00000165288,2558
ENSG00000271290,0
ENSG00000237506,148
ENSG00000287223,0
ENSG00000229132,96
ENSG00000230889,0
ENSG00000158813,12
ENSG00000188419,2512
ENSG00000227581,2
ENSG00000231206,0
ENSG00000288059,0
ENSG00000271433,0
ENSG00000215105,594
ENSG00000236185,0
ENSG00000231478,0
ENSG00000232069,0
ENSG00000280870,51
ENSG00000270308,0
ENSG00000225536,6
ENSG00000232842,16
ENSG00000229946,0
ENSG00000231875,0
ENSG00000124429,0
ENSG00000102271,756
ENSG00000213698,0
ENSG00000073905,22
ENSG00000236243,0
ENSG00000228051,0
ENSG00000229594,0
ENSG00000220925,0
ENSG00000122824,1072
ENSG00000270826,0
ENSG00000271322,0
ENSG00000276892,0
ENSG00000213695,0
ENSG00000226753,0
ENSG00000271205,0
ENSG00000198934,244
ENSG00000232735,0
ENSG00000271094,0
ENSG00000185222,4422
ENSG00000229661,0
ENSG00000274398,0
ENSG00000232293,0
ENSG00000230592,22
ENSG00000270745,0
ENSG00000102390,1204
ENSG00000206062,0
ENSG00000271157,0
ENSG00000281091,55
ENSG00000271056,0
ENSG00000236256,0
ENSG00000230478,0
ENSG00000227434,0
ENSG00000179300,0
ENSG00000236870,0
ENSG00000224775,0
ENSG00000286523,0
ENSG00000224632,0
ENSG00000230275,0
ENSG00000226081,0
ENSG00000233446,0
ENSG00000225012,0
ENSG00000122145,0
ENSG00000153779,0
ENSG00000234322,8
ENSG00000232267,0
ENSG00000215089,0
ENSG00000204272,1728
ENSG00000234889,0
ENSG00000237873,0
ENSG00000225025,0
ENSG00000270759,0
ENSG00000239407,19
ENSG00000226837,0
ENSG00000131171,9597
ENSG00000231144,0
ENSG00000215085,0
ENSG00000236190,0
ENSG00000235447,22
ENSG00000224523,0
ENSG00000279437,16
ENSG00000182574,0
ENSG00000228612,0
ENSG00000228847,2
ENSG00000188917,490
ENSG00000271209,0
ENSG00000237014,0
ENSG00000234039,0
ENSG00000203262,0
ENSG00000287619,12
ENSG00000226010,0
ENSG00000170925,0
ENSG00000282914,0
ENSG00000226307,0
ENSG00000226119,0
ENSG00000234405,37
ENSG00000234702,2
ENSG00000215070,0
ENSG00000237748,8
ENSG00000186675,54
ENSG00000215102,4
ENSG00000213740,34
ENSG00000231001,0
ENSG00000238222,0
ENSG00000237381,0
ENSG00000268104,0
ENSG00000286077,0
ENSG00000047597,6
ENSG00000234636,18
ENSG00000227657,0
ENSG00000229090,0
ENSG00000270446,0
ENSG00000228519,22
ENSG00000187690,0
ENSG00000215174,0
ENSG00000234130,14
ENSG00000047648,0
ENSG00000230105,12
ENSG00000228004,0
ENSG00000198414,0
ENSG00000226854,0
ENSG00000270456,0
ENSG00000224054,0
ENSG00000147206,0
ENSG00000286977,2
ENSG00000270583,0
ENSG00000233887,0
ENSG00000101844,416
ENSG00000147160,0
ENSG00000101843,4924
ENSG00000285445,0
ENSG00000123572,0
ENSG00000271457,0
ENSG00000130224,2156
ENSG00000223733,0
ENSG00000274374,0
ENSG00000069509,988
ENSG00000224294,0
ENSG00000147082,6
ENSG00000235239,0
ENSG00000277883,0
ENSG00000270678,0
ENSG00000226241,0
ENSG00000102128,0
ENSG00000196767,1591
ENSG00000228780,0
ENSG00000228041,0
ENSG00000284618,8
ENSG00000230543,0
ENSG00000283594,0
ENSG00000078589,0
ENSG00000213498,0
ENSG00000235124,0
ENSG00000230973,0
ENSG00000147121,398
ENSG00000090776,1738
ENSG00000213100,0
ENSG00000227427,0
ENSG00000226579,0
ENSG00000226725,0
ENSG00000270493,0
ENSG00000102055,0
ENSG00000232665,0
ENSG00000231765,0
ENSG00000183035,0
ENSG00000224072,0
ENSG00000230159,0
ENSG00000147223,23
ENSG00000225957,0
ENSG00000235382,0
ENSG00000215197,0
ENSG00000215035,0
ENSG00000270791,0
ENSG00000234901,0
ENSG00000285944,0
ENSG00000271154,0
ENSG00000185753,458
ENSG00000235656,0
ENSG00000286072,0
ENSG00000215093,0
ENSG00000235196,0
ENSG00000182916,1046
ENSG00000172186,0
ENSG00000232332,0
ENSG00000225728,0
ENSG00000230706,0
ENSG00000133169,6436
ENSG00000235735,0
ENSG00000260585,0
ENSG00000228450,0
ENSG00000237206,0
ENSG00000226372,0
ENSG00000286163,0
ENSG00000213653,0
ENSG00000234613,0
ENSG00000226881,0
ENSG00000277673,0
ENSG00000236735,2
ENSG00000186767,2774
ENSG00000214018,8
ENSG00000214009,0
ENSG00000233403,0
ENSG00000228301,0
ENSG00000230916,0
ENSG00000224217,0
ENSG00000198354,32
ENSG00000286060,2
ENSG00000236042,0
ENSG00000234463,0
ENSG00000238049,0
ENSG00000237752,0
ENSG00000270736,0
ENSG00000189401,0
ENSG00000237891,0
ENSG00000125676,2501
ENSG00000204271,192
ENSG00000234050,0
ENSG00000230538,0
ENSG00000234404,0
ENSG00000223772,0
ENSG00000225949,0
ENSG00000078596,0
ENSG00000230956,2
ENSG00000235425,0
ENSG00000233433,2
ENSG00000102021,0
ENSG00000227234,0
ENSG00000181819,0
ENSG00000234176,16
ENSG00000271021,0
ENSG00000225912,16
ENSG00000270619,0
ENSG00000224701,0
ENSG00000274901,0
ENSG00000166681,8822
ENSG00000280142,0
ENSG00000046774,0
ENSG00000233243,0
ENSG00000228532,34
ENSG00000229829,0
ENSG00000179542,8
ENSG00000186462,92
ENSG00000271502,0
ENSG00000286846,10
ENSG00000232149,0
ENSG00000214748,0
ENSG00000270431,0
ENSG00000280275,0
ENSG00000102241,4560
ENSG00000285896,4
ENSG00000123561,0
ENSG00000237650,0
ENSG00000225970,0
ENSG00000260683,0
ENSG00000235334,0
ENSG00000233548,0
ENSG00000287370,0
ENSG00000235976,0
ENSG00000228160,0
ENSG00000183434,0
ENSG00000173954,0
ENSG00000276205,0
ENSG00000231501,0
ENSG00000242610,0
ENSG00000236080,0
ENSG00000236205,0
ENSG00000089289,1927
ENSG00000172476,76
ENSG00000189252,0
ENSG00000278646,0
ENSG00000226685,0
ENSG00000218728,0
ENSG00000235304,0
ENSG00000271175,0
ENSG00000280752,0
ENSG00000287806,0
ENSG00000271041,0
ENSG00000233467,0
ENSG00000233229,0
ENSG00000232787,0
ENSG00000228466,0
ENSG00000224589,0
ENSG00000275508,0
ENSG00000229693,0
ENSG00000237833,0
ENSG00000227303,0
ENSG00000131725,1126
ENSG00000274631,0
ENSG00000157502,0
ENSG00000230079,2
ENSG00000286767,0
ENSG00000280223,0
ENSG00000235729,0
ENSG00000236747,0
ENSG00000231694,0
ENSG00000232549,0
ENSG00000230788,0
ENSG00000271826,12
ENSG00000231110,0
ENSG00000225469,0
ENSG00000237584,0
ENSG00000230899,0
ENSG00000102239,8
ENSG00000198881,4
ENSG00000230399,0
ENSG00000226929,0
ENSG00000270709,0
ENSG00000235274,0
ENSG00000287796,0
ENSG00000288258,0
ENSG00000234712,0
ENSG00000229322,0
ENSG00000237828,0
ENSG00000184675,922
ENSG00000283692,7
ENSG00000156925,2836
ENSG00000223995,0
ENSG00000270397,0
ENSG00000232496,0
ENSG00000270916,0
ENSG00000198573,0
ENSG00000189108,0
ENSG00000270771,0
ENSG00000176970,0
ENSG00000203923,0
ENSG00000268883,6
ENSG00000165509,0
ENSG00000250625,0
ENSG00000235254,0
ENSG00000231093,0
ENSG00000232177,2
ENSG00000183171,6
ENSG00000232160,111
ENSG00000287017,0
ENSG00000185903,0
ENSG00000235329,0
ENSG00000276380,2
ENSG00000171116,0
ENSG00000182712,0
ENSG00000223516,0
ENSG00000225689,0
ENSG00000270646,0
ENSG00000228042,0
ENSG00000226064,0
ENSG00000235730,0
ENSG00000229562,0
ENSG00000156009,0
ENSG00000227881,2
ENSG00000271660,0
ENSG00000010404,547
ENSG00000279585,0
ENSG00000224548,0
ENSG00000234696,0
ENSG00000270251,0
ENSG00000237208,0
ENSG00000228517,0
ENSG00000274579,0
ENSG00000213924,0
ENSG00000182195,1208
ENSG00000224630,0
ENSG00000214827,12
ENSG00000235539,0
ENSG00000011677,0
ENSG00000241489,0
ENSG00000213423,0
ENSG00000224931,0
ENSG00000237741,0
ENSG00000185247,0
ENSG00000102195,66
ENSG00000269911,0
ENSG00000286085,0
ENSG00000242186,0
ENSG00000228833,0
ENSG00000166049,0
ENSG00000147255,202
ENSG00000223377,0
ENSG00000241418,0
ENSG00000226414,0
ENSG00000229269,0
ENSG00000224732,0
ENSG00000238039,0
ENSG00000225110,0
ENSG00000197021,406
ENSG00000165775,4385
ENSG00000227779,0
ENSG00000241769,0
ENSG00000214925,0
ENSG00000197620,244
ENSG00000196406,0
ENSG00000230130,0
ENSG00000235598,0
ENSG00000133135,46
ENSG00000269993,9
ENSG00000223940,0
ENSG00000234748,0
ENSG00000226388,0
ENSG00000102243,0
ENSG00000231686,0
ENSG00000225660,0
ENSG00000176289,0
ENSG00000155495,0
ENSG00000182508,0
ENSG00000185010,154
ENSG00000228717,0
ENSG00000215054,0
ENSG00000227183,0
ENSG00000183631,0
ENSG00000287394,0
ENSG00000224314,0
ENSG00000271211,0
ENSG00000235699,0
ENSG00000155966,3156
ENSG00000198157,266
ENSG00000213652,0
ENSG00000129680,484
ENSG00000204086,0
ENSG00000198889,8
ENSG00000213526,0
ENSG00000230823,0
ENSG00000234288,0
ENSG00000182890,213
ENSG00000288098,0
ENSG00000287098,0
ENSG00000234592,0
ENSG00000234785,16
ENSG00000277215,16
ENSG00000133138,20
ENSG00000226802,0
ENSG00000238066,0
ENSG00000214628,0
ENSG00000133131,1006
ENSG00000256709,0
ENSG00000231963,0
ENSG00000155959,8611
ENSG00000123496,28
ENSG00000287379,0
ENSG00000285547,0
ENSG00000067177,1209
ENSG00000102383,1201
ENSG00000169306,8
ENSG00000271346,0
ENSG00000235991,0
ENSG00000232249,0
ENSG00000227393,0
ENSG00000238223,0
ENSG00000226436,6
ENSG00000224978,0
ENSG00000225858,0
ENSG00000156920,0
ENSG00000235892,0
ENSG00000229979,0
ENSG00000233254,8
ENSG00000237994,0
ENSG00000227592,0
ENSG00000224816,0
ENSG00000155961,936
ENSG00000225235,0
ENSG00000223438,0
ENSG00000227505,0
ENSG00000186310,1696
ENSG00000234161,0
ENSG00000237860,0
ENSG00000189372,0
ENSG00000236077,0
ENSG00000229145,0
ENSG00000228855,0
ENSG00000229082,0
ENSG00000147231,1008
ENSG00000204019,0
ENSG00000236413,0
ENSG00000229733,0
ENSG00000237225,0
ENSG00000203926,0
ENSG00000207435,0
ENSG00000207628,0
ENSG00000252291,0
ENSG00000212214,0
ENSG00000207151,0
ENSG00000207320,0
ENSG00000201660,0
ENSG00000265284,0
ENSG00000263652,0
ENSG00000207332,0
ENSG00000239333,0
ENSG00000278218,0
ENSG00000207025,0
ENSG00000265144,0
ENSG00000200852,0
ENSG00000252978,0
ENSG00000206716,0
ENSG00000252486,0
ENSG00000201666,0
ENSG00000201356,0
ENSG00000264090,0
ENSG00000277569,0
ENSG00000206639,0
ENSG00000206733,0
ENSG00000207122,0
ENSG00000206983,0
ENSG00000221466,0
ENSG00000238606,0
ENSG00000252411,0
ENSG00000264618,0
ENSG00000263730,0
ENSG00000238730,0
ENSG00000206896,0
ENSG00000212560,0
ENSG00000212347,0
ENSG00000207870,0
ENSG00000199226,0
ENSG00000207725,0
ENSG00000277721,0
ENSG00000278838,0
ENSG00000200702,0
ENSG00000202495,0
ENSG00000221716,7
ENSG00000201341,0
ENSG00000207758,0
ENSG00000207768,0
ENSG00000207785,0
ENSG00000208015,0
ENSG00000211538,0
ENSG00000239057,0
ENSG00000207970,0
ENSG00000272080,0
ENSG00000207104,0
ENSG00000244006,0
ENSG00000284567,0
ENSG00000212434,0
ENSG00000275335,0
ENSG00000266328,0
ENSG00000211991,0
ENSG00000199601,0
ENSG00000283334,0
ENSG00000201447,0
ENSG00000285776,0
ENSG00000273788,0
ENSG00000283622,0
ENSG00000202183,0
ENSG00000222810,0
ENSG00000239745,0
ENSG00000283435,0
ENSG00000200635,0
ENSG00000201826,0
ENSG00000222440,0
ENSG00000212495,0
ENSG00000200422,0
ENSG00000277717,0
ENSG00000201567,0
ENSG00000221187,0
ENSG00000252016,0
ENSG00000283242,0
ENSG00000207995,0
ENSG00000201271,0
ENSG00000223259,1
ENSG00000199051,0
ENSG00000202410,0
ENSG00000199567,0
ENSG00000206826,0
ENSG00000212546,0
ENSG00000252810,0
ENSG00000212623,0
ENSG00000222667,0
ENSG00000252296,0
ENSG00000223260,0
ENSG00000202407,0
ENSG00000239008,0
ENSG00000201443,0
ENSG00000207426,0
ENSG00000277900,0
ENSG00000275110,2
ENSG00000222122,0
ENSG00000265260,0
ENSG00000271907,0
ENSG00000212241,0
ENSG00000252441,0
ENSG00000207515,0
ENSG00000207363,0
ENSG00000242998,0
ENSG00000206752,0
ENSG00000263515,0
ENSG00000207033,0
ENSG00000206864,0
ENSG00000265456,0
ENSG00000206862,0
ENSG00000212321,0
ENSG00000252930,0
ENSG00000207100,0
ENSG00000221463,0
ENSG00000252163,0
ENSG00000216060,0
ENSG00000207041,0
ENSG00000199878,0
ENSG00000201594,0
ENSG00000201000,0
ENSG00000207866,0
ENSG00000207868,0
ENSG00000202473,0
ENSG00000221081,0
ENSG00000239579,0
ENSG00000252219,0
ENSG00000207867,0
ENSG00000216075,0
ENSG00000222114,0
ENSG00000216005,0
ENSG00000215943,0
ENSG00000216098,0
ENSG00000216064,0
ENSG00000202199,0
ENSG00000207641,0
ENSG00000216056,0
ENSG00000199424,0
ENSG00000265789,0
ENSG00000278724,0
ENSG00000222313,0
ENSG00000201912,0
ENSG00000212595,0
ENSG00000252205,0
ENSG00000216171,0
ENSG00000207871,0
ENSG00000207957,0
ENSG00000207873,0
ENSG00000211583,0
ENSG00000207984,0
ENSG00000207818,0
ENSG00000207731,0
ENSG00000207969,0
ENSG00000207589,0
ENSG00000252583,0
ENSG00000212013,0
ENSG00000212014,0
ENSG00000208000,0
ENSG00000202051,0
ENSG00000237623,0
ENSG00000266158,0
ENSG00000203402,0
ENSG00000221459,0
ENSG00000232009,0
ENSG00000226556,0
ENSG00000277605,0
ENSG00000196741,351
ENSG00000235636,44
ENSG00000008056,186
ENSG00000283743,0
ENSG00000263858,0
ENSG00000126767,1615
ENSG00000267064,38
ENSG00000224656,0
ENSG00000229968,0
ENSG00000188459,4
ENSG00000224401,2
ENSG00000102265,1214
ENSG00000147130,2276
ENSG00000147166,1
ENSG00000224208,2
ENSG00000213706,2
ENSG00000275975,0
ENSG00000229601,0
ENSG00000213018,4
ENSG00000199751,0
ENSG00000243468,0
ENSG00000215120,0
ENSG00000186810,0
ENSG00000155962,42
ENSG00000225008,0
ENSG00000228986,2
ENSG00000230491,0
ENSG00000224216,20
ENSG00000221190,0
ENSG00000221603,0
ENSG00000277745,0
ENSG00000224533,0
ENSG00000225393,0
ENSG00000185973,460
ENSG00000237801,0
ENSG00000237040,0
ENSG00000124333,2428
ENSG00000228410,0
ENSG00000223484,6
ENSG00000270726,0
ENSG00000185203,0
ENSG00000227159,0
ENSG00000102076,0
ENSG00000277008,0
ENSG00000268221,0
ENSG00000274962,0
ENSG00000277009,0
ENSG00000007350,314
ENSG00000231830,8
ENSG00000285018,2
ENSG00000207165,0
ENSG00000071859,1580
ENSG00000276350,0
ENSG00000130827,1911
ENSG00000102178,844
ENSG00000126903,124
ENSG00000264484,0
ENSG00000279245,0
ENSG00000273041,0
ENSG00000232155,0
ENSG00000228464,0
ENSG00000231388,0
ENSG00000236160,0
ENSG00000216938,0
ENSG00000236683,0
ENSG00000252491,0
ENSG00000283446,0
ENSG00000276391,0
ENSG00000235461,0
ENSG00000147180,2085
ENSG00000230668,2
ENSG00000226280,0
ENSG00000233710,0
ENSG00000234201,0
ENSG00000123570,640
ENSG00000222419,0
ENSG00000231787,0
ENSG00000276298,0
ENSG00000234345,0
ENSG00000158427,28
ENSG00000230312,4
ENSG00000227067,0
ENSG00000282840,0
ENSG00000223418,0
ENSG00000005302,1416
ENSG00000206792,0
ENSG00000206795,0
ENSG00000223487,0
ENSG00000231211,0
ENSG00000273800,0
ENSG00000271814,0
ENSG00000229083,0
ENSG00000230691,0
ENSG00000196664,0
ENSG00000233338,0
ENSG00000250084,0
ENSG00000278358,0
ENSG00000278160,0
ENSG00000275643,0
ENSG00000204379,0
ENSG00000223395,0
ENSG00000277289,0
ENSG00000227058,0
ENSG00000231593,0
ENSG00000228771,0
ENSG00000185319,0
ENSG00000197185,0
ENSG00000234792,0
ENSG00000187754,0
ENSG00000228354,2
ENSG00000222608,0
ENSG00000225508,0
ENSG00000237275,0
ENSG00000223958,0
ENSG00000225397,0
ENSG00000229826,0
ENSG00000269281,0
ENSG00000226867,0
ENSG00000204363,0
ENSG00000229885,0
ENSG00000196395,0
ENSG00000224781,0
ENSG00000220541,0
ENSG00000270524,0
ENSG00000201674,0
ENSG00000207220,0
ENSG00000240327,0
ENSG00000212611,0
ENSG00000241743,6
ENSG00000211578,0
ENSG00000214321,0
ENSG00000238764,0
ENSG00000265465,0
ENSG00000235834,0
ENSG00000230020,0
ENSG00000226153,0
ENSG00000047634,200
ENSG00000227873,0
ENSG00000277150,2
ENSG00000184388,0
ENSG00000175718,0
ENSG00000268447,0
ENSG00000147036,130
ENSG00000275520,0
ENSG00000283463,0
ENSG00000063587,1820
ENSG00000147117,40
ENSG00000179222,25801
ENSG00000130021,669
ENSG00000130054,112
ENSG00000268629,0
ENSG00000235961,18
ENSG00000188153,8972
ENSG00000134594,615
ENSG00000056277,804
ENSG00000156709,1797
ENSG00000223714,0
ENSG00000199564,0
ENSG00000238426,0
ENSG00000226641,0
ENSG00000264573,2
ENSG00000225238,0
ENSG00000233033,0
ENSG00000212207,0
ENSG00000217624,16
ENSG00000242559,0
ENSG00000171657,0
ENSG00000229822,0
ENSG00000237875,0
ENSG00000251807,0
ENSG00000233103,0
ENSG00000237106,0
ENSG00000200906,0
ENSG00000263410,0
ENSG00000131174,3401
ENSG00000234391,0
ENSG00000227302,0
ENSG00000230100,0
ENSG00000270747,0
ENSG00000165584,0
ENSG00000225055,0
ENSG00000234448,0
ENSG00000268009,0
ENSG00000231603,0
ENSG00000231489,0
ENSG00000235350,0
ENSG00000226971,2
ENSG00000068438,934
ENSG00000224292,4
ENSG00000147155,546
ENSG00000286268,0
ENSG00000276823,0
ENSG00000202469,0
ENSG00000227042,0
ENSG00000207202,0
ENSG00000102048,4
ENSG00000165192,0
ENSG00000165195,606
ENSG00000165197,6
ENSG00000073464,1158
ENSG00000234019,0
ENSG00000235224,0
ENSG00000231340,0
ENSG00000227329,6
ENSG00000276575,0
ENSG00000277474,0
ENSG00000235262,0
ENSG00000226299,0
ENSG00000207408,0
ENSG00000236571,0
ENSG00000234413,0
ENSG00000278204,0
ENSG00000158423,28
ENSG00000233250,0
ENSG00000235416,0
ENSG00000199422,0
ENSG00000224942,0
ENSG00000275268,0
ENSG00000225758,0
ENSG00000134595,128
ENSG00000130829,10
ENSG00000237793,2
ENSG00000244335,0
ENSG00000130822,13
ENSG00000185825,6656
ENSG00000101986,722
ENSG00000232725,3
ENSG00000198753,101
ENSG00000184343,0
ENSG00000180879,5275
ENSG00000184844,12
ENSG00000198910,408
ENSG00000284987,0
ENSG00000273769,0
ENSG00000102032,24
ENSG00000172534,4184
ENSG00000235802,0
ENSG00000177854,157
ENSG00000265176,0
ENSG00000283694,0
ENSG00000284286,0
ENSG00000202024,0
ENSG00000270813,0
ENSG00000183911,0
ENSG00000126953,784
ENSG00000241343,18
ENSG00000257529,0
ENSG00000126945,8945
ENSG00000234557,0
ENSG00000262919,286
ENSG00000260081,44
ENSG00000217889,0
ENSG00000130821,4291
ENSG00000229324,0
ENSG00000212605,0
ENSG00000227536,14
ENSG00000147164,3552
ENSG00000184481,278
ENSG00000204165,0
ENSG00000285171,0
ENSG00000169562,0
ENSG00000271886,0
ENSG00000208012,0
ENSG00000131263,8318
ENSG00000230673,0
ENSG00000199885,0
ENSG00000271589,0
ENSG00000050030,924
ENSG00000214016,8
ENSG00000242065,0
ENSG00000189037,0
ENSG00000147113,17
ENSG00000230934,0
ENSG00000281852,0
ENSG00000237182,0
ENSG00000237717,0
ENSG00000224617,0
ENSG00000229030,0
ENSG00000230162,0
ENSG00000219930,0
ENSG00000231513,0
ENSG00000239080,0
ENSG00000214720,0
ENSG00000227610,0
ENSG00000147224,6266
ENSG00000169083,614
ENSG00000165194,3532
ENSG00000130385,0
ENSG00000275113,0
ENSG00000236737,0
ENSG00000213856,4
ENSG00000227391,0
ENSG00000068985,0
ENSG00000101951,0
ENSG00000252454,0
ENSG00000234825,26
ENSG00000271339,0
ENSG00000231164,0
ENSG00000225125,2
ENSG00000232611,28
ENSG00000225400,0
ENSG00000147274,23286
ENSG00000232379,0
ENSG00000237307,0
ENSG00000165370,0
ENSG00000224031,0
ENSG00000172465,757
ENSG00000180284,0
ENSG00000123562,20833
ENSG00000231154,2
ENSG00000179363,0
ENSG00000269743,929
ENSG00000102007,5
ENSG00000012211,4
ENSG00000237341,0
ENSG00000102001,1
ENSG00000230216,0
ENSG00000101997,304
ENSG00000049769,143
ENSG00000270012,7
ENSG00000286031,0
ENSG00000147118,148
ENSG00000221994,6
ENSG00000277541,22
ENSG00000230241,0
ENSG00000233139,0
ENSG00000201517,0
ENSG00000225198,0
ENSG00000238032,0
ENSG00000234780,0
ENSG00000252856,0
ENSG00000204368,0
ENSG00000231568,0
ENSG00000229662,0
ENSG00000232813,0
ENSG00000241207,0
ENSG00000237345,0
ENSG00000184788,16
ENSG00000188021,4317
ENSG00000185985,174
ENSG00000130962,995
ENSG00000101911,1647
ENSG00000085224,10310
ENSG00000083750,1044
ENSG00000101842,0
ENSG00000156298,100
ENSG00000126759,0
ENSG00000000005,0
ENSG00000000003,10020
ENSG00000223819,0
ENSG00000238116,4
ENSG00000275320,0
ENSG00000202231,0
ENSG00000224799,0
ENSG00000237708,0
ENSG00000222303,0
ENSG00000221930,13
ENSG00000287160,0
ENSG00000271677,0
ENSG00000238188,0
ENSG00000228659,0
ENSG00000147256,0
ENSG00000241198,0
ENSG00000269405,0
ENSG00000273746,0
ENSG00000231590,0
ENSG00000158164,2160
ENSG00000271005,0
ENSG00000102010,10
ENSG00000285602,4
ENSG00000225833,0
ENSG00000237539,0
ENSG00000169239,112
ENSG00000279413,36
ENSG00000200620,0
ENSG00000281371,0
ENSG00000182287,9727
ENSG00000200566,0
ENSG00000226536,0
ENSG00000169188,762
ENSG00000158578,0
ENSG00000278283,0
ENSG00000234466,0
ENSG00000238269,0
ENSG00000234068,0
ENSG00000278319,0
ENSG00000276929,0
ENSG00000186678,0
ENSG00000229760,0
ENSG00000231947,0
ENSG00000238047,0
ENSG00000196924,29343
ENSG00000147003,36
ENSG00000147403,36357
ENSG00000072501,8404
ENSG00000198689,2874
ENSG00000283775,0
ENSG00000243011,0
ENSG00000273773,0
ENSG00000213338,0
ENSG00000272681,0
ENSG00000275882,4
ENSG00000226141,0
ENSG00000237619,0
ENSG00000235806,0
ENSG00000287729,4
ENSG00000238123,0
ENSG00000228089,0
ENSG00000235190,0
ENSG00000200587,0
ENSG00000134602,3232
ENSG00000228819,0
ENSG00000123728,3056
ENSG00000123560,16853
ENSG00000228158,2
ENSG00000227534,0
ENSG00000227942,0
ENSG00000147140,37236
ENSG00000120280,0
ENSG00000178556,0
ENSG00000232368,2
ENSG00000229331,0
ENSG00000241886,2
ENSG00000243055,0
ENSG00000277876,0
ENSG00000231542,0
ENSG00000235512,0
ENSG00000102230,3727
ENSG00000226222,0
ENSG00000236836,0
ENSG00000236487,0
ENSG00000101868,2578
ENSG00000251869,0
ENSG00000232472,38
ENSG00000004848,5
ENSG00000214111,5
ENSG00000240439,0
ENSG00000182484,99
ENSG00000234230,0
ENSG00000225071,10
ENSG00000131089,4179
ENSG00000231729,0
ENSG00000288661,0
ENSG00000236813,2
ENSG00000222532,0
ENSG00000166707,258
ENSG00000158639,0
ENSG00000181191,2142
ENSG00000102387,16
ENSG00000165359,186
ENSG00000005889,2480
ENSG00000126752,0
ENSG00000197779,1668
ENSG00000080561,4
ENSG00000120498,0
ENSG00000147138,0
ENSG00000125354,3038
ENSG00000022267,3132
ENSG00000131269,2050
ENSG00000266828,0
ENSG00000231371,0
ENSG00000234558,6
ENSG00000180772,0
ENSG00000188706,4468
ENSG00000235189,0
ENSG00000238040,0
ENSG00000156697,794
ENSG00000085185,898
ENSG00000288680,0
ENSG00000207146,1
ENSG00000133124,50
ENSG00000237863,24
ENSG00000279894,0
ENSG00000196507,882
ENSG00000288597,0
ENSG00000123575,7310
ENSG00000123576,0
ENSG00000182378,558
ENSG00000268651,0
ENSG00000171388,34
ENSG00000287024,0
ENSG00000122121,0
ENSG00000122122,0
ENSG00000240143,0
ENSG00000275070,0
ENSG00000078061,979
ENSG00000230781,0
ENSG00000101938,557
ENSG00000226112,0
ENSG00000234349,0
ENSG00000077274,8
ENSG00000251954,0
ENSG00000223904,0
ENSG00000229939,165
ENSG00000225031,84
ENSG00000102359,348
ENSG00000101892,0
ENSG00000251707,0
ENSG00000232119,1909
ENSG00000171155,1421
ENSG00000278317,0
ENSG00000181511,0
ENSG00000158290,6806
ENSG00000238200,0
ENSG00000269096,0
ENSG00000278289,0
ENSG00000271449,0
ENSG00000278085,0
ENSG00000270946,0
ENSG00000207633,0
ENSG00000203933,0
ENSG00000233145,0
ENSG00000214653,7
ENSG00000241248,0
ENSG00000233535,2
ENSG00000212663,0
ENSG00000046647,431
ENSG00000157600,2260
ENSG00000208013,0
ENSG00000265584,0
ENSG00000208883,0
ENSG00000224142,0
ENSG00000287685,0
ENSG00000279601,4
ENSG00000187808,13
ENSG00000198918,24403
ENSG00000206622,0
ENSG00000286366,16
ENSG00000125352,364
ENSG00000125356,1674
ENSG00000186471,87
ENSG00000101882,553
ENSG00000261435,0
ENSG00000263972,0
ENSG00000214047,0
ENSG00000285709,0
ENSG00000223486,0
ENSG00000236393,0
ENSG00000214045,0
ENSG00000206677,0
ENSG00000183337,2142
ENSG00000132446,0
ENSG00000252903,0
ENSG00000285900,0
ENSG00000222922,0
ENSG00000236285,0
ENSG00000263600,0
ENSG00000221348,0
ENSG00000236828,0
ENSG00000226781,8
ENSG00000215310,0
ENSG00000265170,0
ENSG00000224963,0
ENSG00000283093,0
ENSG00000223591,0
ENSG00000189369,2562
ENSG00000236576,0
ENSG00000252377,0
ENSG00000224109,82
ENSG00000260118,84
ENSG00000228328,2
ENSG00000252145,0
ENSG00000228125,0
ENSG00000206646,0
ENSG00000225925,0
ENSG00000181704,6122
ENSG00000206747,0
ENSG00000079482,5267
ENSG00000160131,11566
ENSG00000270052,0
ENSG00000214915,0
ENSG00000071553,4890
ENSG00000186787,118
ENSG00000165583,0
ENSG00000165376,32
ENSG00000198455,1818
ENSG00000165591,0
ENSG00000102385,18
ENSG00000147251,952
ENSG00000283697,0
ENSG00000198205,274
ENSG00000176774,0
ENSG00000232446,0
ENSG00000227511,0
ENSG00000176746,0
ENSG00000232644,0
ENSG00000188408,0
ENSG00000237171,0
ENSG00000259849,0
ENSG00000178146,0
ENSG00000188828,0
ENSG00000215168,0
ENSG00000237294,0
ENSG00000231356,0
ENSG00000226820,0
ENSG00000224236,2
ENSG00000125675,421
ENSG00000179101,41
ENSG00000228543,0
ENSG00000232111,0
ENSG00000282306,0
ENSG00000282501,0
ENSG00000282358,0
ENSG00000282668,0
ENSG00000282299,0
ENSG00000282697,0
ENSG00000282222,0
ENSG00000281955,0
ENSG00000281941,0
ENSG00000282300,0
ENSG00000101849,1714
ENSG00000101850,40
ENSG00000198759,0
ENSG00000233357,0
ENSG00000283493,0
ENSG00000199622,0
ENSG00000123595,1074
ENSG00000046651,511
ENSG00000147133,1282
ENSG00000147144,192
ENSG00000288053,0
ENSG00000206936,2
ENSG00000068394,658
ENSG00000265033,0
ENSG00000280116,0
ENSG00000279422,0
ENSG00000123584,0
ENSG00000224089,0
ENSG00000226600,0
ENSG00000230347,0
ENSG00000226023,0
ENSG00000237957,0
ENSG00000230594,0
ENSG00000236126,0
ENSG00000242362,0
ENSG00000268738,0
ENSG00000212747,707
ENSG00000134590,3283
ENSG00000286964,64
ENSG00000203950,239
ENSG00000228372,0
ENSG00000234228,0
ENSG00000196972,40
ENSG00000224107,0
ENSG00000223809,0
ENSG00000232582,0
ENSG00000169551,0
ENSG00000236491,0
ENSG00000228922,0
ENSG00000269833,0
ENSG00000186376,384
ENSG00000238210,0
ENSG00000274024,0
ENSG00000283644,0
ENSG00000284994,0
ENSG00000173275,959
ENSG00000178947,230
ENSG00000201440,0
ENSG00000225769,0
ENSG00000273988,0
ENSG00000271158,0
ENSG00000123131,4032
ENSG00000123130,1117
ENSG00000233785,0
ENSG00000202272,0
ENSG00000288706,0
ENSG00000184831,1020
ENSG00000238103,20
ENSG00000165182,14
ENSG00000130830,54
ENSG00000229237,10
ENSG00000274183,0
ENSG00000288722,304
ENSG00000224069,0
ENSG00000237859,0
ENSG00000233688,0
ENSG00000176318,0
ENSG00000271147,201
ENSG00000227211,0
ENSG00000198932,47
ENSG00000286327,0
ENSG00000252294,0
ENSG00000230320,0
ENSG00000286237,0
ENSG00000198908,0
ENSG00000215000,0
ENSG00000101890,18
ENSG00000101888,1156
ENSG00000233874,0
ENSG00000176076,0
ENSG00000068366,5697
ENSG00000237319,0
ENSG00000252069,0
ENSG00000225381,0
ENSG00000286118,8
ENSG00000277858,0
ENSG00000288709,2
ENSG00000183479,0
ENSG00000203650,0
ENSG00000224341,0
ENSG00000231270,0
ENSG00000175556,4
ENSG00000056998,1066
ENSG00000235483,0
ENSG00000006756,111
ENSG00000229851,0
ENSG00000205667,0
ENSG00000062096,0
ENSG00000239228,0
ENSG00000230249,0
ENSG00000226784,2
ENSG00000187325,2925
ENSG00000223592,0
ENSG00000147050,1196
ENSG00000157399,485
ENSG00000232282,0
ENSG00000229954,0
ENSG00000237300,0
ENSG00000237628,0
ENSG00000228316,0
ENSG00000224471,0
ENSG00000226056,0
ENSG00000234886,0
ENSG00000227649,0
ENSG00000229794,0
ENSG00000202304,0
ENSG00000225046,0
ENSG00000102078,688
ENSG00000147262,0
ENSG00000271286,0
ENSG00000224204,0
ENSG00000233067,0
ENSG00000175809,0
ENSG00000224396,0
ENSG00000201095,0
ENSG00000231011,0
ENSG00000237019,0
ENSG00000102174,172
ENSG00000270794,0
ENSG00000099399,0
ENSG00000120289,0
ENSG00000276940,0
ENSG00000229967,0
ENSG00000102287,0
ENSG00000284363,0
ENSG00000283751,0
ENSG00000102119,1696
ENSG00000147234,50
ENSG00000230146,2
ENSG00000274655,0
ENSG00000277577,0
ENSG00000278039,0
ENSG00000182707,0
ENSG00000274430,0
ENSG00000276784,0
ENSG00000271199,0
ENSG00000233984,0
ENSG00000203397,0
ENSG00000234969,0
ENSG00000223650,0
ENSG00000232928,0
ENSG00000280375,0
ENSG00000230986,0
ENSG00000224430,3
ENSG00000196459,594
ENSG00000232801,4
ENSG00000189145,0
ENSG00000216866,144
ENSG00000287549,0
ENSG00000237931,2
ENSG00000225839,0
ENSG00000126950,1118
ENSG00000102384,1280
ENSG00000231643,0
ENSG00000213397,0
ENSG00000130066,2493
ENSG00000214107,0
ENSG00000171054,0
ENSG00000171478,0
ENSG00000130052,52
ENSG00000198798,0
ENSG00000215113,0
ENSG00000147174,24
ENSG00000166160,0
ENSG00000267978,0
ENSG00000225396,0
ENSG00000123165,0
ENSG00000215115,0
ENSG00000184033,0
ENSG00000126890,0
ENSG00000126016,2542
ENSG00000268350,6
ENSG00000204279,0
ENSG00000269791,0
ENSG00000236371,0
ENSG00000238205,0
ENSG00000184911,0
ENSG00000214717,2335
ENSG00000277120,0
ENSG00000230542,0
ENSG00000002586,7477
ENSG00000124343,0
ENSG00000013619,153
ENSG00000072506,2244
ENSG00000224735,0
ENSG00000226110,0
ENSG00000229037,0
ENSG00000189420,0
ENSG00000123569,0
ENSG00000171405,0
ENSG00000269586,0
ENSG00000067840,628
ENSG00000102290,0
ENSG00000147124,860
ENSG00000183837,50
ENSG00000251192,168
ENSG00000247746,66
ENSG00000269502,0
ENSG00000179083,48
ENSG00000101981,0
ENSG00000238485,0
ENSG00000221375,0
ENSG00000252719,0
ENSG00000147378,0
ENSG00000147381,0
ENSG00000228965,0
ENSG00000232562,0
ENSG00000182776,0
ENSG00000279750,0
ENSG00000221705,0
ENSG00000154545,36
ENSG00000221475,0
ENSG00000179028,0
ENSG00000076716,20096
ENSG00000206765,0
ENSG00000227008,18
ENSG00000233260,0
ENSG00000286096,0
ENSG00000232068,0
ENSG00000224908,13
ENSG00000283638,0
ENSG00000232664,0
ENSG00000286181,8
ENSG00000184194,567
ENSG00000270497,2
ENSG00000184205,814
ENSG00000126012,2930
ENSG00000227083,0
ENSG00000268066,0
ENSG00000274086,0
ENSG00000236337,0
ENSG00000176988,0
ENSG00000201285,0
ENSG00000219507,50
ENSG00000157625,1662
ENSG00000266560,0
ENSG00000124260,0
ENSG00000231937,0
ENSG00000184634,1406
ENSG00000102081,3957
ENSG00000171402,0
ENSG00000165694,0
ENSG00000158301,1028
ENSG00000189221,36
ENSG00000101825,274
ENSG00000213487,0
ENSG00000228459,4
ENSG00000237671,0
ENSG00000227488,0
ENSG00000236362,0
ENSG00000216649,0
ENSG00000215269,0
ENSG00000224902,0
ENSG00000189064,0
ENSG00000205777,0
ENSG00000215274,0
ENSG00000224659,0
ENSG00000274274,0
ENSG00000102158,6472
ENSG00000268089,10
ENSG00000269475,0
ENSG00000221867,0
ENSG00000183305,0
ENSG00000198930,0
ENSG00000213401,0
ENSG00000231447,0
ENSG00000268606,0
ENSG00000268916,0
ENSG00000286051,0
ENSG00000147400,5664
ENSG00000147383,2692
ENSG00000286939,0
ENSG00000198883,0
ENSG00000234200,0
ENSG00000130741,13980
ENSG00000201407,0
ENSG00000174010,1444
ENSG00000171100,832
ENSG00000102181,3438
ENSG00000228728,0
ENSG00000196338,2869
ENSG00000231857,0
ENSG00000237963,0
ENSG00000001497,1440
ENSG00000188158,2052
ENSG00000227645,0
ENSG00000147145,849
ENSG00000214961,0
ENSG00000156531,11196
ENSG00000165704,1126
ENSG00000226107,0
ENSG00000216001,0
ENSG00000199132,0
ENSG00000207755,0
ENSG00000207784,0
ENSG00000223749,10
ENSG00000208005,0
ENSG00000284231,0
ENSG00000227060,0
ENSG00000170965,0
ENSG00000235813,0
ENSG00000236509,0
ENSG00000237432,0
ENSG00000199920,0
ENSG00000156504,1267
ENSG00000280249,0
ENSG00000235916,0
ENSG00000201618,0
ENSG00000172943,1642
ENSG00000184083,2586
ENSG00000224949,0
ENSG00000234566,0
ENSG00000188937,24
ENSG00000269556,510
ENSG00000134597,676
ENSG00000181433,0
ENSG00000171659,0
ENSG00000126733,4
ENSG00000102034,42
ENSG00000147202,292
ENSG00000197565,5624
ENSG00000123594,0
ENSG00000205642,0
ENSG00000017483,10
ENSG00000169059,0
ENSG00000133142,4081
ENSG00000196632,1604
ENSG00000185515,951
ENSG00000067829,1518
ENSG00000185448,0
ENSG00000155008,1729
ENSG00000102024,10506
ENSG00000237331,0
ENSG00000252627,0
ENSG00000237025,0
ENSG00000232412,10
ENSG00000101972,11045
ENSG00000237426,0
ENSG00000252693,0
ENSG00000234564,0
ENSG00000282419,2
ENSG00000232054,0
ENSG00000226532,0
ENSG00000147257,3889
ENSG00000126895,0
ENSG00000130032,38
ENSG00000183862,0
ENSG00000281849,2
ENSG00000275287,0
ENSG00000280767,0
ENSG00000234958,0
ENSG00000229232,0
ENSG00000185960,0
ENSG00000102003,732
ENSG00000237490,0
ENSG00000228550,0
ENSG00000101846,727
ENSG00000264268,0
ENSG00000279682,0
ENSG00000274923,0
ENSG00000006757,0
ENSG00000204116,774
ENSG00000236446,0
ENSG00000230707,4
ENSG00000179304,2
ENSG00000189186,0
ENSG00000124334,0
ENSG00000197172,0
ENSG00000165175,3485
ENSG00000187243,22
ENSG00000241476,0
ENSG00000182583,0
ENSG00000260802,2
ENSG00000130988,2
ENSG00000206685,0
ENSG00000201659,0
ENSG00000182872,1970
ENSG00000237351,0
ENSG00000130985,19846
ENSG00000224975,38
ENSG00000147123,2429
ENSG00000198088,32
ENSG00000213569,0
ENSG00000199832,0
ENSG00000204053,0
ENSG00000215007,0
ENSG00000080572,1
ENSG00000248503,28
ENSG00000165240,1918
ENSG00000236187,0
ENSG00000102104,0
ENSG00000237221,0
ENSG00000196564,0
ENSG00000224224,0
ENSG00000237836,6
ENSG00000044446,391
ENSG00000266710,0
ENSG00000223731,6
ENSG00000102393,808
ENSG00000101945,313
ENSG00000232828,0
ENSG00000206723,0
ENSG00000171433,0
ENSG00000233585,4
ENSG00000207367,0
ENSG00000187682,0
ENSG00000102109,218
ENSG00000102103,1817
ENSG00000102100,591
ENSG00000102096,352
ENSG00000068308,2204
ENSG00000279155,0
ENSG00000223309,0
ENSG00000102057,48
ENSG00000275387,0
ENSG00000221750,0
ENSG00000067445,2273
ENSG00000086717,78
ENSG00000223611,0
ENSG00000214124,0
ENSG00000067992,2080
ENSG00000237682,0
ENSG00000126947,2634
ENSG00000198960,1260
ENSG00000102401,3833
ENSG00000228275,0
ENSG00000261101,60
ENSG00000207291,0
ENSG00000286000,0
ENSG00000184867,2702
ENSG00000223753,0
ENSG00000212584,0
ENSG00000169249,292
ENSG00000196440,292
ENSG00000215319,0
ENSG00000230326,0
ENSG00000206844,0
ENSG00000234469,0
ENSG00000225076,0
ENSG00000184905,4
ENSG00000184515,0
ENSG00000157514,1730
ENSG00000170935,0
ENSG00000186416,1385
ENSG00000169933,0
ENSG00000198814,563
ENSG00000226339,0
ENSG00000201518,2
ENSG00000102038,6726
ENSG00000252170,0
ENSG00000122126,4972
ENSG00000013563,56
ENSG00000125962,563
ENSG00000089682,383
ENSG00000160219,0
ENSG00000206948,0
ENSG00000284450,0
ENSG00000206693,0
ENSG00000203870,0
ENSG00000221533,0
ENSG00000102362,4
ENSG00000227864,0
ENSG00000250423,0
ENSG00000204382,0
ENSG00000224440,0
ENSG00000089472,1604
ENSG00000171489,0
ENSG00000166432,228
ENSG00000273696,0
ENSG00000196976,212
ENSG00000165675,682
ENSG00000147059,2
ENSG00000158352,652
ENSG00000182518,1192
ENSG00000206663,0
ENSG00000184368,28
ENSG00000264566,0
ENSG00000173674,12298
ENSG00000201882,1
ENSG00000201592,1
ENSG00000225037,0
ENSG00000177189,2190
ENSG00000173681,810
ENSG00000206900,0
ENSG00000235849,0
ENSG00000227064,0
ENSG00000134588,4
ENSG00000289365,10
ENSG00000289570,0
ENSG00000288739,0
ENSG00000287918,46
ENSG00000235385,96
ENSG00000289127,0
ENSG00000130119,1519
ENSG00000231728,14
ENSG00000235703,8
ENSG00000224610,0
ENSG00000229335,0
ENSG00000278530,0
ENSG00000289479,0
ENSG00000289575,0
ENSG00000288783,0
ENSG00000226310,2
ENSG00000287776,0
ENSG00000288832,0
ENSG00000288980,0
ENSG00000171004,642
ENSG00000168939,340
ENSG00000200572,0
ENSG00000284499,0
ENSG00000284538,0
ENSG00000284107,0
ENSG00000284043,0
ENSG00000283931,0
ENSG00000284157,0
ENSG00000249467,0
ENSG00000203952,388
ENSG00000203588,0
ENSG00000184210,0
ENSG00000242657,0
ENSG00000204195,0
ENSG00000200473,0
ENSG00000186912,0
ENSG00000120500,2
ENSG00000147127,2
ENSG00000090889,2082
ENSG00000231053,0
ENSG00000201377,0
ENSG00000130055,597
ENSG00000284391,0
ENSG00000200431,0
ENSG00000231651,5
ENSG00000120509,1367
ENSG00000010671,0
ENSG00000252320,0
ENSG00000102245,0
ENSG00000129675,3307
ENSG00000212510,0
ENSG00000202279,0
ENSG00000206979,0
ENSG00000072315,0
ENSG00000187823,0
ENSG00000271464,0
ENSG00000271400,0
ENSG00000200436,0
ENSG00000213489,0
ENSG00000282815,0
ENSG00000289449,0
ENSG00000126768,715
ENSG00000176896,230
ENSG00000165168,0
ENSG00000265658,0
ENSG00000223274,0
ENSG00000198223,0
ENSG00000130150,782
ENSG00000235929,0
ENSG00000181544,500
ENSG00000231066,0
ENSG00000225814,0
ENSG00000236982,0
ENSG00000102053,119
ENSG00000237971,0
ENSG00000225569,0
ENSG00000231809,0
ENSG00000243978,30
ENSG00000204620,21
ENSG00000102317,13604
ENSG00000228343,0
ENSG00000279528,0
ENSG00000220125,0
ENSG00000101940,1050
ENSG00000231725,0
ENSG00000286475,0
ENSG00000275314,0
ENSG00000235510,0
ENSG00000223723,0
ENSG00000289708,0
ENSG00000198173,0
ENSG00000243048,0
ENSG00000214071,0
ENSG00000230170,0
ENSG00000270625,0
ENSG00000101856,17778
ENSG00000214992,0
ENSG00000230392,0
ENSG00000226661,0
ENSG00000227814,0
ENSG00000077713,116
ENSG00000237903,0
ENSG00000207175,0
ENSG00000266420,0
ENSG00000252147,0
ENSG00000005022,8923
ENSG00000077721,3170
ENSG00000018610,626
ENSG00000286794,0
ENSG00000284800,0
ENSG00000131828,1880
ENSG00000180815,53
ENSG00000202144,0
ENSG00000275800,0
ENSG00000269335,87
ENSG00000160211,1854
ENSG00000165349,12
ENSG00000230629,130
ENSG00000147168,0
ENSG00000125351,698
ENSG00000290162,3
ENSG00000290163,0
ENSG00000290164,1
ENSG00000290165,1
ENSG00000147065,22644
ENSG00000101935,1704
ENSG00000133136,0
ENSG00000130826,5172
ENSG00000198681,0
ENSG00000235219,0
ENSG00000273877,2
ENSG00000231600,0
ENSG00000278803,0
ENSG00000102225,4499
ENSG00000102226,7716
ENSG00000071889,542
ENSG00000203879,12794
ENSG00000102312,152
ENSG00000277535,0
ENSG00000183918,0
ENSG00000230502,0
ENSG00000271686,0
ENSG00000226547,0
ENSG00000147246,24
ENSG00000224664,0
ENSG00000289287,0
ENSG00000208839,0
ENSG00000212100,0
ENSG00000222321,0
ENSG00000276158,0
ENSG00000221710,0
ENSG00000222715,0
ENSG00000224773,4
ENSG00000199001,0
ENSG00000270413,0
ENSG00000236880,0
ENSG00000102125,216
ENSG00000264933,0
ENSG00000199705,0
ENSG00000232599,0
ENSG00000009694,346
ENSG00000101916,0
ENSG00000288817,0
ENSG00000205542,55668
ENSG00000187268,0
ENSG00000225470,105
ENSG00000230376,0
ENSG00000252178,0
ENSG00000226902,0
ENSG00000101966,4361
ENSG00000203930,160
ENSG00000288642,0
ENSG00000147044,6059
ENSG00000076770,1040
ENSG00000015285,14
ENSG00000279587,2
ENSG00000200291,0
ENSG00000237458,0
ENSG00000234524,0
ENSG00000224539,0
ENSG00000277486,0
ENSG00000198022,0
ENSG00000274601,0
ENSG00000268940,0
ENSG00000233861,0
ENSG00000228836,0
ENSG00000130234,0
ENSG00000068354,325
ENSG00000288908,19
ENSG00000068323,1664
ENSG00000094631,1734
ENSG00000158571,14
ENSG00000233071,0
ENSG00000102409,3431
ENSG00000047644,1288
ENSG00000232593,402
ENSG00000268235,0
ENSG00000215029,0
ENSG00000003096,1314
ENSG00000225366,0
ENSG00000102145,0
ENSG00000236189,0
ENSG00000201420,0
ENSG00000229487,0
ENSG00000204025,6
ENSG00000271421,0
ENSG00000147162,6201
ENSG00000072133,408
ENSG00000221494,0
ENSG00000233484,0
ENSG00000147010,534
ENSG00000101977,120
ENSG00000189326,0
ENSG00000189023,0
ENSG00000174016,0
ENSG00000269433,0
ENSG00000229674,0
ENSG00000232030,0
ENSG00000198021,0
ENSG00000269437,0
ENSG00000268902,0
ENSG00000178605,1062
ENSG00000278057,0
ENSG00000268988,0
ENSG00000287585,0
ENSG00000269226,6
ENSG00000269313,0
ENSG00000184216,1137
ENSG00000169297,0
ENSG00000238709,0
ENSG00000086712,1352
ENSG00000230180,0
ENSG00000102054,5769
ENSG00000222736,0
ENSG00000223498,0
ENSG00000199410,0
ENSG00000169891,100
ENSG00000201467,0
ENSG00000214322,0
ENSG00000289472,0
ENSG00000156500,266
ENSG00000101928,1293
ENSG00000207081,0
ENSG00000236091,5
ENSG00000231929,0
ENSG00000184785,68
ENSG00000180964,3968
ENSG00000224692,0
ENSG00000204065,4
ENSG00000133134,410
ENSG00000289596,0
ENSG00000261030,0
ENSG00000287700,0
ENSG00000289122,0
ENSG00000270050,0
ENSG00000089820,8
ENSG00000102030,476
ENSG00000226679,0
ENSG00000252050,0
ENSG00000156313,225
ENSG00000169057,2750
ENSG00000101901,1442
ENSG00000288759,4
ENSG00000224765,14
ENSG00000289620,0
ENSG00000229547,0
ENSG00000228427,0
ENSG00000213468,42
ENSG00000224281,56
ENSG00000289864,0
ENSG00000229151,2
ENSG00000280195,5
ENSG00000289068,54
ENSG00000223546,118
ENSG00000289007,198
ENSG00000234129,85
ENSG00000270069,0
ENSG00000289870,6
ENSG00000236064,0
ENSG00000284377,0
ENSG00000226530,92
ENSG00000235244,2
ENSG00000227486,91
ENSG00000289591,0
ENSG00000233928,0
ENSG00000231566,0
ENSG00000289923,0
ENSG00000289038,0
ENSG00000286650,14
ENSG00000235437,930
ENSG00000288595,0
ENSG00000289237,0
ENSG00000288856,0
ENSG00000274536,0
ENSG00000236751,14
ENSG00000289959,0
ENSG00000233093,0
ENSG00000197180,118
ENSG00000281566,0
ENSG00000289132,48
ENSG00000169446,5528
ENSG00000126970,1642
ENSG00000289215,0
ENSG00000198947,4475
ENSG00000049768,0
ENSG00000290184,0
ENSG00000102144,14587
ENSG00000282933,0
ENSG00000282850,0
ENSG00000258545,0
ENSG00000203989,0
ENSG00000101883,0
ENSG00000131721,0
ENSG00000233382,4
ENSG00000227541,0
ENSG00000237757,0
ENSG00000177485,9328
ENSG00000125355,470
ENSG00000232042,0
ENSG00000204131,292
ENSG00000201392,0
ENSG00000196933,0
ENSG00000225471,0
ENSG00000102309,1318
ENSG00000239577,0
ENSG00000186871,772
ENSG00000198034,53547
ENSG00000238926,0
ENSG00000125931,25
ENSG00000086758,10357
ENSG00000063601,1272
ENSG00000230153,0
ENSG00000222796,0
ENSG00000029993,9995
ENSG00000230508,2
ENSG00000124486,13987
ENSG00000068400,1073
ENSG00000289245,0
ENSG00000196998,317
ENSG00000169164,0
ENSG00000290520,0
ENSG00000187893,0
ENSG00000230578,0
ENSG00000290643,0
ENSG00000157965,0
ENSG00000290686,0
ENSG00000204648,0
ENSG00000226870,0
ENSG00000234442,0
ENSG00000171483,0
ENSG00000274775,10
ENSG00000290740,0
ENSG00000251525,0
ENSG00000186312,1
ENSG00000290746,39
ENSG00000232765,0
ENSG00000290748,0
ENSG00000126952,0
ENSG00000290798,0
ENSG00000229015,0
ENSG00000290806,0
ENSG00000196970,0
ENSG00000290811,0
ENSG00000242599,0
ENSG00000290868,0
ENSG00000242520,0
ENSG00000290892,0
ENSG00000204072,2
ENSG00000290908,0
ENSG00000231069,0
ENSG00000290955,0
ENSG00000237265,0
ENSG00000223773,0
ENSG00000291040,21
ENSG00000234062,0
ENSG00000291054,20
ENSG00000234493,0
ENSG00000291200,0
ENSG00000214897,0
ENSG00000067842,10
ENSG00000204071,6
ENSG00000290743,0
ENSG00000230187,0
ENSG00000277492,0
ENSG00000280704,0
ENSG00000213747,0
ENSG00000082458,946
ENSG00000287757,0
ENSG00000291285,0
ENSG00000290734,0
ENSG00000290708,0
ENSG00000101811,951
ENSG00000007952,43
ENSG00000239345,12
ENSG00000233680,2
ENSG00000179031,0
ENSG00000182489,6
ENSG00000182492,4
ENSG00000183981,0
ENSG00000214930,0
ENSG00000285989,0
ENSG00000129682,540
ENSG00000232183,0
ENSG00000207800,0
ENSG00000226031,17
ENSG00000235975,0
ENSG00000101958,42
ENSG00000005893,14302
ENSG00000242732,1746
ENSG00000046653,28964
ENSG00000243279,364
ENSG00000174460,158
ENSG00000102172,12965
ENSG00000077279,11369
ENSG00000215301,22432
ENSG00000207486,0
ENSG00000131264,0
ENSG00000233162,0
ENSG00000269904,8
ENSG00000237475,0
ENSG00000230590,605
ENSG00000231549,0
ENSG00000204113,0
ENSG00000228492,0
ENSG00000271533,24
ENSG00000202566,0
ENSG00000212027,0
ENSG00000283534,0
ENSG00000265727,0
ENSG00000278421,0
ENSG00000273974,0
ENSG00000275254,0
ENSG00000275625,0
ENSG00000207820,0
ENSG00000199168,0
ENSG00000277922,0
ENSG00000187969,0
ENSG00000226515,0
ENSG00000213269,0
ENSG00000270641,0
ENSG00000229807,1
ENSG00000291306,0
ENSG00000291017,0
ENSG00000290713,0
ENSG00000290714,0
ENSG00000283178,0
ENSG00000283599,0
ENSG00000291310,0
ENSG00000101812,0
ENSG00000235946,2
ENSG00000131724,3180
ENSG00000239182,0
ENSG00000250995,0
ENSG00000101974,3356
ENSG00000101871,2380
ENSG00000291314,0
ENSG00000124313,394
ENSG00000077264,4291
ENSG00000147394,92
ENSG00000289890,8
ENSG00000126756,664
ENSG00000290641,0
ENSG00000254207,0
ENSG00000275427,0
ENSG00000272267,240
ENSG00000232948,0
ENSG00000284746,0
ENSG00000271248,0
ENSG00000254839,0
ENSG00000272505,64
ENSG00000253252,0
ENSG00000281961,0
ENSG00000253958,0
ENSG00000164821,0
ENSG00000286969,0
ENSG00000255437,0
ENSG00000253280,0
ENSG00000254237,0
ENSG00000280215,0
ENSG00000173281,1303
ENSG00000253257,0
ENSG00000261451,12
ENSG00000253496,0
ENSG00000253887,0
ENSG00000253262,0
ENSG00000282686,0
ENSG00000282692,0
ENSG00000173273,21204
ENSG00000253166,0
ENSG00000250752,0
ENSG00000223508,173
ENSG00000187229,0
ENSG00000253130,0
ENSG00000260721,0
ENSG00000154359,2154
ENSG00000287740,0
ENSG00000253267,0
ENSG00000175806,966
ENSG00000254242,0
ENSG00000253125,0
ENSG00000285237,0
ENSG00000286622,12
ENSG00000244289,0
ENSG00000255076,0
ENSG00000280294,72
ENSG00000240486,0
ENSG00000253866,0
ENSG00000254272,0
ENSG00000248896,0
ENSG00000134020,0
ENSG00000273484,0
ENSG00000214366,7
ENSG00000184647,2
ENSG00000254160,0
ENSG00000275591,16
ENSG00000253896,0
ENSG00000287747,0
ENSG00000279919,0
ENSG00000253189,0
ENSG00000253649,0
ENSG00000269918,68
ENSG00000275342,896
ENSG00000253184,0
ENSG00000253775,4
ENSG00000254340,0
ENSG00000285861,0
ENSG00000254026,0
ENSG00000253880,0
ENSG00000253855,9
ENSG00000255464,3
ENSG00000242709,0
ENSG00000253510,0
ENSG00000288580,0
ENSG00000168546,36
ENSG00000164741,138
ENSG00000223629,0
ENSG00000254575,0
ENSG00000244018,0
ENSG00000177400,0
ENSG00000260093,0
ENSG00000185053,0
ENSG00000282375,0
ENSG00000286910,0
ENSG00000253735,3
ENSG00000253733,0
ENSG00000254813,0
ENSG00000255253,0
ENSG00000287812,0
ENSG00000254260,0
ENSG00000253162,0
ENSG00000147324,1000
ENSG00000286346,0
ENSG00000254007,0
ENSG00000254093,232
ENSG00000253853,0
ENSG00000198791,13266
ENSG00000253678,0
ENSG00000255365,0
ENSG00000251034,66
ENSG00000287134,0
ENSG00000253612,0
ENSG00000284663,0
ENSG00000253490,0
ENSG00000250316,0
ENSG00000286934,0
ENSG00000253444,0
ENSG00000179388,36
ENSG00000221818,4
ENSG00000104714,354
ENSG00000261026,0
ENSG00000253343,10
ENSG00000285606,0
ENSG00000155975,1614
ENSG00000278886,1
ENSG00000164743,48
ENSG00000277526,0
ENSG00000248235,0
ENSG00000159167,4122
ENSG00000104228,826
ENSG00000254193,0
ENSG00000273876,0
ENSG00000254384,0
ENSG00000198042,1461
ENSG00000175445,270
ENSG00000282759,0
ENSG00000147421,458
ENSG00000254936,0
ENSG00000254753,0
ENSG00000156006,6
ENSG00000271118,0
ENSG00000254319,0
ENSG00000253604,0
ENSG00000272256,0
ENSG00000171056,2
ENSG00000275461,0
ENSG00000253632,0
ENSG00000036565,2
ENSG00000249213,0
ENSG00000253452,0
ENSG00000172728,681
ENSG00000258724,0
ENSG00000253610,0
ENSG00000156687,2204
ENSG00000253934,0
ENSG00000233238,0
ENSG00000280147,0
ENSG00000253557,0
ENSG00000253199,0
ENSG00000038945,1
ENSG00000251203,0
ENSG00000253932,0
ENSG00000092964,25098
ENSG00000287152,0
ENSG00000164825,0
ENSG00000288110,0
ENSG00000282142,0
ENSG00000253164,0
ENSG00000253279,0
ENSG00000253377,6
ENSG00000253100,0
ENSG00000278256,0
ENSG00000253425,0
ENSG00000253620,0
ENSG00000253535,7
ENSG00000254309,0
ENSG00000253396,0
ENSG00000253746,0
ENSG00000249848,0
ENSG00000253774,0
ENSG00000147454,780
ENSG00000253899,6
ENSG00000253888,0
ENSG00000104626,3902
ENSG00000253571,0
ENSG00000253505,0
ENSG00000177669,8
ENSG00000282160,0
ENSG00000253108,0
ENSG00000147459,476
ENSG00000253232,0
ENSG00000253488,0
ENSG00000253182,0
ENSG00000259196,0
ENSG00000253335,0
ENSG00000253951,0
ENSG00000253770,0
ENSG00000254069,0
ENSG00000242607,0
ENSG00000237215,0
ENSG00000253993,0
ENSG00000254061,0
ENSG00000253641,15
ENSG00000253995,0
ENSG00000254425,0
ENSG00000104660,8016
ENSG00000254320,0
ENSG00000120907,935
ENSG00000133878,86
ENSG00000254917,0
ENSG00000253685,0
ENSG00000167034,24
ENSG00000285977,0
ENSG00000147416,8420
ENSG00000279099,0
ENSG00000253524,0
ENSG00000240519,0
ENSG00000254362,0
ENSG00000253476,4
ENSG00000248738,0
ENSG00000248964,0
ENSG00000284724,0
ENSG00000104756,1168
ENSG00000243844,0
ENSG00000243181,4
ENSG00000287166,0
ENSG00000134013,706
ENSG00000233531,0
ENSG00000251191,2
ENSG00000283402,0
ENSG00000061337,912
ENSG00000188873,20
ENSG00000184661,1664
ENSG00000253200,15
ENSG00000254067,0
ENSG00000254244,16
ENSG00000244708,0
ENSG00000285601,24
ENSG00000253504,0
ENSG00000270966,0
ENSG00000272338,100
ENSG00000253208,0
ENSG00000104219,3055
ENSG00000250305,98
ENSG00000188512,14
ENSG00000279949,0
ENSG00000285669,67
ENSG00000284858,0
ENSG00000279881,0
ENSG00000253206,0
ENSG00000168300,2715
ENSG00000253903,0
ENSG00000270255,0
ENSG00000253569,0
ENSG00000254491,0
ENSG00000254156,0
ENSG00000104765,11122
ENSG00000253455,0
ENSG00000197892,707
ENSG00000253837,9
ENSG00000253330,2
ENSG00000254165,9
ENSG00000272375,20
ENSG00000254033,0
ENSG00000253142,0
ENSG00000253418,0
ENSG00000253654,0
ENSG00000233109,0
ENSG00000287590,0
ENSG00000286693,0
ENSG00000104613,1506
ENSG00000253642,4
ENSG00000164822,0
ENSG00000253813,0
ENSG00000104671,1550
ENSG00000215378,0
ENSG00000221914,5814
ENSG00000253390,2
ENSG00000253354,0
ENSG00000254091,0
ENSG00000254013,0
ENSG00000197217,2016
ENSG00000272024,10
ENSG00000254724,0
ENSG00000164808,1634
ENSG00000253300,0
ENSG00000272457,0
ENSG00000171044,83
ENSG00000254556,4
ENSG00000253502,0
ENSG00000232024,4
ENSG00000253380,0
ENSG00000253139,0
ENSG00000253802,0
ENSG00000147437,200
ENSG00000253314,0
ENSG00000253986,0
ENSG00000253734,0
ENSG00000215179,2
ENSG00000253695,8
ENSG00000241511,0
ENSG00000253961,0
ENSG00000254222,0
ENSG00000168575,1293
ENSG00000251468,2
ENSG00000233609,0
ENSG00000272076,17
ENSG00000253319,0
ENSG00000104611,30
ENSG00000284613,0
ENSG00000206579,88
ENSG00000253810,0
ENSG00000254268,0
ENSG00000285992,0
ENSG00000248531,2
ENSG00000253363,2
ENSG00000253342,0
ENSG00000249050,0
ENSG00000224594,0
ENSG00000253430,0
ENSG00000254194,0
ENSG00000253664,0
ENSG00000254625,0
ENSG00000240738,0
ENSG00000231965,0
ENSG00000278428,0
ENSG00000253140,0
ENSG00000254145,0
ENSG00000286798,0
ENSG00000183638,4
ENSG00000240694,7849
ENSG00000253879,0
ENSG00000253483,0
ENSG00000269924,0
ENSG00000254087,334
ENSG00000254358,0
ENSG00000253803,0
ENSG00000253198,0
ENSG00000147481,372
ENSG00000253475,0
ENSG00000133872,20049
ENSG00000253684,0
ENSG00000253608,0
ENSG00000172817,931
ENSG00000253670,0
ENSG00000253892,0
ENSG00000178538,1347
ENSG00000248347,0
ENSG00000244159,0
ENSG00000241431,10
ENSG00000251470,0
ENSG00000253817,0
ENSG00000253708,0
ENSG00000229211,0
ENSG00000284717,0
ENSG00000253317,0
ENSG00000133874,672
ENSG00000253697,0
ENSG00000275115,0
ENSG00000253474,0
ENSG00000254581,0
ENSG00000253484,0
ENSG00000253976,0
ENSG00000279858,0
ENSG00000253190,0
ENSG00000253205,0
ENSG00000287844,0
ENSG00000270328,0
ENSG00000253711,0
ENSG00000196115,0
ENSG00000215117,0
ENSG00000253688,0
ENSG00000165061,197
ENSG00000121005,5386
ENSG00000104679,1084
ENSG00000254131,0
ENSG00000104722,357
ENSG00000254001,0
ENSG00000164751,2960
ENSG00000253667,2
ENSG00000253147,0
ENSG00000147485,32
ENSG00000253123,0
ENSG00000226301,0
ENSG00000254325,0
ENSG00000254136,0
ENSG00000215177,0
ENSG00000270076,7
ENSG00000240540,0
ENSG00000260955,0
ENSG00000251354,0
ENSG00000091656,3779
ENSG00000253659,0
ENSG00000254204,0
ENSG00000254051,0
ENSG00000254305,4
ENSG00000177182,26
ENSG00000171060,0
ENSG00000254775,0
ENSG00000253849,0
ENSG00000104442,4248
ENSG00000253235,0
ENSG00000254162,46
ENSG00000253216,0
ENSG00000249889,10
ENSG00000287185,6
ENSG00000221947,8
ENSG00000253340,0
ENSG00000254367,0
ENSG00000253762,0
ENSG00000254330,0
ENSG00000076641,4768
ENSG00000254177,0
ENSG00000228984,0
ENSG00000254105,0
ENSG00000272264,0
ENSG00000253231,0
ENSG00000250979,0
ENSG00000137573,540
ENSG00000254086,0
ENSG00000215096,0
ENSG00000276418,0
ENSG00000165084,10
ENSG00000253138,6
ENSG00000253423,0
ENSG00000164879,8
ENSG00000277436,0
ENSG00000253983,0
ENSG00000253789,0
ENSG00000253238,16
ENSG00000250962,0
ENSG00000253581,0
ENSG00000164749,64
ENSG00000213791,0
ENSG00000271167,0
ENSG00000254274,0
ENSG00000104331,14062
ENSG00000275928,0
ENSG00000241746,0
ENSG00000253952,0
ENSG00000285768,0
ENSG00000176731,398
ENSG00000213881,27
ENSG00000254383,0
ENSG00000040341,4286
ENSG00000272425,87
ENSG00000274343,0
ENSG00000253383,0
ENSG00000253836,0
ENSG00000237807,8
ENSG00000254266,2
ENSG00000258677,0
ENSG00000254020,0
ENSG00000253964,0
ENSG00000254392,0
ENSG00000253577,0
ENSG00000104327,2400
ENSG00000258256,0
ENSG00000123119,106
ENSG00000285744,0
ENSG00000254231,2
ENSG00000270971,0
ENSG00000206228,81
ENSG00000253682,0
ENSG00000251867,101
ENSG00000253634,0
ENSG00000254954,0
ENSG00000246792,22
ENSG00000205176,0
ENSG00000254070,0
ENSG00000203413,0
ENSG00000164949,382
ENSG00000205189,6857
ENSG00000212989,0
ENSG00000156103,6185
ENSG00000254195,0
ENSG00000253391,0
ENSG00000254089,0
ENSG00000147613,0
ENSG00000147596,0
ENSG00000254538,0
ENSG00000164687,1135
ENSG00000260493,6
ENSG00000277422,0
ENSG00000270077,0
ENSG00000260317,106
ENSG00000253681,0
ENSG00000254300,0
ENSG00000288005,4
ENSG00000254366,0
ENSG00000236191,0
ENSG00000248762,0
ENSG00000253226,0
ENSG00000253871,0
ENSG00000253658,0
ENSG00000253549,80
ENSG00000246662,21
ENSG00000287352,0
ENSG00000254014,0
ENSG00000254120,0
ENSG00000164951,4826
ENSG00000253655,0
ENSG00000104321,2
ENSG00000253675,0
ENSG00000235531,45
ENSG00000287927,0
ENSG00000079112,2
ENSG00000254048,0
ENSG00000272518,2
ENSG00000253468,0
ENSG00000275386,0
ENSG00000254189,0
ENSG00000270416,0
ENSG00000035681,1364
ENSG00000147649,8446
ENSG00000251234,0
ENSG00000253137,0
ENSG00000104356,1038
ENSG00000253302,4
ENSG00000177459,0
ENSG00000250857,0
ENSG00000274116,0
ENSG00000253237,0
ENSG00000285758,0
ENSG00000251347,0
ENSG00000253283,0
ENSG00000270866,3
ENSG00000253901,0
ENSG00000243504,0
ENSG00000248801,0
ENSG00000253105,0
ENSG00000147586,178
ENSG00000176566,0
ENSG00000254208,0
ENSG00000253217,0
ENSG00000137571,1311
ENSG00000249328,0
ENSG00000270131,0
ENSG00000253177,0
ENSG00000249510,0
ENSG00000253960,0
ENSG00000271156,0
ENSG00000137574,2058
ENSG00000253416,0
ENSG00000254689,30
ENSG00000248978,0
ENSG00000120963,2264
ENSG00000273567,0
ENSG00000164924,55495
ENSG00000165392,2195
ENSG00000254182,0
ENSG00000156482,6896
ENSG00000254060,0
ENSG00000286484,0
ENSG00000164893,0
ENSG00000254055,0
ENSG00000185015,106
ENSG00000254027,22
ENSG00000254180,26
ENSG00000257962,0
ENSG00000244217,0
ENSG00000253362,0
ENSG00000254387,0
ENSG00000188856,378
ENSG00000248858,0
ENSG00000265817,1410
ENSG00000254063,0
ENSG00000180694,5402
ENSG00000213750,0
ENSG00000253503,0
ENSG00000255101,0
ENSG00000276006,0
ENSG00000254205,0
ENSG00000254123,0
ENSG00000254212,0
ENSG00000104361,26
ENSG00000254380,0
ENSG00000239281,0
ENSG00000253680,0
ENSG00000104267,568
ENSG00000254224,0
ENSG00000254202,0
ENSG00000279847,0
ENSG00000168619,0
ENSG00000254251,12
ENSG00000248159,0
ENSG00000253118,0
ENSG00000270861,2
ENSG00000253737,0
ENSG00000132541,1061
ENSG00000272249,0
ENSG00000147669,3836
ENSG00000250031,0
ENSG00000276540,0
ENSG00000123124,1660
ENSG00000205133,2298
ENSG00000264448,0
ENSG00000250637,0
ENSG00000287615,0
ENSG00000240509,26
ENSG00000133740,1861
ENSG00000253699,0
ENSG00000184672,263
ENSG00000271148,1
ENSG00000253299,0
ENSG00000253748,0
ENSG00000270980,0
ENSG00000253898,0
ENSG00000164794,0
ENSG00000255402,0
ENSG00000233858,0
ENSG00000156467,8779
ENSG00000271971,57
ENSG00000253894,0
ENSG00000253413,0
ENSG00000254118,0
ENSG00000183663,0
ENSG00000253260,0
ENSG00000253585,0
ENSG00000104341,28002
ENSG00000287998,0
ENSG00000253799,0
ENSG00000254025,0
ENSG00000271612,0
ENSG00000286308,2
ENSG00000286554,0
ENSG00000253749,0
ENSG00000253271,0
ENSG00000215264,0
ENSG00000253781,0
ENSG00000268080,0
ENSG00000255361,0
ENSG00000147432,0
ENSG00000253828,0
ENSG00000245970,19
ENSG00000034239,8
ENSG00000254777,0
ENSG00000280393,0
ENSG00000254079,0
ENSG00000254273,0
ENSG00000253677,0
ENSG00000285579,0
ENSG00000254119,0
ENSG00000180543,0
ENSG00000251142,0
ENSG00000254024,0
ENSG00000156486,0
ENSG00000253301,0
ENSG00000133739,584
ENSG00000167910,0
ENSG00000253171,0
ENSG00000287654,0
ENSG00000272155,0
ENSG00000253197,0
ENSG00000253509,0
ENSG00000254236,0
ENSG00000278914,0
ENSG00000253977,0
ENSG00000254057,2
ENSG00000197475,0
ENSG00000253493,0
ENSG00000250295,2
ENSG00000259607,0
ENSG00000253857,0
ENSG00000197275,295
ENSG00000260640,0
ENSG00000253784,0
ENSG00000104517,4527
ENSG00000104313,22
ENSG00000147570,0
ENSG00000227170,0
ENSG00000254802,0
ENSG00000254225,0
ENSG00000156471,6017
ENSG00000253663,0
ENSG00000286984,0
ENSG00000271381,0
ENSG00000243050,0
ENSG00000164761,1220
ENSG00000254006,0
ENSG00000253355,0
ENSG00000212994,8
ENSG00000253723,0
ENSG00000271882,28
ENSG00000254302,0
ENSG00000253195,0
ENSG00000254316,0
ENSG00000254000,0
ENSG00000253639,0
ENSG00000253395,0
ENSG00000286878,2
ENSG00000254303,0
ENSG00000255397,6
ENSG00000247570,0
ENSG00000253840,0
ENSG00000253997,0
ENSG00000253800,0
ENSG00000253702,0
ENSG00000253542,0
ENSG00000254337,2
ENSG00000254344,0
ENSG00000019549,254
ENSG00000254031,0
ENSG00000240724,0
ENSG00000172167,503
ENSG00000253489,0
ENSG00000239261,0
ENSG00000273978,0
ENSG00000270682,0
ENSG00000253103,0
ENSG00000253499,0
ENSG00000253622,0
ENSG00000253750,0
ENSG00000240590,0
ENSG00000253614,0
ENSG00000278193,0
ENSG00000253760,0
ENSG00000254201,0
ENSG00000253842,0
ENSG00000156469,990
ENSG00000254103,0
ENSG00000136982,893
ENSG00000276998,0
ENSG00000172172,1891
ENSG00000254040,0
ENSG00000253834,0
ENSG00000248318,0
ENSG00000237061,0
ENSG00000254129,0
ENSG00000272321,0
ENSG00000253471,0
ENSG00000254247,0
ENSG00000253795,0
ENSG00000136999,41
ENSG00000271349,0
ENSG00000253228,0
ENSG00000253554,0
ENSG00000253721,0
ENSG00000164841,56
ENSG00000156804,818
ENSG00000137547,3061
ENSG00000248522,0
ENSG00000253619,0
ENSG00000245330,0
ENSG00000253583,0
ENSG00000253911,6
ENSG00000120992,8741
ENSG00000181171,0
ENSG00000286282,0
ENSG00000254084,0
ENSG00000253814,0
ENSG00000255457,0
ENSG00000287788,0
ENSG00000132561,698
ENSG00000253967,0
ENSG00000254492,0
ENSG00000156509,6
ENSG00000137575,14532
ENSG00000253851,0
ENSG00000253328,0
ENSG00000250929,0
ENSG00000287942,0
ENSG00000255107,0
ENSG00000254124,0
ENSG00000155792,44
ENSG00000255531,0
ENSG00000282321,0
ENSG00000250727,0
ENSG00000253207,0
ENSG00000254102,0
ENSG00000215114,4441
ENSG00000120899,154
ENSG00000215288,0
ENSG00000253845,0
ENSG00000155097,3641
ENSG00000104490,1334
ENSG00000253564,0
ENSG00000253885,0
ENSG00000253942,0
ENSG00000104537,0
ENSG00000023287,4557
ENSG00000248599,0
ENSG00000240271,0
ENSG00000253398,0
ENSG00000165078,0
ENSG00000253726,0
ENSG00000253178,0
ENSG00000254113,0
ENSG00000242970,2
ENSG00000253495,0
ENSG00000155087,0
ENSG00000263443,0
ENSG00000254347,0
ENSG00000241961,0
ENSG00000253717,0
ENSG00000253454,0
ENSG00000253991,0
ENSG00000239917,2
ENSG00000164758,288
ENSG00000254041,0
ENSG00000241942,0
ENSG00000272502,0
ENSG00000271219,0
ENSG00000121039,1187
ENSG00000164961,2461
ENSG00000253821,0
ENSG00000254357,0
ENSG00000253644,0
ENSG00000255310,190
ENSG00000255413,0
ENSG00000147509,288
ENSG00000253556,0
ENSG00000282989,4
ENSG00000230169,0
ENSG00000253173,0
ENSG00000034677,4494
ENSG00000253580,0
ENSG00000272010,95
ENSG00000253322,0
ENSG00000104388,9691
ENSG00000255364,0
ENSG00000287819,0
ENSG00000260368,0
ENSG00000254213,0
ENSG00000104375,1209
ENSG00000147614,3
ENSG00000286362,0
ENSG00000261087,52
ENSG00000286701,0
ENSG00000283157,0
ENSG00000254253,0
ENSG00000254343,0
ENSG00000254334,0
ENSG00000253629,0
ENSG00000184156,20
ENSG00000285890,0
ENSG00000213873,0
ENSG00000254275,0
ENSG00000253651,0
ENSG00000253124,0
ENSG00000254112,0
ENSG00000248838,0
ENSG00000253479,0
ENSG00000272479,2
ENSG00000198846,4119
ENSG00000153317,6789
ENSG00000180828,8
ENSG00000253656,0
ENSG00000147676,111
ENSG00000253994,0
ENSG00000182674,0
ENSG00000213003,0
ENSG00000287949,0
ENSG00000176853,5954
ENSG00000253318,0
ENSG00000283674,0
ENSG00000253544,0
ENSG00000155926,0
ENSG00000242206,0
ENSG00000287736,0
ENSG00000046889,3109
ENSG00000287467,10
ENSG00000253111,24
ENSG00000254065,0
ENSG00000254037,0
ENSG00000227514,0
ENSG00000286034,0
ENSG00000184374,0
ENSG00000227753,0
ENSG00000287230,0
ENSG00000235165,0
ENSG00000286937,0
ENSG00000253756,0
ENSG00000259820,66
ENSG00000156787,447
ENSG00000287826,0
ENSG00000169946,467
ENSG00000254178,0
ENSG00000253621,0
ENSG00000253434,0
ENSG00000253972,0
ENSG00000253877,0
ENSG00000254557,0
ENSG00000243939,0
ENSG00000283686,0
ENSG00000254294,0
ENSG00000254081,0
ENSG00000169439,20300
ENSG00000255130,0
ENSG00000205038,16
ENSG00000253782,0
ENSG00000083307,0
ENSG00000254230,0
ENSG00000158106,160
ENSG00000225885,0
ENSG00000286337,0
ENSG00000254394,0
ENSG00000280725,0
ENSG00000254028,0
ENSG00000248231,0
ENSG00000147592,346
ENSG00000198576,32
ENSG00000243761,0
ENSG00000067167,16328
ENSG00000167656,0
ENSG00000254278,0
ENSG00000288067,0
ENSG00000140396,1989
ENSG00000042832,49
ENSG00000255033,0
ENSG00000253407,0
ENSG00000164930,502
ENSG00000164764,34
ENSG00000253672,0
ENSG00000184428,414
ENSG00000241105,0
ENSG00000241204,0
ENSG00000104499,0
ENSG00000271113,0
ENSG00000278898,0
ENSG00000253561,0
ENSG00000253433,0
ENSG00000253143,0
ENSG00000253156,0
ENSG00000270137,0
ENSG00000253728,0
ENSG00000234616,1408
ENSG00000197353,0
ENSG00000283992,0
ENSG00000253521,0
ENSG00000179142,0
ENSG00000253627,0
ENSG00000281641,0
ENSG00000277576,0
ENSG00000261044,0
ENSG00000287201,0
ENSG00000253421,0
ENSG00000254255,0
ENSG00000147655,8
ENSG00000254313,0
ENSG00000254389,118
ENSG00000225259,22
ENSG00000279518,0
ENSG00000253715,0
ENSG00000232722,0
ENSG00000253165,0
ENSG00000249917,0
ENSG00000254083,0
ENSG00000240237,0
ENSG00000253153,0
ENSG00000171045,89
ENSG00000126233,0
ENSG00000223697,0
ENSG00000271240,0
ENSG00000008513,362
ENSG00000155897,214
ENSG00000253259,0
ENSG00000253593,0
ENSG00000283197,0
ENSG00000261693,6
ENSG00000286535,8
ENSG00000253970,0
ENSG00000254249,0
ENSG00000180155,93
ENSG00000286122,0
ENSG00000284505,0
ENSG00000178764,845
ENSG00000248492,0
ENSG00000286266,0
ENSG00000253824,0
ENSG00000253992,0
ENSG00000261710,0
ENSG00000253286,14
ENSG00000259631,0
ENSG00000206144,0
ENSG00000254227,0
ENSG00000253868,0
ENSG00000253470,0
ENSG00000271560,0
ENSG00000147604,117428
ENSG00000253916,0
ENSG00000104324,12
ENSG00000283176,0
ENSG00000136986,4097
ENSG00000253607,0
ENSG00000066855,2422
ENSG00000255000,0
ENSG00000287332,0
ENSG00000253372,0
ENSG00000250563,3
ENSG00000253541,14
ENSG00000253668,2
ENSG00000253841,0
ENSG00000287677,0
ENSG00000164796,6
ENSG00000160886,0
ENSG00000254348,0
ENSG00000254431,0
ENSG00000130193,242
ENSG00000251218,0
ENSG00000164929,1572
ENSG00000255325,0
ENSG00000167653,0
ENSG00000253949,0
ENSG00000172164,1610
ENSG00000047249,2383
ENSG00000271048,0
ENSG00000254183,0
ENSG00000255206,0
ENSG00000228224,8
ENSG00000286946,0
ENSG00000254150,0
ENSG00000248720,0
ENSG00000253806,0
ENSG00000250290,0
ENSG00000244413,0
ENSG00000272456,0
ENSG00000156831,1316
ENSG00000240919,0
ENSG00000255366,0
ENSG00000181195,0
ENSG00000253679,0
ENSG00000287479,0
ENSG00000253282,0
ENSG00000182307,3440
ENSG00000272037,17
ENSG00000240870,0
ENSG00000066827,177
ENSG00000156795,1292
ENSG00000253923,0
ENSG00000254332,14
ENSG00000248690,2
ENSG00000254241,0
ENSG00000253373,0
ENSG00000254209,0
ENSG00000255122,21
ENSG00000104332,2816
ENSG00000147573,4
ENSG00000147571,94
ENSG00000173334,304
ENSG00000253107,0
ENSG00000170961,44
ENSG00000254008,0
ENSG00000254388,0
ENSG00000253956,0
ENSG00000156802,5764
ENSG00000253122,0
ENSG00000239872,0
ENSG00000222589,0
ENSG00000242079,0
ENSG00000206661,0
ENSG00000222546,0
ENSG00000263407,0
ENSG00000239078,0
ENSG00000197334,0
ENSG00000284321,0
ENSG00000263616,0
ENSG00000207244,0
ENSG00000207415,0
ENSG00000201815,0
ENSG00000263762,0
ENSG00000212433,0
ENSG00000200713,0
ENSG00000264512,0
ENSG00000283210,0
ENSG00000207128,0
ENSG00000266206,0
ENSG00000207701,0
ENSG00000283523,0
ENSG00000200630,0
ENSG00000252179,0
ENSG00000264092,0
ENSG00000222267,2
ENSG00000207600,0
ENSG00000206996,0
ENSG00000201157,0
ENSG00000207027,0
ENSG00000201761,0
ENSG00000252264,0
ENSG00000206950,0
ENSG00000252035,0
ENSG00000199127,0
ENSG00000274988,0
ENSG00000252067,0
ENSG00000264788,0
ENSG00000240189,0
ENSG00000239175,0
ENSG00000200719,0
ENSG00000252505,0
ENSG00000221616,0
ENSG00000199620,0
ENSG00000263794,0
ENSG00000252735,0
ENSG00000206871,0
ENSG00000238936,0
ENSG00000276685,0
ENSG00000252710,0
ENSG00000222099,0
ENSG00000206867,0
ENSG00000239039,0
ENSG00000274467,0
ENSG00000277418,0
ENSG00000199640,0
ENSG00000251835,5
ENSG00000201316,0
ENSG00000263372,0
ENSG00000206852,0
ENSG00000200528,6
ENSG00000276353,0
ENSG00000200986,0
ENSG00000222955,0
ENSG00000201231,0
ENSG00000201763,0
ENSG00000252358,0
ENSG00000202265,0
ENSG00000206975,0
ENSG00000239580,0
ENSG00000252210,0
ENSG00000212473,0
ENSG00000200714,36
ENSG00000222205,0
ENSG00000206853,0
ENSG00000222889,0
ENSG00000277740,0
ENSG00000207816,0
ENSG00000243532,0
ENSG00000252594,0
ENSG00000275128,0
ENSG00000223220,0
ENSG00000252509,0
ENSG00000252057,0
ENSG00000206649,0
ENSG00000239184,0
ENSG00000238808,0
ENSG00000252884,0
ENSG00000223293,0
ENSG00000222231,0
ENSG00000251904,0
ENSG00000277604,0
ENSG00000199405,0
ENSG00000277063,0
ENSG00000265588,0
ENSG00000207036,0
ENSG00000206701,0
ENSG00000202095,0
ENSG00000202112,0
ENSG00000284288,0
ENSG00000242315,0
ENSG00000252935,0
ENSG00000252755,0
ENSG00000207215,0
ENSG00000222416,0
ENSG00000239211,0
ENSG00000207378,0
ENSG00000200151,0
ENSG00000241550,0
ENSG00000276673,0
ENSG00000207067,0
ENSG00000202310,0
ENSG00000199667,0
ENSG00000265657,0
ENSG00000212414,0
ENSG00000221387,0
ENSG00000202399,6
ENSG00000221753,0
ENSG00000252558,0
ENSG00000252593,0
ENSG00000206719,0
ENSG00000266756,0
ENSG00000275041,0
ENSG00000200806,0
ENSG00000265599,0
ENSG00000199450,0
ENSG00000207334,0
ENSG00000206776,0
ENSG00000251840,0
ENSG00000239115,0
ENSG00000199354,0
ENSG00000244033,0
ENSG00000242170,0
ENSG00000240151,0
ENSG00000238399,0
ENSG00000201782,0
ENSG00000252297,10
ENSG00000276193,0
ENSG00000276479,0
ENSG00000283172,0
ENSG00000252158,0
ENSG00000202360,0
ENSG00000244642,0
ENSG00000252852,0
ENSG00000207582,0
ENSG00000207704,0
ENSG00000199153,0
ENSG00000222795,0
ENSG00000199732,0
ENSG00000202356,0
ENSG00000238372,0
ENSG00000212273,0
ENSG00000278374,1
ENSG00000265247,0
ENSG00000222146,0
ENSG00000276961,0
ENSG00000266712,0
ENSG00000221261,0
ENSG00000221768,0
ENSG00000238901,0
ENSG00000206695,0
ENSG00000253602,0
ENSG00000212221,0
ENSG00000276140,0
ENSG00000277732,0
ENSG00000278454,0
ENSG00000271555,2
ENSG00000288611,0
ENSG00000248911,0
ENSG00000147535,1297
ENSG00000147548,4800
ENSG00000255487,0
ENSG00000254898,0
ENSG00000272092,6
ENSG00000272159,2
ENSG00000255201,0
ENSG00000239218,22
ENSG00000196166,0
ENSG00000253570,18
ENSG00000254321,6
ENSG00000207258,0
ENSG00000253574,0
ENSG00000250733,0
ENSG00000278324,0
ENSG00000221771,0
ENSG00000207110,0
ENSG00000283200,0
ENSG00000278275,0
ENSG00000222501,0
ENSG00000221176,0
ENSG00000280055,0
ENSG00000269954,0
ENSG00000170983,0
ENSG00000227203,1
ENSG00000079459,21864
ENSG00000255046,0
ENSG00000255144,0
ENSG00000199985,0
ENSG00000274489,0
ENSG00000243503,0
ENSG00000219491,0
ENSG00000254238,0
ENSG00000253712,0
ENSG00000253229,0
ENSG00000254023,0
ENSG00000249395,0
ENSG00000104415,0
ENSG00000243537,0
ENSG00000253638,0
ENSG00000160882,0
ENSG00000129696,805
ENSG00000205268,2092
ENSG00000104450,214
ENSG00000104435,2400
ENSG00000154328,1539
ENSG00000104369,74
ENSG00000253596,4
ENSG00000207417,0
ENSG00000266502,0
ENSG00000283505,0
ENSG00000254349,0
ENSG00000253341,41
ENSG00000254080,0
ENSG00000283188,0
ENSG00000253777,0
ENSG00000253944,0
ENSG00000253671,0
ENSG00000104760,4
ENSG00000253215,0
ENSG00000254054,0
ENSG00000104763,6222
ENSG00000253384,4
ENSG00000286542,5
ENSG00000254015,0
ENSG00000237810,0
ENSG00000285971,16
ENSG00000254050,9
ENSG00000253975,8
ENSG00000287105,0
ENSG00000253517,0
ENSG00000253431,0
ENSG00000240915,0
ENSG00000253121,0
ENSG00000137561,95
ENSG00000253555,4
ENSG00000185728,10312
ENSG00000261542,32
ENSG00000241964,0
ENSG00000253706,0
ENSG00000137558,372
ENSG00000254043,0
ENSG00000104381,1845
ENSG00000277586,12448
ENSG00000283327,0
ENSG00000253832,0
ENSG00000288055,0
ENSG00000253225,0
ENSG00000222755,0
ENSG00000253926,0
ENSG00000263763,0
ENSG00000285108,0
ENSG00000224110,0
ENSG00000147697,0
ENSG00000284054,0
ENSG00000260428,0
ENSG00000185122,1315
ENSG00000185000,357
ENSG00000254690,0
ENSG00000284229,0
ENSG00000261678,202
ENSG00000271698,0
ENSG00000182325,114
ENSG00000173137,56
ENSG00000071894,1675
ENSG00000284310,0
ENSG00000284139,0
ENSG00000283770,0
ENSG00000272115,3
ENSG00000147804,6
ENSG00000160948,1974
ENSG00000261236,1096
ENSG00000185803,453
ENSG00000171428,44
ENSG00000253937,0
ENSG00000244593,0
ENSG00000285624,0
ENSG00000271654,0
ENSG00000250494,0
ENSG00000254687,4
ENSG00000260484,0
ENSG00000274295,0
ENSG00000022567,268
ENSG00000280035,0
ENSG00000253307,2
ENSG00000254019,0
ENSG00000254197,0
ENSG00000254291,0
ENSG00000253595,0
ENSG00000261655,0
ENSG00000204882,0
ENSG00000244998,0
ENSG00000271959,0
ENSG00000238854,0
ENSG00000253605,0
ENSG00000240905,0
ENSG00000241997,0
ENSG00000236814,6
ENSG00000238650,0
ENSG00000253603,0
ENSG00000248578,22
ENSG00000172680,0
ENSG00000221093,0
ENSG00000181690,62
ENSG00000170791,446
ENSG00000272343,42
ENSG00000254216,0
ENSG00000104419,94
ENSG00000133742,6
ENSG00000176209,1346
ENSG00000104447,1122
ENSG00000120910,387
ENSG00000254673,0
ENSG00000168522,1767
ENSG00000200731,0
ENSG00000254198,0
ENSG00000165102,2322
ENSG00000253611,0
ENSG00000253884,0
ENSG00000255166,0
ENSG00000253312,0
ENSG00000253186,0
ENSG00000253606,0
ENSG00000234713,0
ENSG00000253707,0
ENSG00000188877,0
ENSG00000238509,0
ENSG00000255497,0
ENSG00000254342,0
ENSG00000201329,0
ENSG00000168333,0
ENSG00000198010,39
ENSG00000185900,6528
ENSG00000129292,2524
ENSG00000136960,1006
ENSG00000165046,132
ENSG00000214814,131
ENSG00000261787,0
ENSG00000253223,2
ENSG00000121022,1731
ENSG00000252637,0
ENSG00000250869,0
ENSG00000066777,2850
ENSG00000287214,0
ENSG00000271966,19
ENSG00000181135,132
ENSG00000181097,4
ENSG00000255181,0
ENSG00000254574,0
ENSG00000181085,29
ENSG00000254548,0
ENSG00000180921,32
ENSG00000265660,2
ENSG00000254973,0
ENSG00000180900,2438
ENSG00000284224,0
ENSG00000287222,252
ENSG00000255343,0
ENSG00000185189,467
ENSG00000284142,0
ENSG00000285599,0
ENSG00000261150,12
ENSG00000288096,0
ENSG00000207574,0
ENSG00000178685,48
ENSG00000178719,4880
ENSG00000186583,0
ENSG00000178814,2
ENSG00000277888,0
ENSG00000284200,0
ENSG00000179091,1804
ENSG00000179526,428
ENSG00000179632,2053
ENSG00000179698,0
ENSG00000235173,487
ENSG00000227473,45
ENSG00000254307,0
ENSG00000164941,2108
ENSG00000272509,4
ENSG00000243979,0
ENSG00000164938,16871
ENSG00000253528,0
ENSG00000175073,2884
ENSG00000201365,0
ENSG00000288596,117
ENSG00000288602,0
ENSG00000104205,21
ENSG00000213005,0
ENSG00000178460,2
ENSG00000254341,0
ENSG00000147364,2069
ENSG00000272293,25
ENSG00000279852,6
ENSG00000174417,20
ENSG00000250267,0
ENSG00000120533,5236
ENSG00000254185,2
ENSG00000120526,2189
ENSG00000254364,0
ENSG00000186106,2249
ENSG00000251013,2
ENSG00000174226,2
ENSG00000253740,0
ENSG00000252764,0
ENSG00000284570,0
ENSG00000221527,0
ENSG00000202001,0
ENSG00000242399,0
ENSG00000070756,60703
ENSG00000253408,0
ENSG00000240395,50
ENSG00000230948,0
ENSG00000253754,0
ENSG00000243287,0
ENSG00000104412,912
ENSG00000253657,0
ENSG00000275078,0
ENSG00000169427,5
ENSG00000274064,0
ENSG00000259891,23
ENSG00000104472,1159
ENSG00000104408,34977
ENSG00000008988,47845
ENSG00000164733,4107
ENSG00000253586,0
ENSG00000253829,0
ENSG00000169499,377
ENSG00000253645,0
ENSG00000169495,0
ENSG00000169490,3061
ENSG00000207199,0
ENSG00000197140,24
ENSG00000243095,0
ENSG00000253160,0
ENSG00000260838,0
ENSG00000147601,3236
ENSG00000222488,0
ENSG00000272254,0
ENSG00000253636,6
ENSG00000137563,3891
ENSG00000104218,268
ENSG00000083168,5350
ENSG00000238966,0
ENSG00000244235,0
ENSG00000253135,0
ENSG00000271938,5
ENSG00000261449,0
ENSG00000070718,1828
ENSG00000104368,578
ENSG00000070501,1164
ENSG00000104371,0
ENSG00000078668,6822
ENSG00000237586,0
ENSG00000183665,676
ENSG00000170881,3004
ENSG00000147687,1046
ENSG00000253106,141
ENSG00000284087,0
ENSG00000147684,2471
ENSG00000170873,3763
ENSG00000263735,0
ENSG00000283609,0
ENSG00000250428,0
ENSG00000104687,2862
ENSG00000104691,914
ENSG00000271081,0
ENSG00000104695,8590
ENSG00000133863,197
ENSG00000253204,0
ENSG00000287095,0
ENSG00000165071,0
ENSG00000168615,18002
ENSG00000185942,15177
ENSG00000105339,72
ENSG00000203499,8
ENSG00000177570,104
ENSG00000104635,2239
ENSG00000158806,0
ENSG00000158815,0
ENSG00000158863,556
ENSG00000275074,46
ENSG00000168453,12
ENSG00000168476,318
ENSG00000168481,0
ENSG00000168487,1206
ENSG00000285881,0
ENSG00000168490,42
ENSG00000168495,2201
ENSG00000254064,28
ENSG00000197181,0
ENSG00000241026,0
ENSG00000253415,0
ENSG00000254312,0
ENSG00000223281,0
ENSG00000271930,0
ENSG00000229625,0
ENSG00000253180,0
ENSG00000253562,0
ENSG00000253532,0
ENSG00000236583,0
ENSG00000237704,0
ENSG00000225017,0
ENSG00000206699,0
ENSG00000207804,0
ENSG00000216069,0
ENSG00000243254,0
ENSG00000235683,0
ENSG00000253539,0
ENSG00000253912,0
ENSG00000164919,4596
ENSG00000287952,0
ENSG00000176623,1842
ENSG00000250569,0
ENSG00000254088,0
ENSG00000085719,8319
ENSG00000253292,0
ENSG00000233915,0
ENSG00000254115,0
ENSG00000253778,0
ENSG00000253568,0
ENSG00000205333,0
ENSG00000227013,0
ENSG00000253881,0
ENSG00000284603,0
ENSG00000284606,0
ENSG00000284661,0
ENSG00000255459,0
ENSG00000221305,0
ENSG00000244427,0
ENSG00000254311,0
ENSG00000249188,0
ENSG00000253893,0
ENSG00000268955,0
ENSG00000170289,0
ENSG00000168484,0
ENSG00000213708,0
ENSG00000254021,0
ENSG00000253582,18
ENSG00000253676,0
ENSG00000251892,0
ENSG00000174429,0
ENSG00000104290,38661
ENSG00000265251,0
ENSG00000202411,0
ENSG00000246339,12
ENSG00000104299,954
ENSG00000254034,0
ENSG00000242958,0
ENSG00000273710,0
ENSG00000104365,703
ENSG00000243171,0
ENSG00000251003,6
ENSG00000253420,0
ENSG00000254141,0
ENSG00000243601,0
ENSG00000253526,0
ENSG00000201627,0
ENSG00000164830,2900
ENSG00000275905,0
ENSG00000287289,0
ENSG00000254146,0
ENSG00000287208,0
ENSG00000286766,0
ENSG00000184489,416
ENSG00000287325,0
ENSG00000170786,0
ENSG00000175305,1210
ENSG00000176269,0
ENSG00000180053,0
ENSG00000180190,752
ENSG00000147650,4755
ENSG00000253854,55
ENSG00000253722,0
ENSG00000279331,28
ENSG00000253848,0
ENSG00000253931,2
ENSG00000254338,0
ENSG00000182759,12
ENSG00000014164,516
ENSG00000287576,21
ENSG00000254859,0
ENSG00000275558,0
ENSG00000104518,20
ENSG00000204839,4
ENSG00000255050,1
ENSG00000147813,0
ENSG00000279605,0
ENSG00000254741,0
ENSG00000179886,287
ENSG00000104524,280
ENSG00000104522,1156
ENSG00000183309,2438
ENSG00000164953,1490
ENSG00000253382,0
ENSG00000155090,2332
ENSG00000250684,0
ENSG00000253669,0
ENSG00000253385,0
ENSG00000253320,73
ENSG00000253263,0
ENSG00000244052,0
ENSG00000201216,0
ENSG00000215262,0
ENSG00000254038,0
ENSG00000253650,0
ENSG00000132549,1225
ENSG00000196378,138
ENSG00000244307,0
ENSG00000161016,39011
ENSG00000283764,0
ENSG00000170619,436
ENSG00000286681,32
ENSG00000196150,959
ENSG00000170631,356
ENSG00000255164,0
ENSG00000254618,0
ENSG00000255559,2
ENSG00000255530,0
ENSG00000253793,0
ENSG00000253579,0
ENSG00000179832,215
ENSG00000182197,2491
ENSG00000236827,0
ENSG00000239315,0
ENSG00000249316,0
ENSG00000280273,16
ENSG00000104643,2589
ENSG00000246477,7
ENSG00000177710,0
ENSG00000154316,0
ENSG00000255020,0
ENSG00000184608,0
ENSG00000242483,0
ENSG00000199368,0
ENSG00000154319,54
ENSG00000284957,0
ENSG00000286985,20
ENSG00000254948,0
ENSG00000287755,0
ENSG00000287798,0
ENSG00000205884,0
ENSG00000255174,0
ENSG00000254507,0
ENSG00000255016,0
ENSG00000254817,0
ENSG00000254700,0
ENSG00000233050,0
ENSG00000252029,0
ENSG00000255544,0
ENSG00000254923,0
ENSG00000226430,0
ENSG00000254866,8
ENSG00000283576,0
ENSG00000254265,0
ENSG00000182372,919
ENSG00000282021,10
ENSG00000283239,0
ENSG00000283858,0
ENSG00000287464,0
ENSG00000207826,0
ENSG00000104728,8
ENSG00000285957,0
ENSG00000253696,7
ENSG00000176595,1350
ENSG00000270988,0
ENSG00000253805,0
ENSG00000036448,193
ENSG00000273593,0
ENSG00000287970,0
ENSG00000076554,608
ENSG00000185697,475
ENSG00000120896,492
ENSG00000164756,2
ENSG00000205883,0
ENSG00000206047,0
ENSG00000172748,381
ENSG00000272812,43
ENSG00000272240,20
ENSG00000273402,0
ENSG00000254104,0
ENSG00000249868,0
ENSG00000182366,0
ENSG00000177725,0
ENSG00000147647,0
ENSG00000164935,0
ENSG00000179577,0
ENSG00000279138,23
ENSG00000208032,0
ENSG00000175946,0
ENSG00000253550,0
ENSG00000091879,16
ENSG00000288076,0
ENSG00000271743,61
ENSG00000276580,0
ENSG00000155189,11791
ENSG00000266038,0
ENSG00000283386,0
ENSG00000136574,0
ENSG00000147316,1277
ENSG00000205293,0
ENSG00000253376,0
ENSG00000253523,0
ENSG00000253116,0
ENSG00000242595,0
ENSG00000288041,0
ENSG00000253281,3
ENSG00000286578,0
ENSG00000169122,1501
ENSG00000252535,0
ENSG00000254623,0
ENSG00000215339,0
ENSG00000227888,4
ENSG00000254423,0
ENSG00000255556,0
ENSG00000242296,0
ENSG00000270074,6
ENSG00000251402,0
ENSG00000250794,0
ENSG00000255549,0
ENSG00000270154,30
ENSG00000131203,0
ENSG00000253939,0
ENSG00000253838,0
ENSG00000254287,0
ENSG00000253790,0
ENSG00000253381,0
ENSG00000132294,6142
ENSG00000253117,0
ENSG00000258417,0
ENSG00000147679,1540
ENSG00000253327,0
ENSG00000283956,0
ENSG00000205002,40
ENSG00000240116,0
ENSG00000245025,9
ENSG00000008853,1009
ENSG00000120889,6531
ENSG00000246130,50
ENSG00000253616,0
ENSG00000284948,0
ENSG00000284956,0
ENSG00000173535,0
ENSG00000173530,38
ENSG00000104689,2
ENSG00000253930,0
ENSG00000243265,0
ENSG00000246582,4
ENSG00000250714,0
ENSG00000147457,2239
ENSG00000132297,0
ENSG00000276598,0
ENSG00000232600,2
ENSG00000254578,0
ENSG00000167702,75
ENSG00000160973,20
ENSG00000160972,185
ENSG00000255182,0
ENSG00000167701,0
ENSG00000167700,79
ENSG00000160957,339
ENSG00000265393,0
ENSG00000160959,357
ENSG00000254402,0
ENSG00000213563,279
ENSG00000255456,0
ENSG00000274772,0
ENSG00000254533,0
ENSG00000263612,0
ENSG00000198169,348
ENSG00000197363,207
ENSG00000104755,0
ENSG00000147677,14726
ENSG00000187955,218
ENSG00000187735,12874
ENSG00000129295,134
ENSG00000104497,481
ENSG00000147439,445
ENSG00000132554,0
ENSG00000183117,168
ENSG00000160949,276
ENSG00000156466,0
ENSG00000241852,156
ENSG00000156011,10277
ENSG00000188343,1213
ENSG00000167904,2379
ENSG00000048392,6008
ENSG00000164754,20770
ENSG00000274443,0
ENSG00000181790,76
ENSG00000178209,4865
ENSG00000201896,0
ENSG00000279347,3
ENSG00000064313,3080
ENSG00000104343,4597
ENSG00000253273,0
ENSG00000272469,3
ENSG00000251633,0
ENSG00000154582,4168
ENSG00000175606,1552
ENSG00000244295,0
ENSG00000253833,2
ENSG00000154589,34
ENSG00000212348,0
ENSG00000254288,0
ENSG00000240047,0
ENSG00000212485,0
ENSG00000253115,0
ENSG00000178125,26
ENSG00000183808,2377
ENSG00000147789,430
ENSG00000172733,502
ENSG00000208037,0
ENSG00000254314,1
ENSG00000253551,0
ENSG00000253924,0
ENSG00000240534,0
ENSG00000196711,0
ENSG00000147443,0
ENSG00000130227,5006
ENSG00000253270,0
ENSG00000253463,0
ENSG00000287657,0
ENSG00000221461,0
ENSG00000253258,0
ENSG00000253410,0
ENSG00000266324,0
ENSG00000189376,157
ENSG00000259305,0
ENSG00000243498,0
ENSG00000165156,2314
ENSG00000222607,0
ENSG00000253336,0
ENSG00000147689,0
ENSG00000265520,0
ENSG00000253168,0
ENSG00000212280,0
ENSG00000129422,2218
ENSG00000104529,1838
ENSG00000145002,12
ENSG00000164920,0
ENSG00000158941,2634
ENSG00000015592,1605
ENSG00000253859,0
ENSG00000147588,214
ENSG00000205186,0
ENSG00000170323,0
ENSG00000253374,3
ENSG00000237264,34
ENSG00000254151,0
ENSG00000240427,0
ENSG00000205184,0
ENSG00000133731,2334
ENSG00000288964,0
ENSG00000289275,0
ENSG00000289603,12
ENSG00000254254,4
ENSG00000255494,0
ENSG00000289316,0
ENSG00000246263,36
ENSG00000254153,0
ENSG00000289411,0
ENSG00000253507,0
ENSG00000288818,2
ENSG00000289242,0
ENSG00000289334,1
ENSG00000254139,0
ENSG00000254277,0
ENSG00000253394,0
ENSG00000288897,0
ENSG00000289584,12
ENSG00000289145,0
ENSG00000288966,12
ENSG00000289284,0
ENSG00000289357,234
ENSG00000289094,138
ENSG00000253598,38
ENSG00000280193,38
ENSG00000104231,842
ENSG00000164695,4
ENSG00000253334,0
ENSG00000231942,0
ENSG00000253133,5
ENSG00000253943,0
ENSG00000147536,654
ENSG00000253174,0
ENSG00000287535,0
ENSG00000158669,2250
ENSG00000264578,0
ENSG00000147533,786
ENSG00000147799,424
ENSG00000158856,116
ENSG00000253332,0
ENSG00000253233,0
ENSG00000188676,0
ENSG00000254143,0
ENSG00000253665,0
ENSG00000176907,74
ENSG00000223443,0
ENSG00000254095,0
ENSG00000253275,0
ENSG00000287204,0
ENSG00000222468,0
ENSG00000286648,0
ENSG00000253974,0
ENSG00000252261,0
ENSG00000200246,0
ENSG00000254049,0
ENSG00000286131,0
ENSG00000212407,0
ENSG00000254346,0
ENSG00000254090,0
ENSG00000253393,0
ENSG00000136573,0
ENSG00000012232,18302
ENSG00000261587,0
ENSG00000207450,0
ENSG00000287959,0
ENSG00000222522,0
ENSG00000169139,7037
ENSG00000253843,0
ENSG00000244791,4
ENSG00000253427,0
ENSG00000253220,0
ENSG00000207138,0
ENSG00000253530,0
ENSG00000168672,13672
ENSG00000253543,0
ENSG00000212451,0
ENSG00000253573,2
ENSG00000282961,0
ENSG00000224722,0
ENSG00000287781,0
ENSG00000246228,8
ENSG00000271509,0
ENSG00000280997,0
ENSG00000212993,0
ENSG00000123908,5679
ENSG00000279766,0
ENSG00000280326,0
ENSG00000280303,46
ENSG00000254324,0
ENSG00000279786,0
ENSG00000252864,0
ENSG00000253266,0
ENSG00000255052,122
ENSG00000205879,0
ENSG00000186523,65
ENSG00000255495,36
ENSG00000254527,0
ENSG00000253764,0
ENSG00000288782,0
ENSG00000215343,0
ENSG00000078579,0
ENSG00000155970,404
ENSG00000249258,0
ENSG00000244113,0
ENSG00000164932,21
ENSG00000266289,0
ENSG00000207399,2
ENSG00000285982,0
ENSG00000164934,4504
ENSG00000288945,38
ENSG00000261670,0
ENSG00000271830,0
ENSG00000253477,0
ENSG00000255105,0
ENSG00000254644,0
ENSG00000239344,2
ENSG00000169398,7771
ENSG00000205882,0
ENSG00000289502,0
ENSG00000253250,23
ENSG00000155099,1142
ENSG00000253358,0
ENSG00000254219,0
ENSG00000253738,1295
ENSG00000155100,2466
ENSG00000214954,5
ENSG00000253525,0
ENSG00000266194,0
ENSG00000147606,292
ENSG00000104738,6208
ENSG00000104312,566
ENSG00000253349,0
ENSG00000275103,2
ENSG00000207359,1
ENSG00000164823,1789
ENSG00000104325,3742
ENSG00000104320,4432
ENSG00000287322,0
ENSG00000200525,0
ENSG00000245080,0
ENSG00000254248,0
ENSG00000284147,0
ENSG00000283522,0
ENSG00000207369,0
ENSG00000221869,14
ENSG00000253729,25037
ENSG00000286927,0
ENSG00000285683,0
ENSG00000206678,0
ENSG00000274572,0
ENSG00000285817,0
ENSG00000254076,0
ENSG00000253288,0
ENSG00000254361,0
ENSG00000253988,0
ENSG00000147724,132
ENSG00000169436,1254
ENSG00000253432,0
ENSG00000251744,0
ENSG00000253783,0
ENSG00000254258,0
ENSG00000249368,0
ENSG00000104723,5229
ENSG00000248423,0
ENSG00000250483,2
ENSG00000287476,0
ENSG00000226836,0
ENSG00000253648,0
ENSG00000253388,0
ENSG00000254111,0
ENSG00000254306,0
ENSG00000253344,0
ENSG00000223215,0
ENSG00000183779,92
ENSG00000253181,0
ENSG00000183154,16
ENSG00000147475,3548
ENSG00000233170,14
ENSG00000147471,2319
ENSG00000020181,33
ENSG00000104221,218
ENSG00000280064,0
ENSG00000156675,668
ENSG00000241032,0
ENSG00000169154,0
ENSG00000285880,0
ENSG00000188778,0
ENSG00000270865,0
ENSG00000187840,873
ENSG00000260949,0
ENSG00000286677,0
ENSG00000272128,0
ENSG00000253437,0
ENSG00000240015,0
ENSG00000147465,4
ENSG00000253356,0
ENSG00000175324,572
ENSG00000253739,0
ENSG00000156735,2563
ENSG00000248585,0
ENSG00000285632,4
ENSG00000085788,3149
ENSG00000289104,0
ENSG00000253346,0
ENSG00000254152,0
ENSG00000127589,134
ENSG00000254109,12
ENSG00000157110,375
ENSG00000279041,0
ENSG00000197265,1171
ENSG00000253112,0
ENSG00000253457,106
ENSG00000254172,0
ENSG00000273836,0
ENSG00000120903,0
ENSG00000120915,134
ENSG00000289323,0
ENSG00000234770,0
ENSG00000120885,21967
ENSG00000284280,0
ENSG00000168077,544
ENSG00000222862,0
ENSG00000253560,0
ENSG00000279302,1
ENSG00000265075,0
ENSG00000284351,0
ENSG00000253875,0
ENSG00000147419,3162
ENSG00000171320,2163
ENSG00000202242,0
ENSG00000168078,2620
ENSG00000253176,0
ENSG00000168079,0
ENSG00000265847,0
ENSG00000253290,0
ENSG00000253615,0
ENSG00000253397,0
ENSG00000189233,0
ENSG00000134014,2426
ENSG00000250516,0
ENSG00000253907,0
ENSG00000253690,0
ENSG00000239198,0
ENSG00000168081,0
ENSG00000186918,938
ENSG00000214050,492
ENSG00000286804,1
ENSG00000254370,9
ENSG00000207361,0
ENSG00000253567,0
ENSG00000289741,0
ENSG00000282164,0
ENSG00000167632,966
ENSG00000207201,0
ENSG00000253891,0
ENSG00000042980,8
ENSG00000134028,0
ENSG00000069206,0
ENSG00000253643,0
ENSG00000147488,533
ENSG00000254317,0
ENSG00000243402,0
ENSG00000200075,0
ENSG00000254263,0
ENSG00000253720,0
ENSG00000287195,0
ENSG00000253043,0
ENSG00000264653,0
ENSG00000200304,0
ENSG00000280543,0
ENSG00000212342,0
ENSG00000287127,4
ENSG00000246145,12
ENSG00000179041,931
ENSG00000285655,0
ENSG00000285791,0
ENSG00000147576,0
ENSG00000253623,0
ENSG00000169085,0
ENSG00000206949,0
ENSG00000223327,0
ENSG00000254181,0
ENSG00000243424,0
ENSG00000164684,1546
ENSG00000254331,4
ENSG00000212429,0
ENSG00000243951,0
ENSG00000253516,0
ENSG00000286763,0
ENSG00000283959,16
ENSG00000155096,25813
ENSG00000234120,0
ENSG00000228744,0
ENSG00000254683,0
ENSG00000230106,0
ENSG00000214268,0
ENSG00000231930,0
ENSG00000284614,0
ENSG00000284728,0
ENSG00000255025,0
ENSG00000177306,0
ENSG00000230045,0
ENSG00000233132,0
ENSG00000249005,0
ENSG00000223885,0
ENSG00000215373,0
ENSG00000233295,0
ENSG00000215374,54
ENSG00000230549,0
ENSG00000236125,0
ENSG00000235778,0
ENSG00000215372,0
ENSG00000215371,0
ENSG00000177257,0
ENSG00000255128,0
ENSG00000177243,0
ENSG00000164871,0
ENSG00000177023,0
ENSG00000187082,0
ENSG00000186599,0
ENSG00000198129,0
ENSG00000285659,0
ENSG00000255251,0
ENSG00000285927,0
ENSG00000248944,0
ENSG00000234749,0
ENSG00000233176,0
ENSG00000254796,0
ENSG00000284617,0
ENSG00000284655,0
ENSG00000284698,0
ENSG00000254889,0
ENSG00000254715,0
ENSG00000285862,0
ENSG00000255378,0
ENSG00000254776,0
ENSG00000186572,0
ENSG00000186562,0
ENSG00000186579,0
ENSG00000176782,0
ENSG00000176797,0
ENSG00000254543,0
ENSG00000171711,0
ENSG00000215356,0
ENSG00000229907,0
ENSG00000225725,3
ENSG00000255211,0
ENSG00000237038,0
ENSG00000225327,0
ENSG00000205989,0
ENSG00000233115,0
ENSG00000215354,0
ENSG00000254229,0
ENSG00000147654,1097
ENSG00000289767,0
ENSG00000147642,1508
ENSG00000248050,0
ENSG00000255099,0
ENSG00000283555,0
ENSG00000241385,0
ENSG00000285765,0
ENSG00000285687,0
ENSG00000285975,0
ENSG00000285937,0
ENSG00000285607,0
ENSG00000285720,0
ENSG00000285913,0
ENSG00000285657,0
ENSG00000285814,0
ENSG00000285620,0
ENSG00000285950,0
ENSG00000129691,3096
ENSG00000164944,5353
ENSG00000254315,0
ENSG00000253175,0
ENSG00000254190,0
ENSG00000254283,0
ENSG00000261437,0
ENSG00000104413,0
ENSG00000274701,0
ENSG00000241003,0
ENSG00000253429,0
ENSG00000199701,0
ENSG00000156162,3376
ENSG00000156170,822
ENSG00000253351,0
ENSG00000156172,225
ENSG00000253945,0
ENSG00000253872,0
ENSG00000147408,42
ENSG00000288677,0
ENSG00000178287,0
ENSG00000120913,129
ENSG00000253161,0
ENSG00000259366,161
ENSG00000254290,0
ENSG00000197416,0
ENSG00000255321,0
ENSG00000255289,0
ENSG00000171316,5152
ENSG00000254432,0
ENSG00000287975,2
ENSG00000271377,0
ENSG00000175895,372
ENSG00000272192,6
ENSG00000253196,0
ENSG00000253214,0
ENSG00000272163,104
ENSG00000228801,295
ENSG00000289853,0
ENSG00000289036,0
ENSG00000246528,94
ENSG00000254166,2
ENSG00000253438,63
ENSG00000289622,0
ENSG00000253666,3
ENSG00000254101,116
ENSG00000253741,8
ENSG00000245857,0
ENSG00000228862,12
ENSG00000277332,0
ENSG00000289906,0
ENSG00000287301,0
ENSG00000253773,7
ENSG00000289225,4
ENSG00000289461,0
ENSG00000253414,0
ENSG00000287785,0
ENSG00000289477,0
ENSG00000253553,40
ENSG00000272043,0
ENSG00000288985,0
ENSG00000289405,1
ENSG00000229140,0
ENSG00000272384,1
ENSG00000253661,316
ENSG00000246430,0
ENSG00000289521,0
ENSG00000288761,0
ENSG00000253339,0
ENSG00000289048,0
ENSG00000253369,0
ENSG00000251136,200
ENSG00000253948,46
ENSG00000286113,0
ENSG00000228451,122
ENSG00000253704,8
ENSG00000289338,0
ENSG00000253745,0
ENSG00000254377,2
ENSG00000251396,115
ENSG00000253230,6
ENSG00000254002,0
ENSG00000288756,10
ENSG00000271869,52
ENSG00000289050,5
ENSG00000270673,6
ENSG00000247317,10
ENSG00000289473,0
ENSG00000253819,14
ENSG00000253633,2
ENSG00000245164,15
ENSG00000290005,1
ENSG00000253982,580
ENSG00000254339,0
ENSG00000247081,11
ENSG00000204949,0
ENSG00000248538,20
ENSG00000249859,74
ENSG00000253844,0
ENSG00000261220,12
ENSG00000253210,6
ENSG00000236939,10
ENSG00000290028,0
ENSG00000285675,0
ENSG00000272157,7
ENSG00000249898,305
ENSG00000289095,21
ENSG00000289382,0
ENSG00000253154,2
ENSG00000288752,14
ENSG00000246089,124
ENSG00000246366,0
ENSG00000254092,0
ENSG00000167912,682
ENSG00000245910,1610
ENSG00000253796,0
ENSG00000253500,0
ENSG00000253401,0
ENSG00000251563,0
ENSG00000254376,0
ENSG00000176571,0
ENSG00000153310,3726
ENSG00000253361,14
ENSG00000077782,4590
ENSG00000204791,6
ENSG00000255224,59
ENSG00000289263,0
ENSG00000226807,0
ENSG00000226490,0
ENSG00000255491,2
ENSG00000249816,2
ENSG00000255313,0
ENSG00000286955,0
ENSG00000180938,56
ENSG00000253513,0
ENSG00000104549,18856
ENSG00000253167,0
ENSG00000290230,0
ENSG00000178896,8
ENSG00000289161,0
ENSG00000254812,4
ENSG00000147434,0
ENSG00000131931,573
ENSG00000286837,0
ENSG00000120925,1444
ENSG00000242719,0
ENSG00000284062,0
ENSG00000202514,0
ENSG00000168172,4254
ENSG00000179950,4507
ENSG00000287052,0
ENSG00000272138,0
ENSG00000238884,0
ENSG00000254372,0
ENSG00000131773,614
ENSG00000253915,2
ENSG00000199652,0
ENSG00000253287,0
ENSG00000200191,0
ENSG00000214803,0
ENSG00000206724,0
ENSG00000253227,0
ENSG00000245149,36
ENSG00000164983,3694
ENSG00000197858,738
ENSG00000288735,0
ENSG00000260253,16
ENSG00000078674,5632
ENSG00000245281,12
ENSG00000165066,0
ENSG00000289921,0
ENSG00000274705,0
ENSG00000283450,0
ENSG00000253389,0
ENSG00000289514,0
ENSG00000207101,0
ENSG00000260588,0
ENSG00000241834,0
ENSG00000248498,0
ENSG00000290398,0
ENSG00000206014,0
ENSG00000290828,0
ENSG00000284610,0
ENSG00000290829,0
ENSG00000255085,2
ENSG00000251521,0
ENSG00000290914,0
ENSG00000253981,0
ENSG00000291048,2
ENSG00000173295,0
ENSG00000291049,21
ENSG00000196922,0
ENSG00000291080,737
ENSG00000029534,90
ENSG00000003987,83
ENSG00000214607,0
ENSG00000003989,138
ENSG00000279271,0
ENSG00000280453,0
ENSG00000279903,0
ENSG00000279932,0
ENSG00000104213,12
ENSG00000277466,0
ENSG00000287303,0
ENSG00000254285,0
ENSG00000222898,0
ENSG00000264408,0
ENSG00000251127,0
ENSG00000198363,9323
ENSG00000176406,98
ENSG00000171033,7808
ENSG00000260398,187
ENSG00000286675,0
ENSG00000104432,0
ENSG00000254352,2
ENSG00000253919,10
ENSG00000261618,0
ENSG00000104427,1287
ENSG00000253971,2
ENSG00000160932,628
ENSG00000177335,23
ENSG00000250115,0
ENSG00000243328,0
ENSG00000176956,179
ENSG00000277494,0
ENSG00000181638,105
ENSG00000264668,0
ENSG00000250571,61
ENSG00000253716,82
ENSG00000185730,303
ENSG00000272172,0
ENSG00000289653,0
ENSG00000147526,1544
ENSG00000154188,252
ENSG00000120875,9681
ENSG00000178860,15
ENSG00000164683,2868
ENSG00000240247,0
ENSG00000232039,0
ENSG00000239839,0
ENSG00000234178,0
ENSG00000206042,0
ENSG00000164816,0
ENSG00000255273,0
ENSG00000284620,0
ENSG00000290357,2
ENSG00000206034,0
ENSG00000271202,0
ENSG00000229182,0
ENSG00000079102,209
ENSG00000253576,0
ENSG00000233778,0
ENSG00000291308,0
ENSG00000291309,0
ENSG00000261667,0
ENSG00000157168,1172
ENSG00000247134,286
ENSG00000290885,0
ENSG00000187954,255
ENSG00000291316,0
ENSG00000291317,68
ENSG00000082556,0
ENSG00000286010,0
ENSG00000249375,0
ENSG00000136997,35978
ENSG00000283710,0
ENSG00000164933,20
ENSG00000199212,0
ENSG00000276605,0
ENSG00000286471,0
ENSG00000244107,0
ENSG00000164736,0
ENSG00000274310,0
ENSG00000270275,0
ENSG00000104237,0
ENSG00000226098,2
ENSG00000253114,0
ENSG00000286348,0
ENSG00000233575,0
ENSG00000281769,0
ENSG00000224836,0
ENSG00000228783,0
ENSG00000147853,5574
ENSG00000120158,939
ENSG00000206147,36
ENSG00000178654,0
ENSG00000225893,0
ENSG00000237274,0
ENSG00000220937,0
ENSG00000106993,1746
ENSG00000231108,0
ENSG00000224972,0
ENSG00000235533,0
ENSG00000278754,0
ENSG00000287465,0
ENSG00000226470,0
ENSG00000231491,0
ENSG00000228810,0
ENSG00000233186,0
ENSG00000286684,0
ENSG00000183354,1355
ENSG00000236594,0
ENSG00000287759,0
ENSG00000227607,0
ENSG00000106688,30
ENSG00000237158,0
ENSG00000228165,0
ENSG00000205808,636
ENSG00000044459,724
ENSG00000234146,0
ENSG00000213362,16
ENSG00000226597,0
ENSG00000188133,0
ENSG00000288556,1
ENSG00000273056,0
ENSG00000137040,5607
ENSG00000233846,6
ENSG00000147885,0
ENSG00000285688,0
ENSG00000228132,0
ENSG00000176399,136
ENSG00000147874,8002
ENSG00000237083,0
ENSG00000256968,6
ENSG00000287139,0
ENSG00000122692,5694
ENSG00000229080,0
ENSG00000280683,0
ENSG00000237414,0
ENSG00000223568,0
ENSG00000226376,0
ENSG00000228739,0
ENSG00000270639,0
ENSG00000233906,0
ENSG00000236739,0
ENSG00000225693,0
ENSG00000270683,0
ENSG00000224488,0
ENSG00000230365,0
ENSG00000232946,0
ENSG00000230581,0
ENSG00000164985,10976
ENSG00000137074,999
ENSG00000164989,399
ENSG00000236796,0
ENSG00000228292,0
ENSG00000147854,2283
ENSG00000277608,0
ENSG00000270372,0
ENSG00000220105,0
ENSG00000269957,0
ENSG00000235148,0
ENSG00000229057,0
ENSG00000276759,0
ENSG00000107295,0
ENSG00000213954,0
ENSG00000258885,0
ENSG00000226626,0
ENSG00000214042,0
ENSG00000285784,0
ENSG00000287318,0
ENSG00000233278,2
ENSG00000236156,0
ENSG00000153714,38
ENSG00000224648,0
ENSG00000224549,0
ENSG00000232920,0
ENSG00000233367,0
ENSG00000231376,0
ENSG00000229611,0
ENSG00000288571,0
ENSG00000225472,24
ENSG00000260100,1
ENSG00000231454,0
ENSG00000231381,0
ENSG00000287696,0
ENSG00000223807,0
ENSG00000230867,0
ENSG00000237437,0
ENSG00000232060,2
ENSG00000288042,0
ENSG00000187988,0
ENSG00000227924,0
ENSG00000277340,0
ENSG00000212952,0
ENSG00000086102,1776
ENSG00000287514,0
ENSG00000283541,0
ENSG00000214020,0
ENSG00000275649,0
ENSG00000287838,0
ENSG00000276266,0
ENSG00000234861,0
ENSG00000274516,0
ENSG00000107105,1571
ENSG00000184523,0
ENSG00000226337,0
ENSG00000273999,0
ENSG00000239684,0
ENSG00000278054,0
ENSG00000237153,0
ENSG00000274583,0
ENSG00000137106,2338
ENSG00000276386,0
ENSG00000119121,0
ENSG00000277297,0
ENSG00000235256,0
ENSG00000230207,52
ENSG00000196092,0
ENSG00000125385,0
ENSG00000224935,4
ENSG00000225947,0
ENSG00000233242,2
ENSG00000227353,0
ENSG00000236604,0
ENSG00000235707,0
ENSG00000234042,0
ENSG00000236184,6
ENSG00000283982,11
ENSG00000156052,7976
ENSG00000225085,0
ENSG00000165092,0
ENSG00000223368,0
ENSG00000228781,0
ENSG00000230245,0
ENSG00000229311,0
ENSG00000223421,0
ENSG00000270954,0
ENSG00000229422,0
ENSG00000228557,0
ENSG00000203321,18
ENSG00000155621,800
ENSG00000229109,27
ENSG00000225380,0
ENSG00000260995,0
ENSG00000268234,0
ENSG00000197506,2
ENSG00000229857,2
ENSG00000224025,0
ENSG00000219149,0
ENSG00000204612,0
ENSG00000154330,0
ENSG00000235448,2
ENSG00000135069,17176
ENSG00000276204,0
ENSG00000231248,0
ENSG00000277213,0
ENSG00000286823,0
ENSG00000279706,0
ENSG00000148057,0
ENSG00000276500,0
ENSG00000234424,0
ENSG00000176115,0
ENSG00000165105,352
ENSG00000106733,274
ENSG00000236376,0
ENSG00000237529,2
ENSG00000137054,1687
ENSG00000276412,0
ENSG00000233457,0
ENSG00000228046,0
ENSG00000227638,0
ENSG00000287212,0
ENSG00000135052,17278
ENSG00000228024,0
ENSG00000233178,20
ENSG00000278001,0
ENSG00000225937,44
ENSG00000286612,0
ENSG00000236060,4
ENSG00000232851,0
ENSG00000286414,0
ENSG00000235523,0
ENSG00000233262,0
ENSG00000083223,718
ENSG00000239986,0
ENSG00000236507,0
ENSG00000228375,0
ENSG00000107165,48
ENSG00000224297,0
ENSG00000156049,28
ENSG00000107372,8097
ENSG00000287769,94
ENSG00000234819,0
ENSG00000229454,0
ENSG00000224958,0
ENSG00000230003,0
ENSG00000156017,1212
ENSG00000168795,2910
ENSG00000227809,0
ENSG00000135040,2521
ENSG00000279503,0
ENSG00000187559,0
ENSG00000287333,0
ENSG00000285907,388
ENSG00000231193,0
ENSG00000229345,0
ENSG00000165233,172
ENSG00000232749,0
ENSG00000241571,0
ENSG00000224820,0
ENSG00000275297,0
ENSG00000286332,4
ENSG00000234665,48
ENSG00000204816,0
ENSG00000286451,14
ENSG00000277260,0
ENSG00000231804,13
ENSG00000277575,0
ENSG00000237207,0
ENSG00000286916,0
ENSG00000288225,0
ENSG00000230188,0
ENSG00000237451,0
ENSG00000231373,0
ENSG00000134996,438
ENSG00000227582,18
ENSG00000226206,0
ENSG00000230335,0
ENSG00000236801,52
ENSG00000233933,0
ENSG00000275676,0
ENSG00000232981,0
ENSG00000227555,0
ENSG00000235641,0
ENSG00000186466,4
ENSG00000230303,8
ENSG00000233309,0
ENSG00000228123,0
ENSG00000234860,0
ENSG00000172159,272
ENSG00000214417,0
ENSG00000135048,12158
ENSG00000228216,0
ENSG00000204814,0
ENSG00000270627,0
ENSG00000232211,0
ENSG00000225883,6
ENSG00000130222,158
ENSG00000268951,0
ENSG00000135045,701
ENSG00000233713,0
ENSG00000277412,0
ENSG00000231990,0
ENSG00000276462,0
ENSG00000237357,8
ENSG00000214908,0
ENSG00000285686,0
ENSG00000136842,7
ENSG00000277109,0
ENSG00000136929,0
ENSG00000273806,0
ENSG00000273849,0
ENSG00000233947,0
ENSG00000237072,0
ENSG00000231799,34
ENSG00000185074,0
ENSG00000238245,0
ENSG00000135018,9696
ENSG00000234276,0
ENSG00000230147,0
ENSG00000170161,170
ENSG00000226566,0
ENSG00000276149,0
ENSG00000267026,0
ENSG00000230302,0
ENSG00000276422,0
ENSG00000276277,0
ENSG00000205636,0
ENSG00000230161,0
ENSG00000270909,0
ENSG00000234910,0
ENSG00000219693,0
ENSG00000236005,0
ENSG00000274181,0
ENSG00000233727,0
ENSG00000136891,4533
ENSG00000228174,0
ENSG00000277598,0
ENSG00000235932,0
ENSG00000198785,12
ENSG00000233555,0
ENSG00000198312,42
ENSG00000155833,0
ENSG00000225460,0
ENSG00000273381,0
ENSG00000165030,306
ENSG00000225072,0
ENSG00000204291,0
ENSG00000095209,1897
ENSG00000278988,0
ENSG00000283378,0
ENSG00000234394,0
ENSG00000223446,0
ENSG00000131668,0
ENSG00000275628,0
ENSG00000231107,32
ENSG00000278485,0
ENSG00000227350,0
ENSG00000234982,0
ENSG00000136810,4761
ENSG00000235201,0
ENSG00000226327,0
ENSG00000229541,0
ENSG00000225901,0
ENSG00000224267,0
ENSG00000275239,0
ENSG00000229268,4
ENSG00000165138,956
ENSG00000231166,0
ENSG00000228366,0
ENSG00000230418,0
ENSG00000236130,0
ENSG00000232203,0
ENSG00000223602,0
ENSG00000230537,2
ENSG00000276478,0
ENSG00000237626,0
ENSG00000271225,6
ENSG00000156755,0
ENSG00000204711,1
ENSG00000235626,0
ENSG00000242111,0
ENSG00000131669,571
ENSG00000227068,0
ENSG00000235601,0
ENSG00000278382,0
ENSG00000259953,97
ENSG00000197969,2720
ENSG00000238113,0
ENSG00000229338,0
ENSG00000260454,0
ENSG00000287233,0
ENSG00000273509,3
ENSG00000226020,0
ENSG00000285483,0
ENSG00000229830,0
ENSG00000255145,26
ENSG00000276457,0
ENSG00000287800,0
ENSG00000165072,22
ENSG00000223684,0
ENSG00000119318,13980
ENSG00000228053,0
ENSG00000232486,0
ENSG00000214761,0
ENSG00000270412,0
ENSG00000236862,0
ENSG00000204446,0
ENSG00000276894,0
ENSG00000225360,0
ENSG00000213711,0
ENSG00000286243,0
ENSG00000136944,0
ENSG00000231293,0
ENSG00000278077,0
ENSG00000196730,1553
ENSG00000204193,0
ENSG00000288575,0
ENSG00000244081,0
ENSG00000213558,0
ENSG00000136925,1356
ENSG00000078725,242
ENSG00000148123,10
ENSG00000236783,0
ENSG00000235819,2
ENSG00000136937,7559
ENSG00000204250,0
ENSG00000287782,0
ENSG00000232896,0
ENSG00000237124,0
ENSG00000213557,0
ENSG00000269994,127
ENSG00000228373,0
ENSG00000135046,6559
ENSG00000185775,0
ENSG00000219928,2
ENSG00000225564,0
ENSG00000213539,2
ENSG00000287070,0
ENSG00000187210,2966
ENSG00000086061,23927
ENSG00000225337,0
ENSG00000236709,0
ENSG00000232905,0
ENSG00000197550,16
ENSG00000229753,0
ENSG00000230782,0
ENSG00000204669,0
ENSG00000231521,0
ENSG00000204706,227
ENSG00000196781,4189
ENSG00000228656,0
ENSG00000148331,724
ENSG00000286842,0
ENSG00000221844,0
ENSG00000239792,0
ENSG00000235901,0
ENSG00000180447,497
ENSG00000229582,0
ENSG00000231741,0
ENSG00000226246,0
ENSG00000127084,30
ENSG00000233721,0
ENSG00000260677,0
ENSG00000238010,0
ENSG00000137038,1298
ENSG00000119509,442
ENSG00000232242,0
ENSG00000136824,3199
ENSG00000136939,0
ENSG00000181997,36
ENSG00000177736,0
ENSG00000251349,0
ENSG00000287843,0
ENSG00000223615,0
ENSG00000227958,0
ENSG00000157303,0
ENSG00000255585,6
ENSG00000270688,0
ENSG00000288537,0
ENSG00000148200,82
ENSG00000285987,0
ENSG00000148175,10
ENSG00000229587,5
ENSG00000165025,0
ENSG00000106723,13004
ENSG00000187742,1538
ENSG00000197859,60
ENSG00000225531,0
ENSG00000233936,0
ENSG00000279137,0
ENSG00000229019,0
ENSG00000213529,0
ENSG00000186803,0
ENSG00000226078,0
ENSG00000260720,0
ENSG00000196739,737
ENSG00000231744,0
ENSG00000173077,32
ENSG00000136942,11951
ENSG00000287708,0
ENSG00000233081,0
ENSG00000234789,0
ENSG00000227412,0
ENSG00000228248,0
ENSG00000215210,16
ENSG00000226047,0
ENSG00000275017,0
ENSG00000234840,12
ENSG00000169925,3793
ENSG00000231460,0
ENSG00000241697,47
ENSG00000234269,0
ENSG00000106771,7048
ENSG00000136826,2
ENSG00000231902,0
ENSG00000167157,0
ENSG00000223918,0
ENSG00000135070,3940
ENSG00000178919,0
ENSG00000160563,1217
ENSG00000235138,0
ENSG00000136950,1292
ENSG00000224842,0
ENSG00000147872,108
ENSG00000226535,0
ENSG00000186350,862
ENSG00000236306,0
ENSG00000167081,1426
ENSG00000225513,0
ENSG00000227531,0
ENSG00000271166,0
ENSG00000119487,3311
ENSG00000228714,0
ENSG00000226998,0
ENSG00000286840,0
ENSG00000271525,2
ENSG00000232413,0
ENSG00000136940,2641
ENSG00000237360,0
ENSG00000286944,0
ENSG00000119471,3894
ENSG00000225050,0
ENSG00000232998,0
ENSG00000230030,0
ENSG00000236024,0
ENSG00000274688,0
ENSG00000224825,2
ENSG00000169071,4
ENSG00000165113,290
ENSG00000230945,0
ENSG00000136935,576
ENSG00000278130,0
ENSG00000230081,0
ENSG00000232590,0
ENSG00000130559,4972
ENSG00000228595,0
ENSG00000169253,2
ENSG00000198963,786
ENSG00000236701,0
ENSG00000237419,0
ENSG00000070159,106
ENSG00000204148,0
ENSG00000165304,2747
ENSG00000250210,0
ENSG00000181090,1734
ENSG00000160293,2108
ENSG00000203987,0
ENSG00000107290,4774
ENSG00000148344,90
ENSG00000228707,0
ENSG00000125482,872
ENSG00000260970,0
ENSG00000223729,0
ENSG00000235106,1825
ENSG00000236521,0
ENSG00000136828,450
ENSG00000196814,1734
ENSG00000261432,0
ENSG00000182752,272
ENSG00000119514,83
ENSG00000285706,0
ENSG00000287368,0
ENSG00000237999,0
ENSG00000225960,0
ENSG00000273249,2
ENSG00000226904,0
ENSG00000185585,128
ENSG00000275130,0
ENSG00000226234,0
ENSG00000231649,0
ENSG00000233526,0
ENSG00000232387,2
ENSG00000231007,0
ENSG00000226798,17
ENSG00000235377,0
ENSG00000170681,352
ENSG00000286536,0
ENSG00000226825,0
ENSG00000232281,0
ENSG00000286474,0
ENSG00000229897,2
ENSG00000229926,0
ENSG00000237257,0
ENSG00000276388,0
ENSG00000279929,0
ENSG00000236643,4
ENSG00000286255,0
ENSG00000136928,78
ENSG00000230360,0
ENSG00000234637,0
ENSG00000224887,0
ENSG00000273473,0
ENSG00000202383,0
ENSG00000263575,0
ENSG00000252991,0
ENSG00000199065,0
ENSG00000222581,0
ENSG00000240613,0
ENSG00000207433,0
ENSG00000266863,0
ENSG00000251733,0
ENSG00000252943,0
ENSG00000201118,0
ENSG00000251834,0
ENSG00000241152,0
ENSG00000207360,0
ENSG00000222693,0
ENSG00000264530,0
ENSG00000243115,0
ENSG00000223088,0
ENSG00000272113,0
ENSG00000266255,0
ENSG00000264922,0
ENSG00000265368,0
ENSG00000200502,0
ENSG00000206784,0
ENSG00000252723,0
ENSG00000277049,0
ENSG00000276094,0
ENSG00000278028,0
ENSG00000276562,0
ENSG00000276029,0
ENSG00000273717,0
ENSG00000202474,0
ENSG00000276522,0
ENSG00000238933,0
ENSG00000206804,0
ENSG00000222465,0
ENSG00000241174,0
ENSG00000252428,0
ENSG00000200922,0
ENSG00000212454,0
ENSG00000202217,0
ENSG00000252758,0
ENSG00000200041,0
ENSG00000274852,0
ENSG00000222452,0
ENSG00000201711,0
ENSG00000278040,0
ENSG00000274326,0
ENSG00000277320,0
ENSG00000251776,0
ENSG00000199483,0
ENSG00000212421,0
ENSG00000222293,0
ENSG00000251752,0
ENSG00000223012,0
ENSG00000212316,0
ENSG00000263967,0
ENSG00000266855,0
ENSG00000283351,0
ENSG00000265347,0
ENSG00000265873,0
ENSG00000201830,0
ENSG00000200966,0
ENSG00000202308,0
ENSG00000238882,0
ENSG00000199905,0
ENSG00000253031,0
ENSG00000244104,0
ENSG00000222558,0
ENSG00000274263,0
ENSG00000222327,0
ENSG00000200261,0
ENSG00000222459,0
ENSG00000263861,0
ENSG00000206923,0
ENSG00000212409,0
ENSG00000207401,0
ENSG00000274755,0
ENSG00000223238,0
ENSG00000207329,0
ENSG00000242256,0
ENSG00000199525,0
ENSG00000243911,0
ENSG00000207814,0
ENSG00000222356,0
ENSG00000199313,0
ENSG00000241246,0
ENSG00000206658,0
ENSG00000207726,0
ENSG00000207595,0
ENSG00000207737,2
ENSG00000253079,0
ENSG00000252985,0
ENSG00000243845,0
ENSG00000252521,0
ENSG00000221676,0
ENSG00000263897,0
ENSG00000207693,0
ENSG00000223256,0
ENSG00000271833,5
ENSG00000136856,339
ENSG00000196152,212
ENSG00000197958,39934
ENSG00000201302,21
ENSG00000200788,0
ENSG00000136830,1556
ENSG00000279571,0
ENSG00000187024,0
ENSG00000283874,0
ENSG00000160401,23
ENSG00000167094,0
ENSG00000160404,198
ENSG00000095370,30
ENSG00000286196,8
ENSG00000136807,831
ENSG00000283863,0
ENSG00000284547,0
ENSG00000136877,1088
ENSG00000225032,0
ENSG00000122694,1250
ENSG00000185972,10
ENSG00000222760,0
ENSG00000230848,0
ENSG00000171169,214
ENSG00000230536,0
ENSG00000234771,61
ENSG00000232850,18
ENSG00000148346,0
ENSG00000171159,871
ENSG00000167112,922
ENSG00000272696,10
ENSG00000167113,569
ENSG00000167114,961
ENSG00000223551,40
ENSG00000167118,3416
ENSG00000207955,0
ENSG00000284185,0
ENSG00000283335,0
ENSG00000273186,8
ENSG00000228510,6
ENSG00000225951,0
ENSG00000187791,0
ENSG00000178723,0
ENSG00000215199,0
ENSG00000281491,0
ENSG00000273597,0
ENSG00000279489,0
ENSG00000233148,0
ENSG00000286782,0
ENSG00000287868,0
ENSG00000200106,0
ENSG00000227399,0
ENSG00000237306,0
ENSG00000275756,0
ENSG00000232179,0
ENSG00000228069,0
ENSG00000238288,0
ENSG00000240791,0
ENSG00000227321,0
ENSG00000234537,0
ENSG00000236717,0
ENSG00000224809,0
ENSG00000236115,0
ENSG00000281156,0
ENSG00000239183,0
ENSG00000198000,1307
ENSG00000188312,250
ENSG00000229530,0
ENSG00000106809,112
ENSG00000106819,4
ENSG00000264158,0
ENSG00000225551,0
ENSG00000285650,0
ENSG00000127080,123
ENSG00000213669,0
ENSG00000226877,0
ENSG00000231616,0
ENSG00000165115,294
ENSG00000165118,0
ENSG00000284179,0
ENSG00000235298,0
ENSG00000202523,0
ENSG00000227463,0
ENSG00000270166,0
ENSG00000288586,18
ENSG00000107140,551
ENSG00000263892,0
ENSG00000231393,0
ENSG00000227933,0
ENSG00000159884,28
ENSG00000137135,68
ENSG00000243136,0
ENSG00000198467,70
ENSG00000284195,0
ENSG00000107175,1926
ENSG00000273945,0
ENSG00000070610,1338
ENSG00000107185,1551
ENSG00000215183,0
ENSG00000228843,0
ENSG00000227388,0
ENSG00000137098,0
ENSG00000137133,6
ENSG00000285645,0
ENSG00000137103,755
ENSG00000204930,0
ENSG00000236083,0
ENSG00000233659,0
ENSG00000196196,20
ENSG00000235387,0
ENSG00000287986,0
ENSG00000225639,2
ENSG00000278889,0
ENSG00000213866,34
ENSG00000233086,0
ENSG00000186940,10
ENSG00000237434,0
ENSG00000171843,1441
ENSG00000263790,0
ENSG00000222202,0
ENSG00000264941,0
ENSG00000237088,0
ENSG00000227071,2
ENSG00000207609,0
ENSG00000202189,0
ENSG00000187609,83
ENSG00000188833,0
ENSG00000284317,0
ENSG00000130653,0
ENSG00000182154,626
ENSG00000148399,416
ENSG00000165724,708
ENSG00000197070,139
ENSG00000283411,0
ENSG00000274841,0
ENSG00000233998,0
ENSG00000238110,0
ENSG00000271923,0
ENSG00000217716,30
ENSG00000225385,4
ENSG00000276535,0
ENSG00000279154,0
ENSG00000204429,0
ENSG00000229288,0
ENSG00000205549,0
ENSG00000231756,0
ENSG00000230694,0
ENSG00000234779,6
ENSG00000183784,0
ENSG00000235880,0
ENSG00000227155,0
ENSG00000235330,0
ENSG00000228115,0
ENSG00000202172,0
ENSG00000229875,0
ENSG00000227914,0
ENSG00000137090,0
ENSG00000064218,0
ENSG00000200570,0
ENSG00000201074,0
ENSG00000237385,0
ENSG00000188938,2272
ENSG00000283146,0
ENSG00000056558,6
ENSG00000243738,2
ENSG00000214651,0
ENSG00000239593,0
ENSG00000235865,2
ENSG00000238143,0
ENSG00000253041,0
ENSG00000227411,0
ENSG00000236763,0
ENSG00000230328,0
ENSG00000234502,0
ENSG00000136897,3144
ENSG00000270982,0
ENSG00000225376,0
ENSG00000165152,2020
ENSG00000233055,0
ENSG00000155827,3919
ENSG00000188386,0
ENSG00000136881,19
ENSG00000253400,0
ENSG00000120159,1598
ENSG00000232466,0
ENSG00000240306,0
ENSG00000137055,3787
ENSG00000234676,2
ENSG00000184434,2
ENSG00000254396,0
ENSG00000223162,0
ENSG00000232867,0
ENSG00000120160,0
ENSG00000237734,0
ENSG00000178445,3734
ENSG00000136936,492
ENSG00000165802,3486
ENSG00000173611,1022
ENSG00000154529,8
ENSG00000148019,1732
ENSG00000148090,266
ENSG00000119125,30
ENSG00000096968,724
ENSG00000106868,385
ENSG00000165091,2
ENSG00000181778,0
ENSG00000228487,10
ENSG00000136895,460
ENSG00000229369,0
ENSG00000213590,0
ENSG00000260190,0
ENSG00000159069,950
ENSG00000176919,0
ENSG00000184925,2
ENSG00000198454,0
ENSG00000107317,0
ENSG00000284341,0
ENSG00000214402,0
ENSG00000148362,288
ENSG00000169583,0
ENSG00000180539,2
ENSG00000180549,0
ENSG00000107281,579
ENSG00000054179,4
ENSG00000236394,0
ENSG00000229257,0
ENSG00000186193,277
ENSG00000231864,0
ENSG00000197355,122
ENSG00000268996,34
ENSG00000261793,0
ENSG00000185863,8
ENSG00000176248,500
ENSG00000176101,973
ENSG00000176058,578
ENSG00000187713,1370
ENSG00000233198,4
ENSG00000198569,16
ENSG00000188229,6442
ENSG00000188163,0
ENSG00000275549,0
ENSG00000188986,1594
ENSG00000198113,0
ENSG00000270259,0
ENSG00000260996,14
ENSG00000288234,0
ENSG00000198435,1123
ENSG00000120156,20
ENSG00000228948,0
ENSG00000225002,0
ENSG00000229297,0
ENSG00000277889,0
ENSG00000237062,0
ENSG00000200131,0
ENSG00000228143,0
ENSG00000212276,0
ENSG00000148143,4989
ENSG00000231562,0
ENSG00000227358,0
ENSG00000268926,0
ENSG00000252847,0
ENSG00000199202,0
ENSG00000237631,0
ENSG00000237212,0
ENSG00000201938,0
ENSG00000287187,0
ENSG00000224546,20
ENSG00000231678,0
ENSG00000231810,0
ENSG00000213556,0
ENSG00000148156,0
ENSG00000187003,0
ENSG00000070061,3464
ENSG00000119328,662
ENSG00000119326,4477
ENSG00000199331,0
ENSG00000207698,0
ENSG00000277713,0
ENSG00000232172,0
ENSG00000288570,0
ENSG00000224797,0
ENSG00000188710,3
ENSG00000130720,154
ENSG00000236658,0
ENSG00000130711,2
ENSG00000234055,0
ENSG00000268707,0
ENSG00000188483,67
ENSG00000268615,0
ENSG00000242281,0
ENSG00000236146,0
ENSG00000230676,0
ENSG00000226355,0
ENSG00000261334,0
ENSG00000235007,0
ENSG00000204055,0
ENSG00000234680,0
ENSG00000226625,0
ENSG00000271454,0
ENSG00000243695,0
ENSG00000278825,0
ENSG00000204849,0
ENSG00000277024,0
ENSG00000215112,0
ENSG00000224038,0
ENSG00000231140,0
ENSG00000229707,0
ENSG00000269692,0
ENSG00000273994,0
ENSG00000234720,0
ENSG00000226108,0
ENSG00000232239,0
ENSG00000229273,0
ENSG00000283886,0
ENSG00000277774,0
ENSG00000252724,0
ENSG00000232798,0
ENSG00000284116,0
ENSG00000184961,0
ENSG00000237846,0
ENSG00000230804,0
ENSG00000228136,0
ENSG00000236966,0
ENSG00000283211,0
ENSG00000283246,0
ENSG00000212441,0
ENSG00000234812,0
ENSG00000231390,0
ENSG00000224681,0
ENSG00000227069,0
ENSG00000232433,0
ENSG00000274157,0
ENSG00000278122,0
ENSG00000274067,0
ENSG00000119457,0
ENSG00000271631,0
ENSG00000237906,0
ENSG00000285115,0
ENSG00000284763,0
ENSG00000284962,0
ENSG00000285076,0
ENSG00000284867,0
ENSG00000285370,0
ENSG00000225684,0
ENSG00000231528,0
ENSG00000136867,0
ENSG00000165204,0
ENSG00000233425,0
ENSG00000056586,11066
ENSG00000212447,0
ENSG00000186130,3200
ENSG00000171448,1058
ENSG00000261094,78
ENSG00000011454,4428
ENSG00000222351,0
ENSG00000213216,0
ENSG00000225078,0
ENSG00000236901,159
ENSG00000165209,1651
ENSG00000283941,0
ENSG00000207000,0
ENSG00000270236,0
ENSG00000243888,0
ENSG00000229312,0
ENSG00000233551,0
ENSG00000285169,0
ENSG00000285130,1
ENSG00000165060,223
ENSG00000119139,5
ENSG00000172889,90
ENSG00000199161,0
ENSG00000169692,212
ENSG00000165716,239
ENSG00000280496,0
ENSG00000276161,0
ENSG00000274998,0
ENSG00000281808,0
ENSG00000274356,0
ENSG00000187922,0
ENSG00000204003,0
ENSG00000267206,0
ENSG00000278756,0
ENSG00000177984,0
ENSG00000224662,0
ENSG00000244187,121
ENSG00000272896,0
ENSG00000213213,15
ENSG00000273066,11
ENSG00000272679,0
ENSG00000228544,10
ENSG00000196642,2125
ENSG00000213212,0
ENSG00000265806,9
ENSG00000054148,1593
ENSG00000177943,10
ENSG00000107223,3675
ENSG00000266507,0
ENSG00000165689,1078
ENSG00000148384,262
ENSG00000196366,0
ENSG00000227512,15
ENSG00000106701,1488
ENSG00000229419,28
ENSG00000228317,0
ENSG00000279609,0
ENSG00000186051,10
ENSG00000156345,479
ENSG00000135049,2227
ENSG00000205442,0
ENSG00000165185,2987
ENSG00000136866,340
ENSG00000148335,414
ENSG00000066697,1271
ENSG00000130558,30
ENSG00000147905,1320
ENSG00000107362,3449
ENSG00000165059,0
ENSG00000107077,506
ENSG00000196873,44
ENSG00000276581,0
ENSG00000119314,6910
ENSG00000106692,2759
ENSG00000234160,106
ENSG00000147912,278
ENSG00000256966,0
ENSG00000175768,101
ENSG00000255872,0
ENSG00000233111,2
ENSG00000070601,22
ENSG00000201287,0
ENSG00000165275,177
ENSG00000107371,657
ENSG00000122741,2285
ENSG00000232454,4
ENSG00000226055,23
ENSG00000122696,519
ENSG00000213839,275
ENSG00000107338,385
ENSG00000251745,0
ENSG00000200026,0
ENSG00000252582,0
ENSG00000126878,13125
ENSG00000252622,0
ENSG00000236986,0
ENSG00000246851,0
ENSG00000226987,0
ENSG00000222658,0
ENSG00000285637,2
ENSG00000214121,0
ENSG00000234586,0
ENSG00000234740,13
ENSG00000223672,0
ENSG00000270547,0
ENSG00000050555,6
ENSG00000235284,4
ENSG00000231587,8
ENSG00000230289,0
ENSG00000130717,760
ENSG00000277490,0
ENSG00000277350,0
ENSG00000276039,0
ENSG00000274355,0
ENSG00000276348,0
ENSG00000274820,0
ENSG00000288023,0
ENSG00000252153,0
ENSG00000230815,0
ENSG00000236095,2
ENSG00000224764,0
ENSG00000285807,0
ENSG00000274115,0
ENSG00000207563,0
ENSG00000207864,1
ENSG00000207617,0
ENSG00000284459,0
ENSG00000229065,0
ENSG00000223849,1
ENSG00000251884,0
ENSG00000106991,0
ENSG00000222421,0
ENSG00000222455,0
ENSG00000106992,118
ENSG00000257524,1
ENSG00000263979,0
ENSG00000136840,274
ENSG00000167103,42
ENSG00000227218,20
ENSG00000136908,1028
ENSG00000167106,577
ENSG00000158122,342
ENSG00000233820,8
ENSG00000196597,118
ENSG00000269907,0
ENSG00000227257,0
ENSG00000188152,0
ENSG00000236745,0
ENSG00000226604,0
ENSG00000244757,10
ENSG00000256040,0
ENSG00000229105,0
ENSG00000230894,0
ENSG00000285820,0
ENSG00000230734,0
ENSG00000207268,0
ENSG00000201140,0
ENSG00000222413,0
ENSG00000233516,0
ENSG00000266583,0
ENSG00000119421,2574
ENSG00000185681,10
ENSG00000119446,4141
ENSG00000148187,1426
ENSG00000269970,0
ENSG00000107186,4492
ENSG00000286547,0
ENSG00000160539,58
ENSG00000285287,0
ENSG00000235119,0
ENSG00000271214,0
ENSG00000235797,0
ENSG00000157693,580
ENSG00000201749,0
ENSG00000230054,0
ENSG00000230601,0
ENSG00000230284,0
ENSG00000274919,0
ENSG00000181634,0
ENSG00000136888,7840
ENSG00000270917,0
ENSG00000095261,106
ENSG00000119403,923
ENSG00000119401,1461
ENSG00000237137,0
ENSG00000273399,0
ENSG00000272871,6
ENSG00000229029,0
ENSG00000147869,1090
ENSG00000286500,0
ENSG00000283647,0
ENSG00000199814,0
ENSG00000214110,0
ENSG00000215237,2
ENSG00000234297,2
ENSG00000228095,0
ENSG00000226590,0
ENSG00000285556,0
ENSG00000287930,0
ENSG00000237747,0
ENSG00000226823,0
ENSG00000228072,0
ENSG00000225123,0
ENSG00000204982,0
ENSG00000231991,12
ENSG00000183938,0
ENSG00000234122,0
ENSG00000229063,0
ENSG00000215206,0
ENSG00000240215,0
ENSG00000237984,28
ENSG00000281128,97
ENSG00000231165,21
ENSG00000260947,230
ENSG00000287063,35
ENSG00000227301,0
ENSG00000287495,0
ENSG00000223394,0
ENSG00000107341,7465
ENSG00000200834,0
ENSG00000251748,0
ENSG00000238300,0
ENSG00000238886,0
ENSG00000226801,0
ENSG00000222259,0
ENSG00000228352,0
ENSG00000198876,7580
ENSG00000224802,0
ENSG00000239392,0
ENSG00000135047,909
ENSG00000164946,32
ENSG00000240299,0
ENSG00000213467,4
ENSG00000229854,0
ENSG00000148334,573
ENSG00000198887,6505
ENSG00000274421,0
ENSG00000239180,0
ENSG00000272232,0
ENSG00000232086,0
ENSG00000223966,0
ENSG00000207935,0
ENSG00000224437,0
ENSG00000229814,0
ENSG00000186881,0
ENSG00000283001,0
ENSG00000148136,0
ENSG00000186943,0
ENSG00000237443,0
ENSG00000277556,0
ENSG00000276119,0
ENSG00000136839,0
ENSG00000273423,0
ENSG00000188712,0
ENSG00000136783,906
ENSG00000165028,20
ENSG00000226334,7
ENSG00000230013,0
ENSG00000165029,7299
ENSG00000136918,2
ENSG00000188523,6
ENSG00000188394,9
ENSG00000260230,110
ENSG00000148358,6462
ENSG00000096872,889
ENSG00000175893,4564
ENSG00000279608,0
ENSG00000174038,0
ENSG00000241568,0
ENSG00000234181,0
ENSG00000165283,2893
ENSG00000005238,934
ENSG00000215198,0
ENSG00000279083,0
ENSG00000227167,0
ENSG00000264638,0
ENSG00000252960,0
ENSG00000236857,0
ENSG00000155875,9
ENSG00000236680,4
ENSG00000155876,2984
ENSG00000178031,60
ENSG00000288699,0
ENSG00000122735,23
ENSG00000168913,204
ENSG00000230729,0
ENSG00000232983,0
ENSG00000122756,318
ENSG00000237159,14
ENSG00000164967,191
ENSG00000137100,2326
ENSG00000213930,2
ENSG00000213927,0
ENSG00000261215,0
ENSG00000187186,1
ENSG00000172724,0
ENSG00000288583,0
ENSG00000137077,0
ENSG00000205108,0
ENSG00000147955,1046
ENSG00000273932,0
ENSG00000148308,2157
ENSG00000170835,28
ENSG00000160271,79
ENSG00000285245,0
ENSG00000148288,0
ENSG00000119440,0
ENSG00000175164,0
ENSG00000201843,0
ENSG00000204031,0
ENSG00000148296,1034
ENSG00000201451,0
ENSG00000148297,1198
ENSG00000230064,0
ENSG00000148303,89754
ENSG00000206611,0
ENSG00000200831,0
ENSG00000199744,0
ENSG00000252542,0
ENSG00000148290,684
ENSG00000148291,359
ENSG00000148248,12007
ENSG00000198870,31
ENSG00000148300,887
ENSG00000160325,909
ENSG00000160326,508
ENSG00000197214,2
ENSG00000228376,0
ENSG00000228038,0
ENSG00000213612,2
ENSG00000277103,0
ENSG00000252721,0
ENSG00000242375,57
ENSG00000188801,8
ENSG00000235494,0
ENSG00000254483,0
ENSG00000136943,550
ENSG00000179443,0
ENSG00000236110,0
ENSG00000122707,431
ENSG00000276730,0
ENSG00000159921,2208
ENSG00000215283,0
ENSG00000119414,7210
ENSG00000232630,32
ENSG00000235332,0
ENSG00000136933,771
ENSG00000044574,45654
ENSG00000239705,2
ENSG00000214593,4
ENSG00000200554,0
ENSG00000227845,0
ENSG00000274510,0
ENSG00000252313,0
ENSG00000225347,0
ENSG00000122729,3056
ENSG00000165264,2018
ENSG00000232303,0
ENSG00000122728,0
ENSG00000223440,0
ENSG00000230516,0
ENSG00000238001,0
ENSG00000107201,6
ENSG00000288684,0
ENSG00000197579,1778
ENSG00000148400,12273
ENSG00000125484,9185
ENSG00000165695,44
ENSG00000224992,0
ENSG00000165698,226
ENSG00000165699,1360
ENSG00000263816,0
ENSG00000234907,0
ENSG00000238558,0
ENSG00000196205,5018
ENSG00000165702,0
ENSG00000236875,0
ENSG00000227518,0
ENSG00000283921,0
ENSG00000218839,0
ENSG00000284986,0
ENSG00000227917,0
ENSG00000231808,0
ENSG00000170122,20
ENSG00000148356,602
ENSG00000238406,0
ENSG00000280474,0
ENSG00000280758,0
ENSG00000227759,0
ENSG00000165280,23422
ENSG00000231052,0
ENSG00000286670,0
ENSG00000168263,2
ENSG00000147852,597
ENSG00000267834,0
ENSG00000148341,646
ENSG00000287234,0
ENSG00000167130,1056
ENSG00000160447,163
ENSG00000264438,0
ENSG00000160446,86
ENSG00000160445,1210
ENSG00000203286,0
ENSG00000107021,1506
ENSG00000167136,86
ENSG00000198917,1
ENSG00000286112,0
ENSG00000171097,0
ENSG00000136802,2426
ENSG00000175287,0
ENSG00000251184,0
ENSG00000175283,912
ENSG00000095319,3666
ENSG00000095321,737
ENSG00000286078,0
ENSG00000227619,0
ENSG00000225411,0
ENSG00000207277,0
ENSG00000232815,0
ENSG00000266017,0
ENSG00000215548,3
ENSG00000204790,0
ENSG00000275068,0
ENSG00000119333,1310
ENSG00000187764,499
ENSG00000081386,1534
ENSG00000148219,172
ENSG00000196363,2738
ENSG00000204136,0
ENSG00000188959,0
ENSG00000184709,2
ENSG00000095203,214
ENSG00000127083,0
ENSG00000204001,0
ENSG00000273514,0
ENSG00000171459,0
ENSG00000262075,2
ENSG00000160360,932
ENSG00000130714,869
ENSG00000165643,0
ENSG00000107147,2
ENSG00000188747,2
ENSG00000236724,0
ENSG00000237009,0
ENSG00000230001,0
ENSG00000228322,0
ENSG00000200941,0
ENSG00000137073,1783
ENSG00000010438,0
ENSG00000148339,1112
ENSG00000137094,1273
ENSG00000177239,2058
ENSG00000233616,0
ENSG00000234156,1
ENSG00000136834,0
ENSG00000197233,0
ENSG00000239590,0
ENSG00000171505,0
ENSG00000171501,0
ENSG00000228914,0
ENSG00000165202,0
ENSG00000173679,0
ENSG00000226783,2
ENSG00000287480,0
ENSG00000107249,3465
ENSG00000175787,60
ENSG00000237679,0
ENSG00000232063,0
ENSG00000224815,0
ENSG00000282886,4
ENSG00000278486,0
ENSG00000286850,0
ENSG00000224245,0
ENSG00000202445,0
ENSG00000130957,0
ENSG00000165140,0
ENSG00000106780,3861
ENSG00000238181,0
ENSG00000119402,5263
ENSG00000119392,1391
ENSG00000271384,0
ENSG00000213761,0
ENSG00000271314,0
ENSG00000271155,0
ENSG00000271659,6
ENSG00000165006,2459
ENSG00000227383,0
ENSG00000279336,0
ENSG00000252164,0
ENSG00000233668,0
ENSG00000222426,0
ENSG00000229207,0
ENSG00000164978,514
ENSG00000164976,1906
ENSG00000207032,0
ENSG00000186638,744
ENSG00000173258,631
ENSG00000106853,299
ENSG00000224644,0
ENSG00000059769,493
ENSG00000244115,0
ENSG00000242616,4
ENSG00000224067,0
ENSG00000206907,0
ENSG00000148154,2047
ENSG00000266315,0
ENSG00000165181,4
ENSG00000223188,0
ENSG00000196979,2
ENSG00000107130,4242
ENSG00000264169,0
ENSG00000130707,2343
ENSG00000148120,672
ENSG00000170777,0
ENSG00000136870,1867
ENSG00000160408,0
ENSG00000274349,179
ENSG00000135063,20
ENSG00000171133,0
ENSG00000198680,6
ENSG00000215126,48
ENSG00000187753,0
ENSG00000119138,486
ENSG00000222973,0
ENSG00000264615,0
ENSG00000080608,1486
ENSG00000236496,0
ENSG00000229184,0
ENSG00000176868,0
ENSG00000279561,16
ENSG00000275450,0
ENSG00000278647,0
ENSG00000274680,0
ENSG00000276502,0
ENSG00000275160,20
ENSG00000279141,12
ENSG00000137033,102
ENSG00000136813,4650
ENSG00000188566,142
ENSG00000173253,0
ENSG00000148343,258
ENSG00000106686,8
ENSG00000235389,0
ENSG00000212695,8
ENSG00000239102,0
ENSG00000234021,0
ENSG00000212829,2
ENSG00000265735,2
ENSG00000230920,0
ENSG00000234360,0
ENSG00000226717,0
ENSG00000232035,0
ENSG00000196305,13208
ENSG00000136868,5073
ENSG00000176386,1158
ENSG00000136875,3194
ENSG00000165188,0
ENSG00000148225,210
ENSG00000119411,0
ENSG00000119431,54
ENSG00000148218,772
ENSG00000148229,5371
ENSG00000157653,34
ENSG00000227138,0
ENSG00000230589,0
ENSG00000273940,0
ENSG00000231527,6
ENSG00000235659,0
ENSG00000223379,0
ENSG00000238749,0
ENSG00000229697,0
ENSG00000276845,0
ENSG00000284471,0
ENSG00000275904,0
ENSG00000274026,2
ENSG00000278763,0
ENSG00000274098,0
ENSG00000278010,0
ENSG00000277618,0
ENSG00000278551,0
ENSG00000276898,0
ENSG00000275493,0
ENSG00000203364,0
ENSG00000188352,2556
ENSG00000188921,0
ENSG00000230208,0
ENSG00000171855,1
ENSG00000225027,0
ENSG00000275980,0
ENSG00000177047,0
ENSG00000199635,0
ENSG00000137080,0
ENSG00000235453,98
ENSG00000148396,6726
ENSG00000236511,0
ENSG00000080298,10091
ENSG00000215297,0
ENSG00000237359,0
ENSG00000226669,0
ENSG00000107104,1972
ENSG00000148357,0
ENSG00000095303,32
ENSG00000171481,0
ENSG00000175764,252
ENSG00000106927,2
ENSG00000136883,0
ENSG00000228189,0
ENSG00000159899,4
ENSG00000168828,2
ENSG00000232743,0
ENSG00000277357,0
ENSG00000234575,0
ENSG00000233884,0
ENSG00000177992,0
ENSG00000185920,742
ENSG00000164972,0
ENSG00000164970,890
ENSG00000165238,559
ENSG00000125492,0
ENSG00000125485,1063
ENSG00000136872,2
ENSG00000136932,282
ENSG00000107159,0
ENSG00000123453,38
ENSG00000148337,2114
ENSG00000165219,2588
ENSG00000130950,0
ENSG00000147862,8381
ENSG00000198121,376
ENSG00000165124,160
ENSG00000196358,24
ENSG00000171102,0
ENSG00000030304,0
ENSG00000167123,460
ENSG00000106772,4408
ENSG00000148408,22
ENSG00000148110,3559
ENSG00000137078,0
ENSG00000137101,2
ENSG00000148053,4178
ENSG00000165272,0
ENSG00000270542,0
ENSG00000275651,0
ENSG00000122133,0
ENSG00000237339,0
ENSG00000204007,0
ENSG00000236543,0
ENSG00000148386,0
ENSG00000127191,247
ENSG00000232434,52
ENSG00000119335,44448
ENSG00000171496,0
ENSG00000157657,3070
ENSG00000106714,40
ENSG00000148204,1321
ENSG00000207991,0
ENSG00000274932,0
ENSG00000237336,0
ENSG00000230826,0
ENSG00000229115,0
ENSG00000234881,0
ENSG00000106689,1154
ENSG00000231227,0
ENSG00000234921,0
ENSG00000288841,0
ENSG00000107099,0
ENSG00000177910,0
ENSG00000090054,5885
ENSG00000119397,272
ENSG00000153707,1429
ENSG00000107331,1356
ENSG00000223716,0
ENSG00000137124,2188
ENSG00000137142,8866
ENSG00000225254,0
ENSG00000215165,0
ENSG00000229511,0
ENSG00000237487,0
ENSG00000243085,0
ENSG00000176007,0
ENSG00000204860,0
ENSG00000237557,0
ENSG00000252725,0
ENSG00000214654,635
ENSG00000232176,89
ENSG00000137145,2488
ENSG00000232978,0
ENSG00000272842,8
ENSG00000273226,25
ENSG00000137154,68610
ENSG00000234853,0
ENSG00000285911,0
ENSG00000177076,148
ENSG00000260912,86
ENSG00000231909,0
ENSG00000232158,0
ENSG00000276667,0
ENSG00000261402,0
ENSG00000270712,0
ENSG00000277711,0
ENSG00000155886,2
ENSG00000107036,1164
ENSG00000225408,0
ENSG00000223621,0
ENSG00000120215,6
ENSG00000099219,1225
ENSG00000258728,0
ENSG00000137070,2
ENSG00000119321,939
ENSG00000178966,3598
ENSG00000165269,0
ENSG00000165271,1000
ENSG00000130713,1301
ENSG00000228467,0
ENSG00000212864,293
ENSG00000165684,308
ENSG00000283329,0
ENSG00000207581,0
ENSG00000264823,0
ENSG00000119508,92
ENSG00000136874,942
ENSG00000254571,0
ENSG00000239908,0
ENSG00000238172,26
ENSG00000270995,0
ENSG00000231697,0
ENSG00000136861,2940
ENSG00000148215,0
ENSG00000197768,2
ENSG00000164975,4099
ENSG00000130045,6
ENSG00000198722,2346
ENSG00000106823,252
ENSG00000106852,10
ENSG00000289220,0
ENSG00000231806,0
ENSG00000229694,0
ENSG00000288865,0
ENSG00000289079,0
ENSG00000288963,10
ENSG00000237422,0
ENSG00000289166,0
ENSG00000289185,0
ENSG00000225489,0
ENSG00000288838,1
ENSG00000268364,140
ENSG00000288903,0
ENSG00000289285,0
ENSG00000288968,0
ENSG00000286718,0
ENSG00000289440,72
ENSG00000203993,286
ENSG00000236404,33
ENSG00000289214,0
ENSG00000288876,0
ENSG00000023318,2824
ENSG00000215236,0
ENSG00000234709,0
ENSG00000237073,0
ENSG00000282897,0
ENSG00000233817,0
ENSG00000227482,5
ENSG00000214669,0
ENSG00000178243,0
ENSG00000235572,0
ENSG00000224682,0
ENSG00000225361,8
ENSG00000196422,671
ENSG00000160345,298
ENSG00000226706,0
ENSG00000160349,0
ENSG00000122136,0
ENSG00000289000,0
ENSG00000126883,1973
ENSG00000286428,0
ENSG00000169155,1544
ENSG00000288995,0
ENSG00000136859,664
ENSG00000172785,1565
ENSG00000263403,0
ENSG00000265181,0
ENSG00000224599,2
ENSG00000236252,4
ENSG00000267085,0
ENSG00000204780,0
ENSG00000204779,0
ENSG00000204778,2
ENSG00000287329,0
ENSG00000276723,0
ENSG00000280286,0
ENSG00000147996,462
ENSG00000204776,0
ENSG00000237904,0
ENSG00000235893,0
ENSG00000231701,2
ENSG00000279688,0
ENSG00000184659,4
ENSG00000181404,38
ENSG00000187796,0
ENSG00000289701,0
ENSG00000230221,2
ENSG00000158169,1141
ENSG00000251697,0
ENSG00000205143,6
ENSG00000119408,3385
ENSG00000235204,7
ENSG00000227200,0
ENSG00000136930,6902
ENSG00000136931,0
ENSG00000231149,0
ENSG00000175854,636
ENSG00000228142,0
ENSG00000182150,1392
ENSG00000221829,850
ENSG00000234829,0
ENSG00000232138,0
ENSG00000228083,0
ENSG00000224416,0
ENSG00000147873,0
ENSG00000226393,0
ENSG00000198642,9433
ENSG00000188379,0
ENSG00000261696,0
ENSG00000231195,0
ENSG00000235108,0
ENSG00000120242,0
ENSG00000237691,0
ENSG00000197919,0
ENSG00000238271,0
ENSG00000199177,0
ENSG00000264379,0
ENSG00000227443,0
ENSG00000184995,0
ENSG00000255036,0
ENSG00000254876,0
ENSG00000254633,0
ENSG00000197816,0
ENSG00000221269,0
ENSG00000228957,0
ENSG00000286375,0
ENSG00000159712,0
ENSG00000289356,0
ENSG00000229146,0
ENSG00000276257,0
ENSG00000275030,0
ENSG00000284611,0
ENSG00000284658,0
ENSG00000278720,0
ENSG00000286945,0
ENSG00000233765,0
ENSG00000260691,0
ENSG00000285580,0
ENSG00000238551,0
ENSG00000224185,0
ENSG00000224762,0
ENSG00000289725,2
ENSG00000229156,0
ENSG00000224106,0
ENSG00000233569,0
ENSG00000235133,0
ENSG00000201444,0
ENSG00000231901,0
ENSG00000234782,56
ENSG00000284977,4
ENSG00000289735,0
ENSG00000289736,7
ENSG00000229835,4
ENSG00000244230,0
ENSG00000099810,4482
ENSG00000264545,0
ENSG00000229298,0
ENSG00000265194,1
ENSG00000279670,0
ENSG00000264801,0
ENSG00000224854,0
ENSG00000147889,144
ENSG00000240498,35
ENSG00000266446,0
ENSG00000147883,1036
ENSG00000215221,0
ENSG00000274055,0
ENSG00000277653,0
ENSG00000236921,0
ENSG00000223478,23
ENSG00000244213,0
ENSG00000198853,1184
ENSG00000287287,0
ENSG00000235619,0
ENSG00000215187,4
ENSG00000227852,0
ENSG00000279073,0
ENSG00000199411,0
ENSG00000263697,0
ENSG00000122140,564
ENSG00000237553,0
ENSG00000107014,10
ENSG00000214195,0
ENSG00000107018,0
ENSG00000272866,0
ENSG00000231967,1
ENSG00000107020,622
ENSG00000214190,0
ENSG00000120217,2
ENSG00000197646,37
ENSG00000231509,0
ENSG00000120162,96
ENSG00000287355,4
ENSG00000147896,0
ENSG00000285103,0
ENSG00000147894,710
ENSG00000215441,0
ENSG00000260390,0
ENSG00000260412,0
ENSG00000229060,0
ENSG00000287551,0
ENSG00000224955,0
ENSG00000215966,0
ENSG00000215939,0
ENSG00000230276,0
ENSG00000277646,0
ENSG00000229834,0
ENSG00000230097,0
ENSG00000174482,0
ENSG00000177125,1736
ENSG00000225856,0
ENSG00000228658,0
ENSG00000213694,380
ENSG00000148082,3474
ENSG00000224945,56
ENSG00000123975,4624
ENSG00000265112,0
ENSG00000252942,5
ENSG00000227269,0
ENSG00000240235,0
ENSG00000119523,1780
ENSG00000106803,2800
ENSG00000222337,0
ENSG00000255815,0
ENSG00000271086,0
ENSG00000277828,0
ENSG00000287955,0
ENSG00000277465,0
ENSG00000106799,17923
ENSG00000289031,5
ENSG00000197724,1960
ENSG00000048828,6402
ENSG00000203396,0
ENSG00000204246,0
ENSG00000179055,0
ENSG00000285082,0
ENSG00000231995,2
ENSG00000231212,0
ENSG00000236450,0
ENSG00000252133,0
ENSG00000275230,0
ENSG00000204802,0
ENSG00000233651,0
ENSG00000226429,0
ENSG00000224603,0
ENSG00000232827,0
ENSG00000204801,0
ENSG00000226007,7
ENSG00000278213,1
ENSG00000234217,0
ENSG00000236825,0
ENSG00000234451,0
ENSG00000288694,0
ENSG00000107282,301
ENSG00000261447,0
ENSG00000188647,16489
ENSG00000225626,14
ENSG00000201583,0
ENSG00000070214,5280
ENSG00000289227,0
ENSG00000119383,4464
ENSG00000229314,0
ENSG00000228278,0
ENSG00000106948,474
ENSG00000095397,254
ENSG00000119522,1228
ENSG00000236668,8
ENSG00000233909,0
ENSG00000136816,1207
ENSG00000136827,2525
ENSG00000136819,1762
ENSG00000136878,829
ENSG00000276124,0
ENSG00000224988,0
ENSG00000288924,209
ENSG00000230684,0
ENSG00000270755,0
ENSG00000148180,1690
ENSG00000106804,627
ENSG00000107164,4629
ENSG00000158079,376
ENSG00000227666,0
ENSG00000286834,4
ENSG00000286203,0
ENSG00000199165,0
ENSG00000199072,0
ENSG00000230262,0
ENSG00000199133,0
ENSG00000136848,1593
ENSG00000122733,0
ENSG00000283526,0
ENSG00000157654,2262
ENSG00000284976,0
ENSG00000276040,0
ENSG00000283205,0
ENSG00000275969,0
ENSG00000120235,0
ENSG00000233816,0
ENSG00000179058,0
ENSG00000236637,0
ENSG00000167110,1306
ENSG00000287038,0
ENSG00000136869,682
ENSG00000165282,670
ENSG00000196990,0
ENSG00000261018,0
ENSG00000123454,9
ENSG00000225756,2
ENSG00000187616,0
ENSG00000160323,30
ENSG00000173068,202
ENSG00000235832,0
ENSG00000235310,0
ENSG00000277869,0
ENSG00000274893,0
ENSG00000273668,0
ENSG00000275026,0
ENSG00000278068,0
ENSG00000289843,167
ENSG00000275465,0
ENSG00000285634,0
ENSG00000225655,0
ENSG00000226752,6
ENSG00000179082,0
ENSG00000288891,5
ENSG00000286685,0
ENSG00000230185,46
ENSG00000228392,0
ENSG00000224307,0
ENSG00000225434,4
ENSG00000270332,16
ENSG00000227355,0
ENSG00000284418,0
ENSG00000226197,0
ENSG00000277631,0
ENSG00000254473,128
ENSG00000225194,0
ENSG00000237461,6
ENSG00000289933,0
ENSG00000232104,38
ENSG00000226237,8
ENSG00000234323,18
ENSG00000289123,0
ENSG00000236849,0
ENSG00000237372,8
ENSG00000204054,223
ENSG00000171889,0
ENSG00000233926,10
ENSG00000281649,4270
ENSG00000233016,796
ENSG00000287168,2
ENSG00000288989,4
ENSG00000230074,39
ENSG00000175611,36
ENSG00000250850,0
ENSG00000289969,0
ENSG00000278910,22
ENSG00000233901,246
ENSG00000224020,189
ENSG00000289987,0
ENSG00000289993,0
ENSG00000273061,24
ENSG00000232939,24
ENSG00000286162,38
ENSG00000236924,36
ENSG00000225706,100
ENSG00000234506,0
ENSG00000288873,10
ENSG00000286322,0
ENSG00000273036,0
ENSG00000284612,0
ENSG00000180071,0
ENSG00000230453,0
ENSG00000234373,0
ENSG00000270691,0
ENSG00000238002,0
ENSG00000232494,0
ENSG00000260564,0
ENSG00000279715,0
ENSG00000280366,0
ENSG00000286793,0
ENSG00000238529,0
ENSG00000273900,0
ENSG00000275144,0
ENSG00000230635,0
ENSG00000229079,0
ENSG00000213816,0
ENSG00000276128,0
ENSG00000277737,0
ENSG00000185963,2354
ENSG00000288062,6
ENSG00000288271,0
ENSG00000252772,0
ENSG00000226721,0
ENSG00000275318,97
ENSG00000127081,512
ENSG00000232843,0
ENSG00000188101,0
ENSG00000224848,0
ENSG00000203279,9
ENSG00000216829,0
ENSG00000233424,0
ENSG00000204818,0
ENSG00000224537,0
ENSG00000229613,0
ENSG00000165023,26
ENSG00000236316,0
ENSG00000270432,0
ENSG00000196116,192
ENSG00000237886,0
ENSG00000279256,0
ENSG00000254261,0
ENSG00000252580,0
ENSG00000136938,9100
ENSG00000236896,0
ENSG00000212521,0
ENSG00000095380,666
ENSG00000106785,80
ENSG00000274011,0
ENSG00000106789,0
ENSG00000095383,32
ENSG00000278412,0
ENSG00000224001,0
ENSG00000107242,8
ENSG00000187866,1060
ENSG00000236998,20
ENSG00000236733,0
ENSG00000288771,0
ENSG00000207206,0
ENSG00000252167,0
ENSG00000200969,0
ENSG00000230846,0
ENSG00000189357,0
ENSG00000267559,0
ENSG00000186788,0
ENSG00000237770,0
ENSG00000214929,0
ENSG00000289295,27
ENSG00000276963,0
ENSG00000278331,0
ENSG00000275390,8
ENSG00000276868,0
ENSG00000275377,0
ENSG00000280077,34
ENSG00000279456,0
ENSG00000278175,324
ENSG00000288956,0
ENSG00000289226,0
ENSG00000187239,2052
ENSG00000251960,0
ENSG00000155158,408
ENSG00000240240,0
ENSG00000243641,0
ENSG00000234534,0
ENSG00000182347,0
ENSG00000227730,0
ENSG00000228166,0
ENSG00000224083,0
ENSG00000235917,0
ENSG00000228097,0
ENSG00000237711,0
ENSG00000236254,0
ENSG00000230225,0
ENSG00000236567,0
ENSG00000254017,0
ENSG00000120210,0
ENSG00000120211,0
ENSG00000138835,2606
ENSG00000119396,7566
ENSG00000228395,0
ENSG00000234705,0
ENSG00000277027,20
ENSG00000197694,11464
ENSG00000224092,0
ENSG00000080503,1830
ENSG00000236199,0
ENSG00000289159,0
ENSG00000289163,0
ENSG00000083067,65
ENSG00000165119,45656
ENSG00000136854,2316
ENSG00000288727,0
ENSG00000126882,42
ENSG00000097007,4397
ENSG00000235481,4
ENSG00000288949,0
ENSG00000240853,0
ENSG00000231018,0
ENSG00000212395,0
ENSG00000236687,0
ENSG00000229817,0
ENSG00000106952,0
ENSG00000236461,0
ENSG00000234692,0
ENSG00000041982,22656
ENSG00000290538,0
ENSG00000184906,0
ENSG00000290546,0
ENSG00000237238,0
ENSG00000290549,39
ENSG00000228430,0
ENSG00000290551,0
ENSG00000228522,10
ENSG00000290559,0
ENSG00000179766,0
ENSG00000290567,4
ENSG00000182021,0
ENSG00000290573,0
ENSG00000287988,0
ENSG00000290579,0
ENSG00000233013,0
ENSG00000290585,0
ENSG00000176134,0
ENSG00000290586,0
ENSG00000159247,0
ENSG00000290588,0
ENSG00000225511,0
ENSG00000290644,0
ENSG00000276717,0
ENSG00000290645,0
ENSG00000204352,0
ENSG00000290685,0
ENSG00000198416,8
ENSG00000290717,0
ENSG00000223839,0
ENSG00000188029,0
ENSG00000290757,0
ENSG00000235248,0
ENSG00000290765,0
ENSG00000257198,0
ENSG00000290768,0
ENSG00000170827,0
ENSG00000290769,0
ENSG00000196312,0
ENSG00000290770,1272
ENSG00000204173,0
ENSG00000290837,15
ENSG00000276832,0
ENSG00000290848,0
ENSG00000237743,0
ENSG00000290881,0
ENSG00000214888,0
ENSG00000290882,0
ENSG00000234460,0
ENSG00000290883,0
ENSG00000224045,0
ENSG00000290889,0
ENSG00000225345,0
ENSG00000290907,0
ENSG00000277778,0
ENSG00000290923,12
ENSG00000165121,10
ENSG00000290924,17
ENSG00000279955,0
ENSG00000290938,0
ENSG00000183148,0
ENSG00000274628,0
ENSG00000290970,0
ENSG00000276203,0
ENSG00000290971,0
ENSG00000172014,4
ENSG00000290972,2
ENSG00000227449,0
ENSG00000291011,0
ENSG00000288690,0
ENSG00000291012,0
ENSG00000283162,0
ENSG00000291061,0
ENSG00000276291,0
ENSG00000291075,75
ENSG00000236816,0
ENSG00000291166,0
ENSG00000286506,0
ENSG00000291167,0
ENSG00000187984,0
ENSG00000291168,8
ENSG00000226668,0
ENSG00000291169,0
ENSG00000287276,0
ENSG00000291170,0
ENSG00000240632,0
ENSG00000291172,0
ENSG00000204837,0
ENSG00000291181,0
ENSG00000232000,0
ENSG00000291185,41
ENSG00000283945,0
ENSG00000291187,0
ENSG00000269929,14
ENSG00000197191,3
ENSG00000106976,1008
ENSG00000228307,0
ENSG00000137075,6559
ENSG00000122705,6254
ENSG00000223795,0
ENSG00000228877,0
ENSG00000227150,0
ENSG00000130635,1173
ENSG00000204011,0
ENSG00000286502,10
ENSG00000264744,0
ENSG00000265872,0
ENSG00000265848,0
ENSG00000264163,0
ENSG00000264136,0
ENSG00000266827,0
ENSG00000266514,0
ENSG00000232355,0
ENSG00000160339,0
ENSG00000085265,0
ENSG00000236403,0
ENSG00000279935,0
ENSG00000228401,0
ENSG00000289552,32
ENSG00000227835,0
ENSG00000291284,0
ENSG00000290482,0
ENSG00000291287,0
ENSG00000290969,0
ENSG00000290718,0
ENSG00000106829,7024
ENSG00000213221,0
ENSG00000238058,69
ENSG00000130560,944
ENSG00000148411,4216
ENSG00000260193,0
ENSG00000238227,986
ENSG00000275329,12
ENSG00000107187,0
ENSG00000165661,1118
ENSG00000260220,0
ENSG00000279813,0
ENSG00000283769,0
ENSG00000288701,9838
ENSG00000291303,0
ENSG00000250068,12
ENSG00000148153,2549
ENSG00000226609,18
ENSG00000148158,2352
ENSG00000291094,0
ENSG00000228623,169
ENSG00000107263,2714
ENSG00000176884,26
ENSG00000176978,89
ENSG00000130948,0
ENSG00000285269,0
ENSG00000232283,0
ENSG00000207276,0
ENSG00000130958,147
ENSG00000165244,876
ENSG00000238251,24
ENSG00000286835,2
ENSG00000287302,0
ENSG00000130956,999
ENSG00000081377,681
ENSG00000289459,0
ENSG00000287750,10
ENSG00000230246,0
ENSG00000086062,1450
ENSG00000233554,7
ENSG00000252224,0
ENSG00000122711,0
ENSG00000107262,1954
ENSG00000086065,5634
ENSG00000200544,0
ENSG00000137076,4452
ENSG00000180264,0
ENSG00000136811,1033
ENSG00000165688,2272
ENSG00000234644,0
ENSG00000099139,466
ENSG00000231137,0
ENSG00000135002,5620
ENSG00000234618,22
ENSG00000233814,0
ENSG00000280094,0
ENSG00000226562,0
ENSG00000205274,0
ENSG00000078902,1374
ENSG00000284438,0
ENSG00000269821,112
ENSG00000284546,0
ENSG00000255153,26
ENSG00000284018,0
ENSG00000117983,0
ENSG00000174672,785
ENSG00000175800,0
ENSG00000255177,0
ENSG00000171999,0
ENSG00000221996,0
ENSG00000053918,0
ENSG00000287935,0
ENSG00000132109,174
ENSG00000236175,0
ENSG00000285985,0
ENSG00000255492,0
ENSG00000149054,2
ENSG00000254946,0
ENSG00000256206,0
ENSG00000110328,12
ENSG00000254661,0
ENSG00000286959,0
ENSG00000175868,0
ENSG00000283873,0
ENSG00000254444,0
ENSG00000284306,0
ENSG00000255323,0
ENSG00000177054,1153
ENSG00000254542,0
ENSG00000149050,201
ENSG00000254456,0
ENSG00000255558,0
ENSG00000215182,0
ENSG00000255260,0
ENSG00000240298,4
ENSG00000170748,0
ENSG00000240036,78
ENSG00000225477,0
ENSG00000255291,0
ENSG00000286960,0
ENSG00000134343,0
ENSG00000255370,0
ENSG00000271491,0
ENSG00000255351,0
ENSG00000254878,0
ENSG00000129170,0
ENSG00000255496,0
ENSG00000170743,8
ENSG00000254622,0
ENSG00000255175,0
ENSG00000255300,0
ENSG00000255179,0
ENSG00000255018,0
ENSG00000238149,0
ENSG00000254598,1
ENSG00000255388,0
ENSG00000255454,0
ENSG00000255029,0
ENSG00000254540,0
ENSG00000183161,1703
ENSG00000286521,0
ENSG00000254418,0
ENSG00000254784,0
ENSG00000167333,318
ENSG00000246225,0
ENSG00000286275,0
ENSG00000254516,0
ENSG00000254594,0
ENSG00000152219,2325
ENSG00000254816,0
ENSG00000255281,0
ENSG00000255308,0
ENSG00000129158,438
ENSG00000121691,1766
ENSG00000255293,0
ENSG00000255270,2
ENSG00000149100,10204
ENSG00000166478,1138
ENSG00000255347,0
ENSG00000281880,0
ENSG00000255117,0
ENSG00000254564,0
ENSG00000254934,0
ENSG00000109851,0
ENSG00000255092,0
ENSG00000255525,0
ENSG00000129151,928
ENSG00000287227,0
ENSG00000187398,0
ENSG00000254819,0
ENSG00000270607,0
ENSG00000242729,0
ENSG00000228061,43
ENSG00000179431,2028
ENSG00000254532,0
ENSG00000254606,0
ENSG00000177447,0
ENSG00000255462,0
ENSG00000255186,0
ENSG00000254627,0
ENSG00000254645,0
ENSG00000279004,0
ENSG00000254567,2
ENSG00000254993,0
ENSG00000254695,0
ENSG00000258817,0
ENSG00000265973,0
ENSG00000255199,0
ENSG00000254861,0
ENSG00000254754,0
ENSG00000254560,5
ENSG00000255167,0
ENSG00000254725,0
ENSG00000184937,0
ENSG00000283605,0
ENSG00000260811,0
ENSG00000249867,0
ENSG00000255111,0
ENSG00000233301,0
ENSG00000221954,0
ENSG00000255043,0
ENSG00000255227,0
ENSG00000255563,0
ENSG00000133818,2072
ENSG00000255268,0
ENSG00000255193,0
ENSG00000254547,0
ENSG00000255338,0
ENSG00000254465,0
ENSG00000254472,0
ENSG00000197161,0
ENSG00000272882,0
ENSG00000287538,0
ENSG00000244267,0
ENSG00000279675,216
ENSG00000262655,3146
ENSG00000255110,0
ENSG00000255490,0
ENSG00000255477,0
ENSG00000255123,0
ENSG00000255271,0
ENSG00000254496,0
ENSG00000255190,0
ENSG00000270903,0
ENSG00000255019,0
ENSG00000255452,0
ENSG00000255109,0
ENSG00000245573,49
ENSG00000285705,0
ENSG00000255550,0
ENSG00000255204,0
ENSG00000214883,0
ENSG00000254940,0
ENSG00000236919,0
ENSG00000255086,0
ENSG00000254668,0
ENSG00000254836,0
ENSG00000277803,0
ENSG00000254686,0
ENSG00000205030,0
ENSG00000086205,1861
ENSG00000198168,1252
ENSG00000184789,0
ENSG00000255442,0
ENSG00000170946,1208
ENSG00000255416,0
ENSG00000186113,0
ENSG00000181943,0
ENSG00000182565,0
ENSG00000254487,0
ENSG00000219061,0
ENSG00000205213,7970
ENSG00000254408,0
ENSG00000255433,0
ENSG00000275725,0
ENSG00000227160,0
ENSG00000254828,0
ENSG00000240881,0
ENSG00000255349,0
ENSG00000255078,0
ENSG00000254637,0
ENSG00000255001,0
ENSG00000123447,0
ENSG00000254800,0
ENSG00000197254,0
ENSG00000226268,0
ENSG00000255427,0
ENSG00000260595,0
ENSG00000279761,0
ENSG00000254412,0
ENSG00000255543,0
ENSG00000186509,0
ENSG00000279514,0
ENSG00000288177,0
ENSG00000254526,0
ENSG00000255096,0
ENSG00000255499,0
ENSG00000254624,0
ENSG00000181837,0
ENSG00000255040,16
ENSG00000186082,0
ENSG00000255214,0
ENSG00000255283,0
ENSG00000183134,0
ENSG00000166326,6877
ENSG00000255500,2
ENSG00000110048,3830
ENSG00000176555,0
ENSG00000172772,0
ENSG00000254807,0
ENSG00000197786,0
ENSG00000286983,0
ENSG00000286382,0
ENSG00000280288,0
ENSG00000274150,0
ENSG00000255489,0
ENSG00000255357,4
ENSG00000244176,0
ENSG00000221840,0
ENSG00000255375,0
ENSG00000254926,0
ENSG00000254919,146
ENSG00000255279,0
ENSG00000167996,8546
ENSG00000149503,1535
ENSG00000254894,0
ENSG00000241228,0
ENSG00000135362,112
ENSG00000110442,1154
ENSG00000124935,0
ENSG00000254518,0
ENSG00000285283,0
ENSG00000285895,0
ENSG00000186660,4932
ENSG00000225997,0
ENSG00000255333,0
ENSG00000216708,0
ENSG00000240975,0
ENSG00000271369,42
ENSG00000149124,0
ENSG00000255309,0
ENSG00000255368,0
ENSG00000254708,0
ENSG00000255450,0
ENSG00000254544,0
ENSG00000150244,0
ENSG00000255359,0
ENSG00000254743,0
ENSG00000254669,0
ENSG00000185238,1584
ENSG00000254768,19
ENSG00000271350,0
ENSG00000227806,0
ENSG00000272900,0
ENSG00000167825,0
ENSG00000187612,0
ENSG00000162174,464
ENSG00000224411,56
ENSG00000254589,0
ENSG00000279266,0
ENSG00000109911,801
ENSG00000166016,1028
ENSG00000255451,0
ENSG00000255171,0
ENSG00000255553,0
ENSG00000236607,0
ENSG00000255139,9
ENSG00000172289,0
ENSG00000254562,0
ENSG00000220204,0
ENSG00000255118,0
ENSG00000166889,1684
ENSG00000255160,0
ENSG00000254822,0
ENSG00000134827,12
ENSG00000254566,0
ENSG00000152270,530
ENSG00000257058,0
ENSG00000255418,0
ENSG00000149516,0
ENSG00000254734,0
ENSG00000254403,0
ENSG00000254584,0
ENSG00000254530,0
ENSG00000255252,0
ENSG00000255073,0
ENSG00000242834,0
ENSG00000270588,0
ENSG00000255106,0
ENSG00000124942,5663
ENSG00000148948,662
ENSG00000167995,20
ENSG00000254454,0
ENSG00000234964,9
ENSG00000168515,0
ENSG00000269570,4
ENSG00000011347,30
ENSG00000124900,0
ENSG00000148942,8
ENSG00000255218,0
ENSG00000149021,0
ENSG00000255538,0
ENSG00000254477,0
ENSG00000255047,0
ENSG00000255331,0
ENSG00000240554,0
ENSG00000255845,0
ENSG00000129173,166
ENSG00000280321,3
ENSG00000157570,72
ENSG00000242527,0
ENSG00000254772,0
ENSG00000165973,144
ENSG00000255508,0
ENSG00000237272,0
ENSG00000287373,50
ENSG00000254404,0
ENSG00000270929,0
ENSG00000250659,0
ENSG00000148950,428
ENSG00000134812,0
ENSG00000205029,0
ENSG00000254914,0
ENSG00000255393,0
ENSG00000124939,0
ENSG00000176971,350
ENSG00000197745,0
ENSG00000255431,0
ENSG00000255267,0
ENSG00000255959,0
ENSG00000110107,3919
ENSG00000255446,0
ENSG00000254906,0
ENSG00000261340,0
ENSG00000287264,0
ENSG00000149507,0
ENSG00000242689,90
ENSG00000255126,0
ENSG00000110484,0
ENSG00000169519,996
ENSG00000285740,0
ENSG00000176697,154
ENSG00000179241,12547
ENSG00000255355,0
ENSG00000166902,800
ENSG00000286418,0
ENSG00000285751,0
ENSG00000285656,0
ENSG00000271028,0
ENSG00000254651,0
ENSG00000256813,0
ENSG00000279395,0
ENSG00000110104,623
ENSG00000255213,0
ENSG00000254862,0
ENSG00000181995,0
ENSG00000255041,0
ENSG00000255505,0
ENSG00000271332,0
ENSG00000148943,5052
ENSG00000255421,0
ENSG00000132749,0
ENSG00000255081,0
ENSG00000173227,50
ENSG00000254672,0
ENSG00000254447,0
ENSG00000255519,0
ENSG00000254582,8
ENSG00000169550,0
ENSG00000254514,0
ENSG00000021300,2154
ENSG00000279297,0
ENSG00000255178,0
ENSG00000254746,0
ENSG00000255385,0
ENSG00000186895,478
ENSG00000256568,0
ENSG00000255162,0
ENSG00000166013,0
ENSG00000255132,1
ENSG00000254885,0
ENSG00000255187,0
ENSG00000280430,0
ENSG00000286665,0
ENSG00000283601,0
ENSG00000254579,0
ENSG00000254915,2
ENSG00000280367,2
ENSG00000077514,1092
ENSG00000284722,0
ENSG00000280307,0
ENSG00000270323,0
ENSG00000166012,2318
ENSG00000248990,0
ENSG00000137478,1028
ENSG00000255995,0
ENSG00000280010,15
ENSG00000279438,0
ENSG00000166025,4817
ENSG00000254747,0
ENSG00000255391,0
ENSG00000278980,0
ENSG00000255928,0
ENSG00000256148,20
ENSG00000278929,0
ENSG00000260808,2
ENSG00000255540,0
ENSG00000255295,0
ENSG00000214414,0
ENSG00000279603,0
ENSG00000268635,0
ENSG00000166004,302
ENSG00000184384,4348
ENSG00000214391,66
ENSG00000280201,0
ENSG00000261645,0
ENSG00000254971,0
ENSG00000254437,0
ENSG00000279299,0
ENSG00000197692,0
ENSG00000255482,0
ENSG00000255504,0
ENSG00000245832,2
ENSG00000279045,0
ENSG00000255209,0
ENSG00000279696,35
ENSG00000254985,6
ENSG00000279341,0
ENSG00000178301,35
ENSG00000279163,0
ENSG00000256007,0
ENSG00000256752,0
ENSG00000280085,0
ENSG00000170967,6
ENSG00000255515,0
ENSG00000255039,0
ENSG00000256469,0
ENSG00000077498,8
ENSG00000254677,0
ENSG00000287802,0
ENSG00000279454,0
ENSG00000254599,0
ENSG00000277459,16
ENSG00000254758,0
ENSG00000118113,4
ENSG00000254794,0
ENSG00000279697,0
ENSG00000285835,0
ENSG00000077616,298
ENSG00000137691,20
ENSG00000250946,0
ENSG00000255102,0
ENSG00000280093,0
ENSG00000137675,0
ENSG00000255256,0
ENSG00000255353,0
ENSG00000165895,1476
ENSG00000204455,0
ENSG00000224829,0
ENSG00000255059,8
ENSG00000231726,0
ENSG00000270449,0
ENSG00000270753,0
ENSG00000023445,0
ENSG00000149289,5421
ENSG00000086991,518
ENSG00000255337,19
ENSG00000173156,24
ENSG00000255345,0
ENSG00000274584,2
ENSG00000255183,0
ENSG00000279701,0
ENSG00000254911,0
ENSG00000255376,0
ENSG00000234751,0
ENSG00000255285,0
ENSG00000280124,0
ENSG00000254587,0
ENSG00000279209,0
ENSG00000179331,406
ENSG00000255380,0
ENSG00000284057,0
ENSG00000042429,124
ENSG00000255028,2
ENSG00000181333,0
ENSG00000255548,0
ENSG00000261098,238
ENSG00000255170,0
ENSG00000286555,0
ENSG00000214376,20
ENSG00000255210,0
ENSG00000168930,0
ENSG00000260008,0
ENSG00000278953,0
ENSG00000123892,219
ENSG00000069482,0
ENSG00000279248,0
ENSG00000254987,0
ENSG00000270179,6
ENSG00000271600,0
ENSG00000255282,0
ENSG00000137673,32
ENSG00000110660,966
ENSG00000137674,0
ENSG00000285842,0
ENSG00000255332,0
ENSG00000279056,0
ENSG00000054967,96
ENSG00000255501,0
ENSG00000254650,0
ENSG00000166575,2828
ENSG00000255547,0
ENSG00000137672,0
ENSG00000254830,0
ENSG00000137693,7427
ENSG00000234376,0
ENSG00000173120,3020
ENSG00000255316,0
ENSG00000255516,0
ENSG00000255486,0
ENSG00000254434,0
ENSG00000254939,0
ENSG00000170290,12
ENSG00000254436,0
ENSG00000270868,0
ENSG00000256916,0
ENSG00000248027,11
ENSG00000170962,1605
ENSG00000254659,0
ENSG00000255205,0
ENSG00000255070,0
ENSG00000254604,13
ENSG00000166266,5166
ENSG00000168010,14
ENSG00000240652,0
ENSG00000286345,0
ENSG00000213252,2
ENSG00000137713,3258
ENSG00000254798,0
ENSG00000255065,0
ENSG00000166682,285
ENSG00000110675,22
ENSG00000255022,0
ENSG00000257087,0
ENSG00000255528,2
ENSG00000254555,0
ENSG00000256928,0
ENSG00000177103,0
ENSG00000170209,0
ENSG00000110237,483
ENSG00000254416,64
ENSG00000256717,0
ENSG00000254422,0
ENSG00000254511,0
ENSG00000225215,0
ENSG00000254851,0
ENSG00000255149,0
ENSG00000255429,0
ENSG00000255241,0
ENSG00000198382,762
ENSG00000227376,6
ENSG00000254702,0
ENSG00000233497,0
ENSG00000245148,0
ENSG00000250390,0
ENSG00000287245,0
ENSG00000255014,4
ENSG00000224776,0
ENSG00000166002,144
ENSG00000255239,0
ENSG00000149380,8
ENSG00000254506,0
ENSG00000152558,30219
ENSG00000255580,3
ENSG00000255483,0
ENSG00000255903,0
ENSG00000285568,0
ENSG00000254944,0
ENSG00000074201,7223
ENSG00000279818,0
ENSG00000255502,0
ENSG00000286731,0
ENSG00000271022,0
ENSG00000227487,0
ENSG00000243669,0
ENSG00000255605,0
ENSG00000279793,0
ENSG00000270423,0
ENSG00000256448,0
ENSG00000255246,0
ENSG00000166900,47
ENSG00000109944,34
ENSG00000186642,45
ENSG00000272575,0
ENSG00000137714,1719
ENSG00000255299,0
ENSG00000243777,0
ENSG00000137699,0
ENSG00000288020,0
ENSG00000244134,0
ENSG00000255599,0
ENSG00000244400,0
ENSG00000270510,0
ENSG00000254880,0
ENSG00000196914,12529
ENSG00000227125,0
ENSG00000246790,0
ENSG00000254863,0
ENSG00000255094,0
ENSG00000244641,0
ENSG00000254823,0
ENSG00000154144,691
ENSG00000260254,0
ENSG00000255327,0
ENSG00000255074,0
ENSG00000282728,0
ENSG00000137642,1252
ENSG00000134940,15
ENSG00000187686,8
ENSG00000255455,0
ENSG00000240121,0
ENSG00000288528,0
ENSG00000110013,1842
ENSG00000254534,0
ENSG00000255255,0
ENSG00000227593,0
ENSG00000237612,0
ENSG00000255786,0
ENSG00000109943,0
ENSG00000109971,109734
ENSG00000043039,8
ENSG00000287238,0
ENSG00000255216,0
ENSG00000166250,247
ENSG00000279771,0
ENSG00000279046,0
ENSG00000233541,0
ENSG00000256315,0
ENSG00000213233,0
ENSG00000149557,5180
ENSG00000255155,0
ENSG00000091664,76
ENSG00000204456,0
ENSG00000121621,1501
ENSG00000149256,1285
ENSG00000255545,0
ENSG00000285909,0
ENSG00000286044,14
ENSG00000254515,0
ENSG00000255475,0
ENSG00000281097,0
ENSG00000278945,0
ENSG00000154127,1233
ENSG00000255342,0
ENSG00000236616,0
ENSG00000281386,0
ENSG00000254407,1
ENSG00000236129,0
ENSG00000204300,0
ENSG00000256281,0
ENSG00000255344,0
ENSG00000286374,0
ENSG00000134910,8971
ENSG00000109929,16640
ENSG00000166118,0
ENSG00000254989,0
ENSG00000175728,0
ENSG00000286341,0
ENSG00000213153,0
ENSG00000254573,0
ENSG00000272642,0
ENSG00000149571,5
ENSG00000232460,6
ENSG00000149547,7615
ENSG00000254612,146
ENSG00000285735,0
ENSG00000254591,0
ENSG00000287251,0
ENSG00000255352,0
ENSG00000273415,0
ENSG00000285640,0
ENSG00000255537,4
ENSG00000197798,2000
ENSG00000188909,0
ENSG00000255258,6
ENSG00000256757,0
ENSG00000254842,0
ENSG00000254572,0
ENSG00000255512,0
ENSG00000280385,1030
ENSG00000273409,0
ENSG00000213184,0
ENSG00000154143,0
ENSG00000254935,0
ENSG00000287897,0
ENSG00000149295,9
ENSG00000255006,0
ENSG00000171561,0
ENSG00000110172,3567
ENSG00000256972,2
ENSG00000254710,0
ENSG00000255484,0
ENSG00000165495,1162
ENSG00000214788,0
ENSG00000255234,2
ENSG00000255079,0
ENSG00000270701,0
ENSG00000149328,1612
ENSG00000288070,0
ENSG00000255032,0
ENSG00000259290,0
ENSG00000237937,0
ENSG00000254932,0
ENSG00000109956,1037
ENSG00000085117,820
ENSG00000254693,0
ENSG00000118094,0
ENSG00000109881,1379
ENSG00000187151,16
ENSG00000279295,0
ENSG00000244259,0
ENSG00000257067,4
ENSG00000254890,0
ENSG00000270403,0
ENSG00000255808,0
ENSG00000110318,52
ENSG00000254626,0
ENSG00000185742,148
ENSG00000254482,0
ENSG00000254471,0
ENSG00000239600,0
ENSG00000149534,0
ENSG00000254424,0
ENSG00000287006,0
ENSG00000275669,0
ENSG00000266645,0
ENSG00000278529,0
ENSG00000212365,0
ENSG00000253072,0
ENSG00000221703,0
ENSG00000251991,0
ENSG00000284094,0
ENSG00000201059,0
ENSG00000252816,0
ENSG00000200687,0
ENSG00000265210,0
ENSG00000207407,0
ENSG00000264309,0
ENSG00000252519,0
ENSG00000207252,0
ENSG00000278483,0
ENSG00000212289,0
ENSG00000207874,0
ENSG00000222427,0
ENSG00000273677,0
ENSG00000243505,0
ENSG00000278822,0
ENSG00000278045,0
ENSG00000276530,0
ENSG00000273908,0
ENSG00000277119,0
ENSG00000275868,0
ENSG00000212551,0
ENSG00000251838,0
ENSG00000201591,0
ENSG00000263389,0
ENSG00000206806,0
ENSG00000252922,0
ENSG00000222385,0
ENSG00000273912,0
ENSG00000264559,0
ENSG00000223223,0
ENSG00000283326,0
ENSG00000223013,0
ENSG00000200146,0
ENSG00000206816,0
ENSG00000211997,0
ENSG00000206638,0
ENSG00000238880,0
ENSG00000266570,0
ENSG00000264110,0
ENSG00000223015,0
ENSG00000202522,2
ENSG00000265064,0
ENSG00000207113,0
ENSG00000206690,0
ENSG00000272036,0
ENSG00000251919,0
ENSG00000240202,0
ENSG00000283412,0
ENSG00000199315,0
ENSG00000207299,0
ENSG00000263885,0
ENSG00000242165,0
ENSG00000199875,0
ENSG00000202314,0
ENSG00000275146,0
ENSG00000273885,0
ENSG00000207112,0
ENSG00000223269,0
ENSG00000206799,0
ENSG00000206834,0
ENSG00000207304,0
ENSG00000239195,0
ENSG00000207145,0
ENSG00000284458,0
ENSG00000210825,0
ENSG00000212466,0
ENSG00000274097,0
ENSG00000280773,0
ENSG00000206911,0
ENSG00000200047,0
ENSG00000264200,0
ENSG00000278640,0
ENSG00000266703,0
ENSG00000264997,0
ENSG00000239153,0
ENSG00000221586,0
ENSG00000200613,0
ENSG00000206772,0
ENSG00000212397,0
ENSG00000238998,0
ENSG00000207462,0
ENSG00000223265,0
ENSG00000200496,0
ENSG00000239079,0
ENSG00000200855,0
ENSG00000265357,0
ENSG00000252870,0
ENSG00000199709,0
ENSG00000222844,0
ENSG00000274999,0
ENSG00000242673,0
ENSG00000222297,0
ENSG00000200278,0
ENSG00000252255,0
ENSG00000284020,0
ENSG00000200879,2
ENSG00000207118,0
ENSG00000202252,0
ENSG00000222774,0
ENSG00000265140,0
ENSG00000223315,0
ENSG00000199090,0
ENSG00000149273,64902
ENSG00000206941,0
ENSG00000207445,0
ENSG00000158555,152
ENSG00000254460,0
ENSG00000255326,25
ENSG00000255434,13
ENSG00000254630,0
ENSG00000255280,0
ENSG00000166391,0
ENSG00000263993,0
ENSG00000247867,0
ENSG00000254826,0
ENSG00000254814,0
ENSG00000200256,0
ENSG00000199362,0
ENSG00000149257,13820
ENSG00000166927,0
ENSG00000166928,0
ENSG00000166930,0
ENSG00000176984,0
ENSG00000184232,347
ENSG00000137709,0
ENSG00000259541,0
ENSG00000274303,0
ENSG00000256116,0
ENSG00000173457,4345
ENSG00000257086,0
ENSG00000257069,0
ENSG00000207024,0
ENSG00000219435,0
ENSG00000126432,6310
ENSG00000168071,2
ENSG00000278359,0
ENSG00000162302,220
ENSG00000221273,0
ENSG00000231492,0
ENSG00000181908,8
ENSG00000286816,2
ENSG00000232500,0
ENSG00000237363,0
ENSG00000168065,0
ENSG00000197891,0
ENSG00000237410,0
ENSG00000068831,4
ENSG00000068976,18
ENSG00000269038,11
ENSG00000168067,196
ENSG00000110047,2279
ENSG00000230835,0
ENSG00000283926,0
ENSG00000284155,0
ENSG00000110046,550
ENSG00000274986,0
ENSG00000274314,0
ENSG00000068971,395
ENSG00000149735,0
ENSG00000168070,0
ENSG00000168062,0
ENSG00000213465,293
ENSG00000278851,0
ENSG00000270775,0
ENSG00000171219,20
ENSG00000272664,0
ENSG00000271602,0
ENSG00000272559,0
ENSG00000273051,0
ENSG00000201980,0
ENSG00000176951,0
ENSG00000231070,0
ENSG00000279270,0
ENSG00000197023,0
ENSG00000278870,0
ENSG00000227023,0
ENSG00000205496,0
ENSG00000225003,0
ENSG00000224300,0
ENSG00000230261,0
ENSG00000205495,0
ENSG00000176787,0
ENSG00000273085,0
ENSG00000237354,0
ENSG00000226157,0
ENSG00000203560,0
ENSG00000236897,0
ENSG00000176752,0
ENSG00000285498,0
ENSG00000221031,0
ENSG00000244734,0
ENSG00000223609,0
ENSG00000284931,0
ENSG00000196565,0
ENSG00000239920,0
ENSG00000213931,0
ENSG00000229093,0
ENSG00000183251,0
ENSG00000223735,0
ENSG00000236359,0
ENSG00000176239,0
ENSG00000230087,0
ENSG00000236248,0
ENSG00000184321,0
ENSG00000167360,0
ENSG00000248424,0
ENSG00000230484,0
ENSG00000181609,0
ENSG00000175520,0
ENSG00000175518,0
ENSG00000224295,0
ENSG00000249633,0
ENSG00000248553,0
ENSG00000233646,0
ENSG00000229534,0
ENSG00000187747,0
ENSG00000121236,0
ENSG00000258588,0
ENSG00000232381,0
ENSG00000181023,0
ENSG00000236965,0
ENSG00000205409,0
ENSG00000233563,0
ENSG00000213934,0
ENSG00000182170,0
ENSG00000236301,0
ENSG00000184350,0
ENSG00000224513,0
ENSG00000236987,0
ENSG00000276951,0
ENSG00000232390,0
ENSG00000273813,0
ENSG00000254592,0
ENSG00000005801,3345
ENSG00000189398,0
ENSG00000166492,0
ENSG00000284605,0
ENSG00000254757,0
ENSG00000287906,0
ENSG00000287312,0
ENSG00000255522,0
ENSG00000237226,0
ENSG00000223688,0
ENSG00000255240,4
ENSG00000254877,0
ENSG00000255189,0
ENSG00000254786,0
ENSG00000254399,0
ENSG00000255151,0
ENSG00000189057,784
ENSG00000245571,52
ENSG00000255381,0
ENSG00000110042,496
ENSG00000197629,0
ENSG00000263999,0
ENSG00000225802,0
ENSG00000254799,0
ENSG00000214797,0
ENSG00000254704,0
ENSG00000263944,0
ENSG00000235678,0
ENSG00000255386,0
ENSG00000110002,946
ENSG00000196403,0
ENSG00000239426,0
ENSG00000276316,0
ENSG00000255116,0
ENSG00000255158,0
ENSG00000269915,0
ENSG00000177156,4236
ENSG00000177225,702
ENSG00000255142,4
ENSG00000184524,116
ENSG00000177542,616
ENSG00000177600,11107
ENSG00000199785,0
ENSG00000177666,430
ENSG00000255108,0
ENSG00000177685,4
ENSG00000177697,3426
ENSG00000177700,1332
ENSG00000250397,0
ENSG00000177830,1888
ENSG00000255369,0
ENSG00000120457,0
ENSG00000212597,0
ENSG00000206847,0
ENSG00000255467,0
ENSG00000285696,22
ENSG00000149308,1670
ENSG00000206967,0
ENSG00000166323,0
ENSG00000186268,0
ENSG00000109846,1036
ENSG00000170276,0
ENSG00000254445,0
ENSG00000149300,0
ENSG00000150764,3008
ENSG00000238965,0
ENSG00000255286,0
ENSG00000255334,0
ENSG00000230911,0
ENSG00000238444,0
ENSG00000271025,0
ENSG00000150776,2877
ENSG00000150779,3723
ENSG00000204370,2268
ENSG00000150782,0
ENSG00000254638,0
ENSG00000150783,0
ENSG00000197580,0
ENSG00000214264,0
ENSG00000255231,0
ENSG00000243930,0
ENSG00000150787,636
ENSG00000243250,0
ENSG00000188771,0
ENSG00000268472,0
ENSG00000213234,0
ENSG00000222561,0
ENSG00000184956,8
ENSG00000254872,0
ENSG00000198788,0
ENSG00000255292,0
ENSG00000230980,0
ENSG00000230080,0
ENSG00000264493,0
ENSG00000249086,0
ENSG00000284594,0
ENSG00000229671,0
ENSG00000214026,292
ENSG00000232987,0
ENSG00000275266,0
ENSG00000284010,0
ENSG00000274866,0
ENSG00000237610,0
ENSG00000185926,0
ENSG00000255312,0
ENSG00000255560,0
ENSG00000254769,0
ENSG00000254464,0
ENSG00000227547,0
ENSG00000183313,0
ENSG00000254831,0
ENSG00000202147,0
ENSG00000255481,0
ENSG00000234895,0
ENSG00000180919,0
ENSG00000180913,0
ENSG00000262980,0
ENSG00000176748,0
ENSG00000255083,0
ENSG00000273228,0
ENSG00000252351,0
ENSG00000237654,0
ENSG00000285980,0
ENSG00000271624,0
ENSG00000238117,0
ENSG00000224700,0
ENSG00000254976,0
ENSG00000255225,0
ENSG00000255030,0
ENSG00000229254,0
ENSG00000255048,0
ENSG00000285561,0
ENSG00000255510,0
ENSG00000254646,0
ENSG00000255315,0
ENSG00000254937,0
ENSG00000196119,0
ENSG00000255341,0
ENSG00000251862,0
ENSG00000255443,0
ENSG00000251194,0
ENSG00000255004,0
ENSG00000215380,0
ENSG00000255542,0
ENSG00000277514,0
ENSG00000188691,0
ENSG00000152402,828
ENSG00000134955,10
ENSG00000181264,1682
ENSG00000170242,3993
ENSG00000135374,0
ENSG00000149269,553
ENSG00000049449,5344
ENSG00000137710,13010
ENSG00000165970,0
ENSG00000149403,62
ENSG00000149179,2405
ENSG00000158077,0
ENSG00000202089,0
ENSG00000167771,1396
ENSG00000110583,1574
ENSG00000207200,2
ENSG00000176340,1216
ENSG00000133315,265
ENSG00000256824,0
ENSG00000256481,8
ENSG00000256341,3
ENSG00000168439,9923
ENSG00000130592,0
ENSG00000137522,1246
ENSG00000255296,0
ENSG00000251143,2
ENSG00000207012,0
ENSG00000263742,0
ENSG00000149357,3353
ENSG00000257075,0
ENSG00000256518,0
ENSG00000204971,0
ENSG00000255860,0
ENSG00000165462,0
ENSG00000228286,0
ENSG00000285864,0
ENSG00000213365,0
ENSG00000255843,2
ENSG00000275666,0
ENSG00000276105,0
ENSG00000276494,0
ENSG00000276015,0
ENSG00000236041,0
ENSG00000229414,0
ENSG00000237941,0
ENSG00000274740,0
ENSG00000110628,20
ENSG00000181649,16
ENSG00000207008,0
ENSG00000183562,0
ENSG00000243964,64
ENSG00000255463,0
ENSG00000239470,8
ENSG00000133789,4014
ENSG00000201564,0
ENSG00000245522,0
ENSG00000255476,0
ENSG00000252568,0
ENSG00000254765,0
ENSG00000286561,0
ENSG00000254865,0
ENSG00000254719,0
ENSG00000254554,0
ENSG00000148926,0
ENSG00000221574,0
ENSG00000283813,4
ENSG00000110315,4668
ENSG00000276639,0
ENSG00000254519,0
ENSG00000255426,0
ENSG00000255226,0
ENSG00000255447,0
ENSG00000121671,300
ENSG00000121653,2939
ENSG00000255498,0
ENSG00000234776,2
ENSG00000121680,263
ENSG00000165905,0
ENSG00000254653,0
ENSG00000255314,0
ENSG00000254871,0
ENSG00000255269,0
ENSG00000254639,0
ENSG00000157613,166
ENSG00000264102,0
ENSG00000273600,0
ENSG00000077458,2228
ENSG00000166037,1837
ENSG00000222578,0
ENSG00000242993,0
ENSG00000172638,123
ENSG00000172500,2470
ENSG00000175602,540
ENSG00000175592,73
ENSG00000175573,584
ENSG00000175550,1144
ENSG00000175467,1826
ENSG00000254867,0
ENSG00000175376,775
ENSG00000175334,6177
ENSG00000175315,0
ENSG00000175294,0
ENSG00000175229,95
ENSG00000286459,16
ENSG00000087365,7716
ENSG00000255038,0
ENSG00000254461,12
ENSG00000254855,0
ENSG00000254762,0
ENSG00000174903,1371
ENSG00000245156,0
ENSG00000254452,0
ENSG00000174871,1491
ENSG00000174851,952
ENSG00000179292,2
ENSG00000254458,0
ENSG00000174807,2
ENSG00000174791,40
ENSG00000254756,1
ENSG00000174744,1112
ENSG00000174684,2136
ENSG00000255468,82
ENSG00000174669,199
ENSG00000276918,2
ENSG00000254736,0
ENSG00000202317,0
ENSG00000174576,0
ENSG00000175115,2169
ENSG00000250230,0
ENSG00000255947,0
ENSG00000134780,281
ENSG00000124915,0
ENSG00000134825,1310
ENSG00000284108,0
ENSG00000168496,3184
ENSG00000149485,14379
ENSG00000284416,0
ENSG00000221968,153
ENSG00000277892,0
ENSG00000167994,4
ENSG00000200898,0
ENSG00000124920,36
ENSG00000254586,0
ENSG00000255335,0
ENSG00000129152,0
ENSG00000129159,72
ENSG00000075239,2356
ENSG00000256947,0
ENSG00000256195,0
ENSG00000255663,0
ENSG00000076043,586
ENSG00000256533,22
ENSG00000255982,0
ENSG00000270204,0
ENSG00000238724,0
ENSG00000137634,0
ENSG00000256674,2
ENSG00000272075,0
ENSG00000137648,0
ENSG00000160593,0
ENSG00000255163,0
ENSG00000149573,0
ENSG00000280032,0
ENSG00000254992,0
ENSG00000110195,252
ENSG00000087053,6346
ENSG00000254678,4
ENSG00000168092,16075
ENSG00000149577,900
ENSG00000149591,1839
ENSG00000280143,0
ENSG00000167257,640
ENSG00000252992,0
ENSG00000276505,0
ENSG00000110274,524
ENSG00000271412,0
ENSG00000279586,0
ENSG00000283307,0
ENSG00000272676,0
ENSG00000273255,0
ENSG00000183908,6
ENSG00000149115,2613
ENSG00000254662,0
ENSG00000149136,9097
ENSG00000156575,0
ENSG00000186652,0
ENSG00000254979,0
ENSG00000149761,95
ENSG00000173486,0
ENSG00000254593,3
ENSG00000275373,0
ENSG00000254680,0
ENSG00000254983,0
ENSG00000247473,0
ENSG00000201616,0
ENSG00000285644,14
ENSG00000236710,6
ENSG00000021762,232
ENSG00000234791,0
ENSG00000110619,1400
ENSG00000110090,0
ENSG00000250508,0
ENSG00000197345,737
ENSG00000255741,0
ENSG00000172938,0
ENSG00000261625,0
ENSG00000261276,0
ENSG00000172935,0
ENSG00000256508,0
ENSG00000162341,117
ENSG00000260895,3
ENSG00000261070,0
ENSG00000110344,2751
ENSG00000254873,0
ENSG00000269944,0
ENSG00000255384,0
ENSG00000132740,229
ENSG00000254978,1
ENSG00000184276,0
ENSG00000252902,0
ENSG00000225805,2
ENSG00000228915,6
ENSG00000188487,0
ENSG00000080854,1264
ENSG00000149292,901
ENSG00000258659,0
ENSG00000175582,10829
ENSG00000134802,13
ENSG00000129084,816
ENSG00000182919,868
ENSG00000174996,578
ENSG00000175274,1602
ENSG00000064199,411
ENSG00000135373,0
ENSG00000286264,7
ENSG00000110031,29
ENSG00000177098,490
ENSG00000166741,166
ENSG00000129083,9665
ENSG00000149782,780
ENSG00000283744,0
ENSG00000254783,8
ENSG00000255222,0
ENSG00000239856,0
ENSG00000149201,12
ENSG00000254733,0
ENSG00000254727,0
ENSG00000278989,0
ENSG00000254731,0
ENSG00000255250,0
ENSG00000086848,921
ENSG00000258529,0
ENSG00000254450,0
ENSG00000254949,0
ENSG00000255561,182
ENSG00000137720,704
ENSG00000176343,0
ENSG00000275598,0
ENSG00000287412,0
ENSG00000133317,0
ENSG00000133321,30
ENSG00000133328,0
ENSG00000203520,0
ENSG00000184743,2352
ENSG00000270269,0
ENSG00000256789,0
ENSG00000133318,38159
ENSG00000271100,0
ENSG00000188070,3884
ENSG00000264519,0
ENSG00000168005,799
ENSG00000256280,0
ENSG00000255233,0
ENSG00000279684,4
ENSG00000234106,2
ENSG00000255448,0
ENSG00000166788,1096
ENSG00000255254,0
ENSG00000255470,0
ENSG00000285562,0
ENSG00000254857,0
ENSG00000179817,0
ENSG00000255138,0
ENSG00000254546,0
ENSG00000148965,0
ENSG00000255071,0
ENSG00000134339,0
ENSG00000200336,0
ENSG00000212789,18
ENSG00000201695,0
ENSG00000214880,0
ENSG00000149133,0
ENSG00000182365,0
ENSG00000181780,0
ENSG00000254524,0
ENSG00000255140,0
ENSG00000181761,0
ENSG00000254848,0
ENSG00000254947,0
ENSG00000181752,0
ENSG00000255217,0
ENSG00000174957,0
ENSG00000230213,0
ENSG00000254841,0
ENSG00000188439,0
ENSG00000254804,0
ENSG00000254457,0
ENSG00000236541,0
ENSG00000255146,0
ENSG00000254853,0
ENSG00000255131,0
ENSG00000272685,0
ENSG00000186508,0
ENSG00000272569,0
ENSG00000180475,0
ENSG00000254953,0
ENSG00000181325,0
ENSG00000274770,0
ENSG00000286704,0
ENSG00000254825,0
ENSG00000181296,0
ENSG00000255485,0
ENSG00000241356,0
ENSG00000213604,0
ENSG00000254658,0
ENSG00000255461,0
ENSG00000254722,0
ENSG00000255134,0
ENSG00000242208,10
ENSG00000198261,0
ENSG00000204989,0
ENSG00000176200,0
ENSG00000254770,0
ENSG00000233499,0
ENSG00000273408,0
ENSG00000238041,5
ENSG00000172199,0
ENSG00000254903,0
ENSG00000255466,0
ENSG00000272987,0
ENSG00000279961,0
ENSG00000230416,0
ENSG00000284732,0
ENSG00000150269,0
ENSG00000254411,0
ENSG00000254490,0
ENSG00000254660,0
ENSG00000254603,0
ENSG00000185701,0
ENSG00000185522,2
ENSG00000254815,0
ENSG00000099849,38
ENSG00000199038,0
ENSG00000070047,1340
ENSG00000099834,0
ENSG00000070031,0
ENSG00000069696,2
ENSG00000288675,23
ENSG00000254486,0
ENSG00000254991,0
ENSG00000255400,0
ENSG00000197702,5112
ENSG00000254847,0
ENSG00000181927,0
ENSG00000254663,0
ENSG00000254723,0
ENSG00000254891,0
ENSG00000255077,0
ENSG00000255493,0
ENSG00000255196,0
ENSG00000181950,0
ENSG00000255294,0
ENSG00000241008,0
ENSG00000170688,0
ENSG00000252769,0
ENSG00000198674,0
ENSG00000226461,0
ENSG00000236981,0
ENSG00000213182,0
ENSG00000208009,0
ENSG00000162222,943
ENSG00000185670,94
ENSG00000168002,3468
ENSG00000267811,0
ENSG00000162227,227
ENSG00000168569,124
ENSG00000269176,6
ENSG00000185475,274
ENSG00000284535,0
ENSG00000162231,1825
ENSG00000274066,0
ENSG00000269463,0
ENSG00000252361,0
ENSG00000256690,0
ENSG00000222328,0
ENSG00000277194,0
ENSG00000277846,0
ENSG00000278527,0
ENSG00000274544,0
ENSG00000275996,0
ENSG00000276788,0
ENSG00000275043,0
ENSG00000254602,151
ENSG00000166793,44
ENSG00000156599,2575
ENSG00000280331,0
ENSG00000254498,0
ENSG00000256034,0
ENSG00000175581,1366
ENSG00000199975,0
ENSG00000256681,0
ENSG00000181924,1641
ENSG00000175575,1180
ENSG00000256898,0
ENSG00000187726,7
ENSG00000255847,0
ENSG00000287425,0
ENSG00000256189,0
ENSG00000256723,0
ENSG00000175564,2
ENSG00000256098,0
ENSG00000214517,2815
ENSG00000284736,0
ENSG00000280269,0
ENSG00000206913,0
ENSG00000245008,0
ENSG00000151704,0
ENSG00000175482,20
ENSG00000256514,0
ENSG00000274251,0
ENSG00000201684,0
ENSG00000175505,0
ENSG00000275484,0
ENSG00000253024,0
ENSG00000172531,3490
ENSG00000175463,0
ENSG00000175634,367
ENSG00000255949,0
ENSG00000213402,0
ENSG00000172725,948
ENSG00000175514,0
ENSG00000172663,412
ENSG00000162236,1242
ENSG00000254642,0
ENSG00000255420,0
ENSG00000166402,1426
ENSG00000248332,0
ENSG00000279391,0
ENSG00000240098,0
ENSG00000182934,2918
ENSG00000243607,0
ENSG00000254905,0
ENSG00000110063,664
ENSG00000110080,708
ENSG00000278215,0
ENSG00000257271,0
ENSG00000133800,0
ENSG00000206858,0
ENSG00000198730,3637
ENSG00000238622,0
ENSG00000236287,2968
ENSG00000250041,0
ENSG00000254401,0
ENSG00000254957,0
ENSG00000270897,0
ENSG00000255288,0
ENSG00000175390,13660
ENSG00000250493,0
ENSG00000254735,0
ENSG00000285509,2
ENSG00000182255,2
ENSG00000131808,0
ENSG00000149743,280
ENSG00000002330,193
ENSG00000173153,402
ENSG00000279733,0
ENSG00000266581,0
ENSG00000249489,0
ENSG00000255082,1
ENSG00000109861,2050
ENSG00000184545,112
ENSG00000233930,6
ENSG00000205869,0
ENSG00000205867,0
ENSG00000196224,0
ENSG00000231487,0
ENSG00000205866,0
ENSG00000205865,0
ENSG00000227306,0
ENSG00000205864,0
ENSG00000244242,8
ENSG00000250644,0
ENSG00000235027,0
ENSG00000229512,0
ENSG00000287484,0
ENSG00000230834,0
ENSG00000117984,1001
ENSG00000201733,0
ENSG00000174547,1247
ENSG00000254596,0
ENSG00000174516,100
ENSG00000256349,0
ENSG00000174483,3
ENSG00000286688,0
ENSG00000174165,700
ENSG00000248746,0
ENSG00000250105,0
ENSG00000283338,0
ENSG00000066336,0
ENSG00000264583,0
ENSG00000165915,266
ENSG00000165917,0
ENSG00000270072,0
ENSG00000265559,0
ENSG00000213619,2367
ENSG00000110536,27
ENSG00000123444,561
ENSG00000200376,0
ENSG00000231880,0
ENSG00000196666,0
ENSG00000172247,120
ENSG00000109919,6594
ENSG00000109920,1279
ENSG00000200090,9
ENSG00000271543,0
ENSG00000252941,0
ENSG00000252874,0
ENSG00000271557,1
ENSG00000246211,0
ENSG00000165434,964
ENSG00000212961,0
ENSG00000254631,0
ENSG00000255440,0
ENSG00000264402,0
ENSG00000254928,0
ENSG00000255444,2
ENSG00000254974,0
ENSG00000175536,47
ENSG00000254837,176
ENSG00000175538,0
ENSG00000174080,1872
ENSG00000252070,0
ENSG00000222998,0
ENSG00000265566,1
ENSG00000186907,37
ENSG00000255301,0
ENSG00000149150,24
ENSG00000134809,1098
ENSG00000156587,1957
ENSG00000240371,2
ENSG00000288534,0
ENSG00000213593,3944
ENSG00000213592,0
ENSG00000149131,24
ENSG00000149575,30
ENSG00000255425,6
ENSG00000109854,30
ENSG00000168004,0
ENSG00000110075,4987
ENSG00000180425,416
ENSG00000076053,1999
ENSG00000133794,546
ENSG00000182985,15897
ENSG00000175567,1999
ENSG00000131626,1033
ENSG00000109927,116
ENSG00000120451,3101
ENSG00000054965,6026
ENSG00000175544,0
ENSG00000149294,935
ENSG00000173511,1027
ENSG00000254952,0
ENSG00000275344,0
ENSG00000071203,0
ENSG00000204979,0
ENSG00000110079,0
ENSG00000256254,0
ENSG00000166670,26
ENSG00000256035,0
ENSG00000172977,492
ENSG00000172922,695
ENSG00000214659,0
ENSG00000255557,0
ENSG00000254470,376
ENSG00000172818,0
ENSG00000255120,0
ENSG00000255404,0
ENSG00000172757,20250
ENSG00000172803,145
ENSG00000172732,451
ENSG00000172543,4
ENSG00000254961,0
ENSG00000278859,0
ENSG00000242248,0
ENSG00000235547,0
ENSG00000249255,0
ENSG00000254705,0
ENSG00000244244,1
ENSG00000255506,1
ENSG00000282916,0
ENSG00000255287,0
ENSG00000254874,0
ENSG00000134640,0
ENSG00000242807,0
ENSG00000278892,0
ENSG00000279304,0
ENSG00000180773,2537
ENSG00000255445,0
ENSG00000280379,0
ENSG00000279269,0
ENSG00000233737,0
ENSG00000165323,4790
ENSG00000196611,185
ENSG00000242353,4
ENSG00000255480,0
ENSG00000066382,3870
ENSG00000239481,0
ENSG00000254805,0
ENSG00000254972,0
ENSG00000285933,0
ENSG00000171053,0
ENSG00000196844,0
ENSG00000236027,0
ENSG00000237353,0
ENSG00000260209,0
ENSG00000198331,362
ENSG00000110060,978
ENSG00000255027,3
ENSG00000109832,296
ENSG00000254790,0
ENSG00000254759,22
ENSG00000261257,0
ENSG00000287666,0
ENSG00000254833,0
ENSG00000254771,0
ENSG00000165526,1470
ENSG00000254694,0
ENSG00000222067,0
ENSG00000166483,8419
ENSG00000238387,0
ENSG00000257052,4
ENSG00000256944,10
ENSG00000110108,2375
ENSG00000256196,2
ENSG00000006118,4971
ENSG00000013725,0
ENSG00000207153,0
ENSG00000256733,0
ENSG00000110446,46
ENSG00000238161,0
ENSG00000167311,6
ENSG00000129744,0
ENSG00000201279,0
ENSG00000200201,0
ENSG00000129749,0
ENSG00000251934,0
ENSG00000238304,0
ENSG00000148985,539
ENSG00000177105,314
ENSG00000228661,28
ENSG00000229368,0
ENSG00000284525,0
ENSG00000230593,0
ENSG00000206976,0
ENSG00000255232,0
ENSG00000255141,0
ENSG00000224555,0
ENSG00000240385,0
ENSG00000167325,11490
ENSG00000255276,0
ENSG00000231548,0
ENSG00000254480,2
ENSG00000255387,0
ENSG00000187079,12850
ENSG00000254688,0
ENSG00000255067,0
ENSG00000252329,0
ENSG00000203258,0
ENSG00000251381,4
ENSG00000254670,0
ENSG00000254495,0
ENSG00000085733,3821
ENSG00000227726,0
ENSG00000279459,0
ENSG00000226627,0
ENSG00000236262,0
ENSG00000207196,0
ENSG00000280089,0
ENSG00000171671,0
ENSG00000263744,0
ENSG00000286708,0
ENSG00000172900,0
ENSG00000227097,55
ENSG00000182103,1301
ENSG00000255382,9
ENSG00000255063,0
ENSG00000137509,9446
ENSG00000254441,0
ENSG00000165490,1482
ENSG00000242279,0
ENSG00000254698,0
ENSG00000137502,4153
ENSG00000254522,0
ENSG00000207221,0
ENSG00000255503,0
ENSG00000279900,0
ENSG00000255010,0
ENSG00000254965,0
ENSG00000253826,0
ENSG00000224777,0
ENSG00000270921,0
ENSG00000255229,0
ENSG00000222225,0
ENSG00000188076,0
ENSG00000254559,0
ENSG00000283920,0
ENSG00000142082,513
ENSG00000277290,8
ENSG00000174885,0
ENSG00000255026,0
ENSG00000142102,18
ENSG00000206013,0
ENSG00000255533,0
ENSG00000254910,0
ENSG00000251661,18
ENSG00000255089,0
ENSG00000270972,0
ENSG00000182272,1677
ENSG00000184363,0
ENSG00000185187,0
ENSG00000185101,0
ENSG00000243562,0
ENSG00000255237,0
ENSG00000175591,12
ENSG00000260401,0
ENSG00000256347,0
ENSG00000257038,4
ENSG00000250699,0
ENSG00000171631,2
ENSG00000288681,0
ENSG00000185885,159
ENSG00000254449,0
ENSG00000166257,24
ENSG00000254467,0
ENSG00000166261,463
ENSG00000200197,0
ENSG00000254430,0
ENSG00000274004,0
ENSG00000255311,0
ENSG00000254629,0
ENSG00000250257,0
ENSG00000254713,0
ENSG00000240174,0
ENSG00000254787,0
ENSG00000274006,0
ENSG00000276179,0
ENSG00000255555,0
ENSG00000255396,0
ENSG00000213305,2
ENSG00000254684,0
ENSG00000254897,0
ENSG00000206583,0
ENSG00000171204,2077
ENSG00000171202,1308
ENSG00000179071,38
ENSG00000279742,0
ENSG00000142089,1340
ENSG00000252494,0
ENSG00000254459,0
ENSG00000255449,0
ENSG00000241782,0
ENSG00000255115,0
ENSG00000254829,0
ENSG00000151364,0
ENSG00000259112,3
ENSG00000254675,0
ENSG00000151365,6
ENSG00000151366,1131
ENSG00000132275,580
ENSG00000254400,0
ENSG00000166333,13
ENSG00000254641,0
ENSG00000285338,0
ENSG00000255680,0
ENSG00000255390,0
ENSG00000255410,16
ENSG00000158042,1559
ENSG00000241678,0
ENSG00000254781,2
ENSG00000166341,4737
ENSG00000159063,2025
ENSG00000254755,0
ENSG00000255363,0
ENSG00000255479,0
ENSG00000137507,2
ENSG00000254975,0
ENSG00000254632,0
ENSG00000182704,2078
ENSG00000255100,26
ENSG00000261578,584
ENSG00000078124,2735
ENSG00000254988,0
ENSG00000198488,0
ENSG00000149260,742
ENSG00000254550,0
ENSG00000168014,1068
ENSG00000284922,0
ENSG00000285921,0
ENSG00000266192,0
ENSG00000149231,2182
ENSG00000183340,1072
ENSG00000255679,0
ENSG00000200411,0
ENSG00000256684,0
ENSG00000287426,0
ENSG00000255188,0
ENSG00000151715,0
ENSG00000170325,870
ENSG00000233220,10
ENSG00000255057,0
ENSG00000255262,0
ENSG00000255535,0
ENSG00000244451,0
ENSG00000274197,0
ENSG00000149418,0
ENSG00000172409,560
ENSG00000255159,0
ENSG00000252905,0
ENSG00000202276,0
ENSG00000166452,711
ENSG00000176029,8
ENSG00000223080,0
ENSG00000175348,2926
ENSG00000253973,0
ENSG00000175356,78
ENSG00000286935,0
ENSG00000264984,0
ENSG00000213538,0
ENSG00000184014,4294
ENSG00000255097,0
ENSG00000273725,0
ENSG00000166471,2966
ENSG00000254884,0
ENSG00000205339,32097
ENSG00000201998,0
ENSG00000254397,0
ENSG00000110448,0
ENSG00000167987,756
ENSG00000279549,4
ENSG00000229859,0
ENSG00000256220,0
ENSG00000256713,0
ENSG00000167986,16521
ENSG00000149476,584
ENSG00000162144,294
ENSG00000279246,0
ENSG00000149532,3536
ENSG00000279632,0
ENSG00000256591,30
ENSG00000167985,256
ENSG00000162148,8
ENSG00000255931,0
ENSG00000204950,16
ENSG00000279878,0
ENSG00000256443,0
ENSG00000276102,0
ENSG00000149016,232
ENSG00000149480,4944
ENSG00000149499,441
ENSG00000254964,2
ENSG00000149489,113
ENSG00000149541,877
ENSG00000089597,22857
ENSG00000185085,752
ENSG00000255432,0
ENSG00000278615,1
ENSG00000214756,155
ENSG00000206597,0
ENSG00000204922,59
ENSG00000162191,3412
ENSG00000177363,0
ENSG00000234857,0
ENSG00000162188,65
ENSG00000214753,2884
ENSG00000150768,4392
ENSG00000168539,0
ENSG00000257002,0
ENSG00000241082,0
ENSG00000285388,0
ENSG00000166352,950
ENSG00000150773,121
ENSG00000186635,527
ENSG00000176485,132
ENSG00000120471,2
ENSG00000133316,572
ENSG00000165325,2
ENSG00000072518,1506
ENSG00000179826,0
ENSG00000176495,0
ENSG00000176798,0
ENSG00000172487,0
ENSG00000181518,0
ENSG00000174982,0
ENSG00000181903,0
ENSG00000181767,0
ENSG00000172742,0
ENSG00000165916,6700
ENSG00000181009,0
ENSG00000183389,0
ENSG00000171944,0
ENSG00000196341,0
ENSG00000172769,0
ENSG00000171533,7860
ENSG00000182070,0
ENSG00000172324,0
ENSG00000182634,0
ENSG00000181001,0
ENSG00000172365,0
ENSG00000174937,0
ENSG00000197125,0
ENSG00000214530,66
ENSG00000254569,0
ENSG00000196954,0
ENSG00000284715,0
ENSG00000137757,0
ENSG00000288255,0
ENSG00000254750,0
ENSG00000255430,0
ENSG00000254767,0
ENSG00000255336,0
ENSG00000280502,1
ENSG00000283691,0
ENSG00000255121,69
ENSG00000186166,94
ENSG00000240970,0
ENSG00000254428,0
ENSG00000254909,0
ENSG00000118181,32538
ENSG00000196655,1174
ENSG00000283704,0
ENSG00000255114,0
ENSG00000271751,0
ENSG00000272186,0
ENSG00000172375,401
ENSG00000172273,588
ENSG00000172350,10
ENSG00000172367,0
ENSG00000222249,0
ENSG00000076706,1169
ENSG00000284148,0
ENSG00000252119,0
ENSG00000179038,0
ENSG00000287934,0
ENSG00000173020,790
ENSG00000172932,288
ENSG00000172830,2
ENSG00000287851,0
ENSG00000172613,233
ENSG00000276769,0
ENSG00000110697,1004
ENSG00000167797,784
ENSG00000167791,0
ENSG00000283257,0
ENSG00000084207,8816
ENSG00000184224,0
ENSG00000255119,0
ENSG00000167792,2597
ENSG00000167799,46
ENSG00000132744,0
ENSG00000227834,0
ENSG00000239559,2
ENSG00000184795,0
ENSG00000235855,0
ENSG00000285537,0
ENSG00000254883,0
ENSG00000255147,0
ENSG00000197901,0
ENSG00000149452,0
ENSG00000256041,0
ENSG00000253547,0
ENSG00000239924,0
ENSG00000256847,0
ENSG00000256181,0
ENSG00000149742,0
ENSG00000132256,1397
ENSG00000132254,1454
ENSG00000283977,0
ENSG00000132286,2274
ENSG00000254595,55
ENSG00000166340,4144
ENSG00000283415,0
ENSG00000254712,0
ENSG00000170782,0
ENSG00000134824,36455
ENSG00000173113,3128
ENSG00000137504,1874
ENSG00000174914,0
ENSG00000254466,0
ENSG00000188211,1176
ENSG00000260196,264
ENSG00000255035,0
ENSG00000109906,0
ENSG00000286463,0
ENSG00000213779,0
ENSG00000197149,0
ENSG00000285545,0
ENSG00000287898,0
ENSG00000006611,0
ENSG00000188162,0
ENSG00000183801,52
ENSG00000166387,100
ENSG00000254864,0
ENSG00000166394,36
ENSG00000275612,0
ENSG00000276668,0
ENSG00000254707,0
ENSG00000227892,0
ENSG00000166408,0
ENSG00000137656,672
ENSG00000226645,1
ENSG00000109917,1897
ENSG00000110243,0
ENSG00000236267,0
ENSG00000285513,0
ENSG00000110244,0
ENSG00000110245,0
ENSG00000118137,0
ENSG00000235910,0
ENSG00000160584,1463
ENSG00000200537,0
ENSG00000234268,6
ENSG00000224077,0
ENSG00000225236,0
ENSG00000184478,0
ENSG00000184698,0
ENSG00000187918,0
ENSG00000168000,32
ENSG00000181963,0
ENSG00000196778,0
ENSG00000226616,0
ENSG00000182791,16
ENSG00000173992,90
ENSG00000199325,0
ENSG00000239306,1591
ENSG00000248643,5
ENSG00000173933,1190
ENSG00000173914,1575
ENSG00000239553,0
ENSG00000213409,0
ENSG00000254984,0
ENSG00000287962,0
ENSG00000255372,0
ENSG00000199260,0
ENSG00000255259,0
ENSG00000134909,1684
ENSG00000171714,735
ENSG00000254820,0
ENSG00000197790,0
ENSG00000171987,0
ENSG00000166693,0
ENSG00000255012,0
ENSG00000255172,0
ENSG00000197866,0
ENSG00000254795,0
ENSG00000176925,0
ENSG00000280204,0
ENSG00000284609,0
ENSG00000284680,0
ENSG00000170683,0
ENSG00000170790,0
ENSG00000172320,0
ENSG00000176893,0
ENSG00000176895,0
ENSG00000180974,0
ENSG00000181698,0
ENSG00000256739,0
ENSG00000255672,0
ENSG00000256403,0
ENSG00000237408,0
ENSG00000238048,0
ENSG00000276109,0
ENSG00000274664,0
ENSG00000227467,0
ENSG00000256633,0
ENSG00000187486,36
ENSG00000184933,0
ENSG00000197428,0
ENSG00000180785,0
ENSG00000188124,0
ENSG00000234560,0
ENSG00000110711,1260
ENSG00000205497,0
ENSG00000172890,879
ENSG00000278349,0
ENSG00000254924,0
ENSG00000244411,0
ENSG00000241233,0
ENSG00000254997,2
ENSG00000286948,0
ENSG00000204572,0
ENSG00000248903,0
ENSG00000249387,0
ENSG00000184055,0
ENSG00000255562,0
ENSG00000255261,0
ENSG00000255415,0
ENSG00000284625,0
ENSG00000288033,0
ENSG00000254739,0
ENSG00000161328,20
ENSG00000167822,0
ENSG00000006071,10
ENSG00000254933,4
ENSG00000255362,3
ENSG00000137492,4986
ENSG00000179240,374
ENSG00000201756,0
ENSG00000255266,0
ENSG00000180714,0
ENSG00000254749,0
ENSG00000254601,0
ENSG00000200817,0
ENSG00000254732,0
ENSG00000198561,754
ENSG00000226288,0
ENSG00000180723,0
ENSG00000167332,0
ENSG00000254737,0
ENSG00000256734,0
ENSG00000074319,4014
ENSG00000256464,2
ENSG00000256588,0
ENSG00000256361,0
ENSG00000151116,1975
ENSG00000274589,0
ENSG00000279837,4
ENSG00000179119,2016
ENSG00000257043,6
ENSG00000129757,322
ENSG00000246250,20
ENSG00000283375,0
ENSG00000166199,431
ENSG00000213693,6
ENSG00000244926,0
ENSG00000254409,1
ENSG00000244953,0
ENSG00000205126,0
ENSG00000110455,0
ENSG00000255165,0
ENSG00000052850,0
ENSG00000151348,5050
ENSG00000166801,88
ENSG00000173898,1958
ENSG00000254900,4
ENSG00000166441,70141
ENSG00000200983,0
ENSG00000212607,0
ENSG00000254665,0
ENSG00000149968,0
ENSG00000262406,0
ENSG00000255469,0
ENSG00000238562,0
ENSG00000276521,0
ENSG00000239861,0
ENSG00000137692,3402
ENSG00000260966,0
ENSG00000285878,0
ENSG00000254895,0
ENSG00000254931,0
ENSG00000255417,0
ENSG00000255350,0
ENSG00000254565,0
ENSG00000253245,0
ENSG00000254824,0
ENSG00000187240,2682
ENSG00000174915,1418
ENSG00000270491,0
ENSG00000149089,995
ENSG00000110435,1725
ENSG00000254654,0
ENSG00000287984,0
ENSG00000254664,0
ENSG00000019505,22
ENSG00000254497,0
ENSG00000177595,139
ENSG00000186318,1298
ENSG00000048649,8114
ENSG00000110077,0
ENSG00000166106,74
ENSG00000183378,0
ENSG00000177042,158
ENSG00000166363,0
ENSG00000171014,0
ENSG00000186119,0
ENSG00000150261,0
ENSG00000172154,0
ENSG00000178358,0
ENSG00000172459,0
ENSG00000181961,0
ENSG00000279051,0
ENSG00000166736,0
ENSG00000255298,0
ENSG00000229183,0
ENSG00000186513,0
ENSG00000181785,0
ENSG00000279486,0
ENSG00000181074,0
ENSG00000149554,3439
ENSG00000197849,0
ENSG00000181939,0
ENSG00000176900,0
ENSG00000166368,0
ENSG00000279116,0
ENSG00000254834,0
ENSG00000181499,0
ENSG00000221931,0
ENSG00000170953,0
ENSG00000280090,0
ENSG00000255223,0
ENSG00000181371,0
ENSG00000196099,0
ENSG00000072952,114
ENSG00000172188,0
ENSG00000172377,0
ENSG00000167800,0
ENSG00000180934,0
ENSG00000198283,0
ENSG00000174970,0
ENSG00000167359,0
ENSG00000279012,0
ENSG00000176540,0
ENSG00000181616,0
ENSG00000181718,0
ENSG00000186714,0
ENSG00000172464,0
ENSG00000166884,0
ENSG00000177963,2388
ENSG00000172269,901
ENSG00000279672,20
ENSG00000254938,0
ENSG00000279358,0
ENSG00000254960,0
ENSG00000266215,0
ENSG00000255317,0
ENSG00000218109,0
ENSG00000256282,0
ENSG00000255379,0
ENSG00000203334,0
ENSG00000201243,0
ENSG00000180720,204
ENSG00000137727,20
ENSG00000170959,47
ENSG00000182667,76
ENSG00000170322,870
ENSG00000178795,0
ENSG00000110497,1494
ENSG00000154114,1465
ENSG00000050165,6033
ENSG00000129167,0
ENSG00000168959,12
ENSG00000166926,0
ENSG00000126500,436
ENSG00000150433,1828
ENSG00000110693,7154
ENSG00000180988,0
ENSG00000255395,0
ENSG00000137491,0
ENSG00000254475,0
ENSG00000255136,0
ENSG00000255460,0
ENSG00000261594,4
ENSG00000137486,85
ENSG00000254429,0
ENSG00000279117,0
ENSG00000254963,0
ENSG00000149243,30
ENSG00000064309,6756
ENSG00000244398,498
ENSG00000110700,17775
ENSG00000272034,0
ENSG00000201403,0
ENSG00000201586,0
ENSG00000240808,0
ENSG00000011405,6923
ENSG00000110011,425
ENSG00000156603,856
ENSG00000255435,2
ENSG00000172425,7
ENSG00000149582,528
ENSG00000118096,1168
ENSG00000243431,8
ENSG00000207185,0
ENSG00000255176,0
ENSG00000284246,0
ENSG00000197658,0
ENSG00000198851,0
ENSG00000118058,3257
ENSG00000135365,1791
ENSG00000214872,4
ENSG00000232268,0
ENSG00000167346,0
ENSG00000176922,0
ENSG00000133895,1060
ENSG00000255265,0
ENSG00000156689,50
ENSG00000255523,0
ENSG00000283791,0
ENSG00000275948,0
ENSG00000279243,0
ENSG00000278217,0
ENSG00000274072,0
ENSG00000270526,0
ENSG00000279093,0
ENSG00000173465,295
ENSG00000176973,105
ENSG00000173442,24
ENSG00000173338,0
ENSG00000173327,586
ENSG00000197136,1308
ENSG00000266041,0
ENSG00000213445,26
ENSG00000265874,0
ENSG00000239356,0
ENSG00000214787,0
ENSG00000168056,2333
ENSG00000183303,0
ENSG00000255191,0
ENSG00000254605,0
ENSG00000248844,0
ENSG00000254417,0
ENSG00000202070,0
ENSG00000255143,0
ENSG00000254902,0
ENSG00000168040,163
ENSG00000254721,0
ENSG00000255329,0
ENSG00000221333,0
ENSG00000254484,0
ENSG00000255539,0
ENSG00000260348,0
ENSG00000260679,0
ENSG00000283703,19
ENSG00000131620,792
ENSG00000110203,0
ENSG00000176547,0
ENSG00000160613,307
ENSG00000110367,28031
ENSG00000165923,0
ENSG00000095139,10451
ENSG00000149196,2076
ENSG00000167992,22
ENSG00000137497,2821
ENSG00000110330,4610
ENSG00000082175,0
ENSG00000023171,410
ENSG00000137745,40
ENSG00000177106,0
ENSG00000241598,0
ENSG00000204571,0
ENSG00000177947,0
ENSG00000185627,4548
ENSG00000166800,0
ENSG00000110171,202
ENSG00000211450,244
ENSG00000110492,3286
ENSG00000130598,0
ENSG00000142186,999
ENSG00000019144,1955
ENSG00000085741,97
ENSG00000165457,0
ENSG00000109991,0
ENSG00000165458,2975
ENSG00000026508,4285
ENSG00000181693,0
ENSG00000134571,0
ENSG00000137474,0
ENSG00000110169,4
ENSG00000149972,6
ENSG00000166833,1825
ENSG00000070081,2100
ENSG00000110218,3437
ENSG00000250519,182
ENSG00000256745,6
ENSG00000123901,6
ENSG00000254986,1460
ENSG00000255202,0
ENSG00000205177,0
ENSG00000110429,2984
ENSG00000254508,0
ENSG00000255272,0
ENSG00000255161,0
ENSG00000255169,0
ENSG00000254619,0
ENSG00000255133,0
ENSG00000279000,0
ENSG00000172362,0
ENSG00000176742,0
ENSG00000280314,0
ENSG00000172457,0
ENSG00000133805,20
ENSG00000177951,550
ENSG00000148935,70
ENSG00000188486,2541
ENSG00000134817,0
ENSG00000149305,0
ENSG00000185201,439
ENSG00000110200,308
ENSG00000184154,217
ENSG00000182334,0
ENSG00000149506,0
ENSG00000110756,1557
ENSG00000110768,2694
ENSG00000264603,0
ENSG00000256006,0
ENSG00000173432,0
ENSG00000264032,0
ENSG00000110777,0
ENSG00000253099,0
ENSG00000255428,0
ENSG00000255093,0
ENSG00000286028,7
ENSG00000207811,0
ENSG00000207562,0
ENSG00000254980,0
ENSG00000204381,70
ENSG00000170145,2933
ENSG00000235286,0
ENSG00000223324,0
ENSG00000137707,0
ENSG00000183644,0
ENSG00000151117,99
ENSG00000179057,33
ENSG00000254966,8
ENSG00000110786,6
ENSG00000286998,0
ENSG00000276789,0
ENSG00000254529,0
ENSG00000255511,0
ENSG00000254541,0
ENSG00000255536,0
ENSG00000255244,0
ENSG00000254738,0
ENSG00000254720,0
ENSG00000255424,0
ENSG00000183695,0
ENSG00000170255,0
ENSG00000255406,44
ENSG00000254648,0
ENSG00000166086,5600
ENSG00000254481,0
ENSG00000254616,0
ENSG00000255348,0
ENSG00000151502,3187
ENSG00000151500,1440
ENSG00000151498,1272
ENSG00000254442,0
ENSG00000149311,3689
ENSG00000166105,0
ENSG00000172489,0
ENSG00000277932,0
ENSG00000177030,2106
ENSG00000162105,452
ENSG00000183560,0
ENSG00000151503,2032
ENSG00000183020,2096
ENSG00000172893,8399
ENSG00000110074,628
ENSG00000214063,502
ENSG00000166337,59
ENSG00000187049,234
ENSG00000166444,1710
ENSG00000133812,1896
ENSG00000176009,0
ENSG00000280021,0
ENSG00000160695,875
ENSG00000287556,0
ENSG00000200168,0
ENSG00000271390,0
ENSG00000271584,0
ENSG00000287028,0
ENSG00000239354,0
ENSG00000270202,0
ENSG00000150750,0
ENSG00000196167,0
ENSG00000288097,0
ENSG00000214290,0
ENSG00000240698,0
ENSG00000254730,0
ENSG00000178105,1070
ENSG00000173456,694
ENSG00000245385,0
ENSG00000223953,0
ENSG00000235718,0
ENSG00000036672,142
ENSG00000254590,0
ENSG00000254892,0
ENSG00000154096,479
ENSG00000263873,0
ENSG00000255377,0
ENSG00000248712,28
ENSG00000172927,0
ENSG00000260877,0
ENSG00000213275,0
ENSG00000259854,0
ENSG00000255606,0
ENSG00000261347,0
ENSG00000285094,0
ENSG00000110092,323
ENSG00000149716,351
ENSG00000162344,977
ENSG00000256441,0
ENSG00000075388,18
ENSG00000254478,0
ENSG00000254621,0
ENSG00000201535,0
ENSG00000160683,0
ENSG00000245869,0
ENSG00000186174,1246
ENSG00000264211,0
ENSG00000110375,14
ENSG00000239726,0
ENSG00000222529,0
ENSG00000176302,0
ENSG00000256269,848
ENSG00000196600,0
ENSG00000149187,9318
ENSG00000284713,0
ENSG00000156738,0
ENSG00000182261,0
ENSG00000166840,11
ENSG00000255274,0
ENSG00000287725,0
ENSG00000265539,0
ENSG00000149483,601
ENSG00000240823,0
ENSG00000266006,0
ENSG00000246820,4
ENSG00000166407,789
ENSG00000252778,0
ENSG00000130413,1080
ENSG00000172508,16
ENSG00000255051,0
ENSG00000254676,0
ENSG00000247137,36
ENSG00000269939,0
ENSG00000137494,353
ENSG00000255541,0
ENSG00000254551,0
ENSG00000241020,0
ENSG00000165494,2079
ENSG00000233436,0
ENSG00000247595,7
ENSG00000149043,0
ENSG00000162194,10
ENSG00000204397,2
ENSG00000152404,516
ENSG00000007372,1217
ENSG00000289116,0
ENSG00000288788,8
ENSG00000215841,0
ENSG00000289631,4
ENSG00000255689,0
ENSG00000289465,0
ENSG00000204241,88
ENSG00000246100,0
ENSG00000289150,0
ENSG00000289232,0
ENSG00000289625,0
ENSG00000255521,0
ENSG00000254510,44
ENSG00000231698,0
ENSG00000255320,30
ENSG00000177112,0
ENSG00000246889,32
ENSG00000254453,4
ENSG00000289343,0
ENSG00000289194,324
ENSG00000150676,0
ENSG00000255005,0
ENSG00000137501,274
ENSG00000254780,6
ENSG00000254879,0
ENSG00000030066,6634
ENSG00000149428,18822
ENSG00000188997,292
ENSG00000118369,101
ENSG00000033327,1141
ENSG00000288538,2
ENSG00000288853,0
ENSG00000254420,0
ENSG00000288393,0
ENSG00000254649,0
ENSG00000251323,6
ENSG00000255084,0
ENSG00000252033,0
ENSG00000254697,0
ENSG00000254563,0
ENSG00000167283,1632
ENSG00000289518,0
ENSG00000137513,1305
ENSG00000254810,0
ENSG00000158636,1441
ENSG00000240801,0
ENSG00000129965,0
ENSG00000207805,0
ENSG00000099869,0
ENSG00000254647,0
ENSG00000180176,29
ENSG00000265258,0
ENSG00000183734,0
ENSG00000110665,0
ENSG00000064201,9
ENSG00000207308,0
ENSG00000238184,0
ENSG00000236264,12
ENSG00000199550,0
ENSG00000244313,138
ENSG00000149091,802
ENSG00000289383,0
ENSG00000167286,0
ENSG00000160654,0
ENSG00000285827,0
ENSG00000137752,18
ENSG00000162129,512
ENSG00000204361,0
ENSG00000095110,0
ENSG00000273003,0
ENSG00000110025,0
ENSG00000168061,277
ENSG00000168060,4
ENSG00000146670,1810
ENSG00000162300,229
ENSG00000187066,0
ENSG00000149823,1168
ENSG00000254501,0
ENSG00000149809,2599
ENSG00000174276,93
ENSG00000255173,0
ENSG00000278952,120
ENSG00000149806,4249
ENSG00000162298,629
ENSG00000149792,2219
ENSG00000284489,0
ENSG00000254455,0
ENSG00000222477,0
ENSG00000255058,0
ENSG00000255200,6
ENSG00000254614,7
ENSG00000014216,2378
ENSG00000197847,0
ENSG00000254558,0
ENSG00000255235,0
ENSG00000254617,0
ENSG00000254785,0
ENSG00000189253,0
ENSG00000184281,622
ENSG00000230483,0
ENSG00000070985,0
ENSG00000255055,0
ENSG00000223417,0
ENSG00000233802,0
ENSG00000254818,0
ENSG00000278837,0
ENSG00000255360,0
ENSG00000254655,0
ENSG00000255305,0
ENSG00000237706,0
ENSG00000225581,0
ENSG00000255184,0
ENSG00000204449,0
ENSG00000254803,0
ENSG00000254916,0
ENSG00000223709,0
ENSG00000255011,0
ENSG00000254888,0
ENSG00000255009,0
ENSG00000204450,0
ENSG00000137731,0
ENSG00000254844,0
ENSG00000255245,0
ENSG00000254528,7
ENSG00000137726,3251
ENSG00000110324,0
ENSG00000255328,0
ENSG00000270435,0
ENSG00000170955,0
ENSG00000254443,0
ENSG00000166311,1191
ENSG00000179532,78
ENSG00000254951,0
ENSG00000289714,0
ENSG00000254860,66
ENSG00000175352,498
ENSG00000213785,0
ENSG00000241943,0
ENSG00000110696,13644
ENSG00000199883,0
ENSG00000182450,0
ENSG00000257057,0
ENSG00000134627,0
ENSG00000196371,0
ENSG00000280167,0
ENSG00000233536,0
ENSG00000255666,0
ENSG00000204710,0
ENSG00000254682,163
ENSG00000255367,0
ENSG00000284639,0
ENSG00000230851,0
ENSG00000289468,0
ENSG00000289716,0
ENSG00000289718,0
ENSG00000219529,0
ENSG00000149262,1388
ENSG00000256091,0
ENSG00000086827,1550
ENSG00000243353,0
ENSG00000257070,0
ENSG00000256603,0
ENSG00000228607,0
ENSG00000256167,4
ENSG00000255870,0
ENSG00000257101,0
ENSG00000256452,0
ENSG00000255710,0
ENSG00000201687,0
ENSG00000289230,0
ENSG00000289553,0
ENSG00000230716,0
ENSG00000110400,1424
ENSG00000199217,0
ENSG00000255247,0
ENSG00000254854,0
ENSG00000254406,2
ENSG00000287545,0
ENSG00000288975,0
ENSG00000151702,12
ENSG00000048028,1029
ENSG00000181282,0
ENSG00000181273,0
ENSG00000285581,0
ENSG00000182208,302
ENSG00000185940,0
ENSG00000213368,0
ENSG00000150316,2128
ENSG00000186280,96
ENSG00000255653,0
ENSG00000235268,0
ENSG00000274486,0
ENSG00000256779,0
ENSG00000257012,0
ENSG00000277984,0
ENSG00000263465,4274
ENSG00000149218,752
ENSG00000270689,0
ENSG00000270578,0
ENSG00000149212,48128
ENSG00000282834,0
ENSG00000255855,0
ENSG00000260629,0
ENSG00000255060,0
ENSG00000175104,1495
ENSG00000166349,28
ENSG00000175097,0
ENSG00000184999,0
ENSG00000175264,14
ENSG00000255091,0
ENSG00000205106,0
ENSG00000181830,769
ENSG00000173715,235
ENSG00000173653,118
ENSG00000173599,967
ENSG00000173621,426
ENSG00000239099,0
ENSG00000266423,0
ENSG00000173237,0
ENSG00000289124,0
ENSG00000137700,944
ENSG00000255551,0
ENSG00000254728,0
ENSG00000254920,0
ENSG00000255527,0
ENSG00000249910,0
ENSG00000254517,0
ENSG00000254764,0
ENSG00000182053,0
ENSG00000288434,0
ENSG00000214891,0
ENSG00000276637,0
ENSG00000254801,0
ENSG00000229361,0
ENSG00000287821,0
ENSG00000285816,0
ENSG00000149798,0
ENSG00000289231,0
ENSG00000255478,0
ENSG00000162241,7
ENSG00000126391,544
ENSG00000278144,0
ENSG00000278050,0
ENSG00000277599,0
ENSG00000173039,1456
ENSG00000023191,1012
ENSG00000227620,0
ENSG00000273819,0
ENSG00000254792,0
ENSG00000251637,0
ENSG00000206587,0
ENSG00000243672,0
ENSG00000254850,0
ENSG00000255230,0
ENSG00000255554,0
ENSG00000006534,44
ENSG00000255306,0
ENSG00000110717,822
ENSG00000284293,0
ENSG00000284435,0
ENSG00000275022,0
ENSG00000255031,0
ENSG00000110721,1661
ENSG00000255236,10
ENSG00000171067,646
ENSG00000162337,1924
ENSG00000254856,0
ENSG00000289223,22
ENSG00000084234,37448
ENSG00000196323,4424
ENSG00000255358,0
ENSG00000255220,0
ENSG00000272412,0
ENSG00000134917,8
ENSG00000020922,1834
ENSG00000221230,0
ENSG00000255893,4
ENSG00000168876,400
ENSG00000185507,46
ENSG00000220948,0
ENSG00000173264,700
ENSG00000137760,558
ENSG00000270969,0
ENSG00000110719,2
ENSG00000289740,0
ENSG00000174370,0
ENSG00000019485,420
ENSG00000214534,0
ENSG00000137500,5275
ENSG00000255003,0
ENSG00000166689,630
ENSG00000149177,6214
ENSG00000263693,0
ENSG00000175619,0
ENSG00000255514,0
ENSG00000172208,0
ENSG00000176567,0
ENSG00000149781,18
ENSG00000167323,1585
ENSG00000284844,0
ENSG00000183269,0
ENSG00000132274,780
ENSG00000255409,20
ENSG00000087884,167
ENSG00000254691,0
ENSG00000110651,5632
ENSG00000271758,0
ENSG00000166405,96
ENSG00000110057,54
ENSG00000254469,81
ENSG00000137496,53
ENSG00000132746,0
ENSG00000197674,0
ENSG00000197309,0
ENSG00000181958,0
ENSG00000285231,0
ENSG00000175513,0
ENSG00000181017,0
ENSG00000186886,0
ENSG00000197887,0
ENSG00000167355,0
ENSG00000196248,0
ENSG00000283787,0
ENSG00000284873,0
ENSG00000285010,0
ENSG00000278768,133
ENSG00000245532,6
ENSG00000189431,83
ENSG00000255520,0
ENSG00000270060,6
ENSG00000165912,10
ENSG00000275208,0
ENSG00000243802,0
ENSG00000134574,396
ENSG00000256897,0
ENSG00000134575,1030
ENSG00000025434,116
ENSG00000256746,0
ENSG00000149182,2545
ENSG00000110395,7670
ENSG00000168003,2799
ENSG00000150455,39
ENSG00000255062,18
ENSG00000110066,4509
ENSG00000199077,0
ENSG00000149084,3903
ENSG00000283393,0
ENSG00000243721,0
ENSG00000254512,0
ENSG00000283483,0
ENSG00000187479,129
ENSG00000255929,0
ENSG00000254968,0
ENSG00000287912,0
ENSG00000279491,0
ENSG00000255774,0
ENSG00000289635,8
ENSG00000260233,18
ENSG00000288018,2
ENSG00000289908,0
ENSG00000231680,2
ENSG00000236437,0
ENSG00000286992,0
ENSG00000288833,39
ENSG00000251557,8
ENSG00000255284,62
ENSG00000288013,0
ENSG00000254489,87
ENSG00000255087,0
ENSG00000224091,0
ENSG00000247416,8
ENSG00000285769,0
ENSG00000289526,0
ENSG00000255007,0
ENSG00000175773,0
ENSG00000289990,0
ENSG00000289944,0
ENSG00000268403,15
ENSG00000255008,0
ENSG00000288012,0
ENSG00000289560,0
ENSG00000246174,58
ENSG00000290016,0
ENSG00000251364,18
ENSG00000283341,42
ENSG00000290026,0
ENSG00000183242,0
ENSG00000231793,0
ENSG00000254990,0
ENSG00000281655,0
ENSG00000288047,0
ENSG00000286369,12
ENSG00000254607,0
ENSG00000288789,0
ENSG00000254921,0
ENSG00000255517,69
ENSG00000245552,26
ENSG00000289976,0
ENSG00000289074,0
ENSG00000288907,0
ENSG00000255980,0
ENSG00000255135,483
ENSG00000290078,0
ENSG00000289562,0
ENSG00000280832,56
ENSG00000289391,0
ENSG00000289339,0
ENSG00000289399,0
ENSG00000254789,0
ENSG00000236935,0
ENSG00000290080,0
ENSG00000254427,34
ENSG00000256422,105
ENSG00000255422,0
ENSG00000290083,0
ENSG00000256940,0
ENSG00000250303,82
ENSG00000224795,0
ENSG00000255129,24
ENSG00000278376,56
ENSG00000251226,10
ENSG00000289621,0
ENSG00000246273,9
ENSG00000285693,0
ENSG00000288061,0
ENSG00000285533,14
ENSG00000246067,150
ENSG00000287917,1
ENSG00000290057,0
ENSG00000173825,78
ENSG00000204403,0
ENSG00000222162,0
ENSG00000148925,2011
ENSG00000287548,0
ENSG00000254583,0
ENSG00000255401,0
ENSG00000152266,0
ENSG00000228901,0
ENSG00000254791,0
ENSG00000240454,0
ENSG00000200685,0
ENSG00000255075,0
ENSG00000255088,0
ENSG00000255411,0
ENSG00000254927,0
ENSG00000254930,0
ENSG00000201856,0
ENSG00000254438,0
ENSG00000197601,8112
ENSG00000137747,0
ENSG00000289259,0
ENSG00000289883,0
ENSG00000286756,0
ENSG00000290061,0
ENSG00000251562,50
ENSG00000270117,0
ENSG00000133884,3777
ENSG00000166439,1398
ENSG00000278879,2
ENSG00000242999,0
ENSG00000241170,2
ENSG00000286943,0
ENSG00000118363,7120
ENSG00000200152,2
ENSG00000162139,623
ENSG00000234611,0
ENSG00000213333,0
ENSG00000248671,5
ENSG00000255403,0
ENSG00000222663,0
ENSG00000252081,0
ENSG00000285813,137
ENSG00000170903,5582
ENSG00000182359,500
ENSG00000149313,8203
ENSG00000254433,2
ENSG00000287846,0
ENSG00000254580,0
ENSG00000254827,0
ENSG00000205531,7943
ENSG00000154146,83
ENSG00000255045,0
ENSG00000019102,4
ENSG00000149564,12
ENSG00000250073,0
ENSG00000120458,656
ENSG00000279342,35
ENSG00000254509,0
ENSG00000245498,82
ENSG00000254941,0
ENSG00000154134,114
ENSG00000254568,0
ENSG00000154133,0
ENSG00000254943,0
ENSG00000285825,56
ENSG00000149548,426
ENSG00000165478,12
ENSG00000254468,0
ENSG00000230724,0
ENSG00000289568,0
ENSG00000166181,9249
ENSG00000254907,1
ENSG00000252652,0
ENSG00000255340,0
ENSG00000254577,0
ENSG00000252355,0
ENSG00000254463,0
ENSG00000213697,0
ENSG00000283217,0
ENSG00000211568,0
ENSG00000235661,0
ENSG00000052841,2234
ENSG00000181109,0
ENSG00000176148,530
ENSG00000213713,75
ENSG00000280798,412
ENSG00000176102,3001
ENSG00000247151,14
ENSG00000206808,0
ENSG00000241950,0
ENSG00000200485,0
ENSG00000241255,4
ENSG00000110422,2850
ENSG00000110427,672
ENSG00000254537,0
ENSG00000255207,0
ENSG00000135363,1023
ENSG00000184566,0
ENSG00000286626,14
ENSG00000135387,35190
ENSG00000135372,1730
ENSG00000201867,0
ENSG00000181214,0
ENSG00000286023,0
ENSG00000252556,0
ENSG00000286497,0
ENSG00000255248,7320
ENSG00000207971,0
ENSG00000259571,0
ENSG00000198975,0
ENSG00000207994,0
ENSG00000255015,0
ENSG00000255219,0
ENSG00000252776,0
ENSG00000253035,0
ENSG00000289058,48
ENSG00000229719,0
ENSG00000110076,794
ENSG00000290075,0
ENSG00000290098,0
ENSG00000284969,0
ENSG00000205035,0
ENSG00000290401,0
ENSG00000255532,0
ENSG00000290402,0
ENSG00000254576,0
ENSG00000290405,0
ENSG00000186124,0
ENSG00000290411,0
ENSG00000254840,0
ENSG00000290412,0
ENSG00000166007,0
ENSG00000290417,0
ENSG00000254751,0
ENSG00000290492,0
ENSG00000254811,0
ENSG00000290498,0
ENSG00000134612,0
ENSG00000290503,0
ENSG00000272634,0
ENSG00000290647,0
ENSG00000197984,0
ENSG00000290648,0
ENSG00000176904,0
ENSG00000290649,0
ENSG00000198217,0
ENSG00000290650,0
ENSG00000205494,0
ENSG00000290651,0
ENSG00000229988,0
ENSG00000290652,0
ENSG00000231049,0
ENSG00000290653,0
ENSG00000213181,0
ENSG00000290668,0
ENSG00000227737,0
ENSG00000290694,0
ENSG00000229386,0
ENSG00000290695,0
ENSG00000255157,0
ENSG00000166787,0
ENSG00000290741,0
ENSG00000189332,0
ENSG00000290742,0
ENSG00000184741,0
ENSG00000290744,0
ENSG00000225538,0
ENSG00000290745,0
ENSG00000205025,0
ENSG00000290749,0
ENSG00000232511,0
ENSG00000290752,0
ENSG00000254752,0
ENSG00000290753,0
ENSG00000225678,0
ENSG00000290773,0
ENSG00000255127,0
ENSG00000290774,0
ENSG00000255319,0
ENSG00000254613,0
ENSG00000290781,0
ENSG00000204529,0
ENSG00000255221,0
ENSG00000290797,0
ENSG00000176716,0
ENSG00000290809,0
ENSG00000255303,0
ENSG00000290827,4
ENSG00000254717,0
ENSG00000290884,0
ENSG00000184669,0
ENSG00000290957,0
ENSG00000223756,0
ENSG00000290960,18
ENSG00000182048,0
ENSG00000205044,0
ENSG00000160172,0
ENSG00000290994,136
ENSG00000254610,0
ENSG00000290995,0
ENSG00000255042,0
ENSG00000291108,0
ENSG00000254838,0
ENSG00000291143,0
ENSG00000225101,0
ENSG00000291144,0
ENSG00000235505,0
ENSG00000291173,0
ENSG00000173727,0
ENSG00000158483,0
ENSG00000180909,0
ENSG00000255307,0
ENSG00000175485,0
ENSG00000267940,2
ENSG00000180878,13
ENSG00000051009,428
ENSG00000132259,0
ENSG00000110148,2
ENSG00000282556,0
ENSG00000166313,1944
ENSG00000255507,0
ENSG00000254500,0
ENSG00000223202,0
ENSG00000054938,0
ENSG00000279353,0
ENSG00000265902,0
ENSG00000241097,0
ENSG00000227615,94
ENSG00000166435,99
ENSG00000062282,85
ENSG00000166436,233
ENSG00000186104,307
ENSG00000253179,0
ENSG00000110680,0
ENSG00000250640,0
ENSG00000110321,83489
ENSG00000246308,48
ENSG00000247271,312
ENSG00000289919,0
ENSG00000290775,0
ENSG00000291247,0
ENSG00000291186,117
ENSG00000290736,0
ENSG00000254925,0
ENSG00000255215,0
ENSG00000237388,0
ENSG00000255113,0
ENSG00000255304,0
ENSG00000254832,0
ENSG00000255534,0
ENSG00000213607,0
ENSG00000255297,0
ENSG00000254674,0
ENSG00000255053,0
ENSG00000290992,0
ENSG00000291248,0
ENSG00000236304,0
ENSG00000291249,0
ENSG00000290785,0
ENSG00000289398,0
ENSG00000289093,0
ENSG00000289936,0
ENSG00000134954,764
ENSG00000276176,0
ENSG00000254588,0
ENSG00000254703,0
ENSG00000085063,5244
ENSG00000245248,14
ENSG00000226416,0
ENSG00000130600,0
ENSG00000167244,12
ENSG00000284779,0
ENSG00000150672,899
ENSG00000110723,9
ENSG00000178202,818
ENSG00000291174,10
ENSG00000014138,156
ENSG00000160588,126
ENSG00000166796,0
ENSG00000289499,2
ENSG00000134333,2608
ENSG00000130595,0
ENSG00000256100,0
ENSG00000168066,9233
ENSG00000288809,11
ENSG00000151376,86
ENSG00000160703,219
ENSG00000166959,0
ENSG00000214782,0
ENSG00000166961,0
ENSG00000172689,0
ENSG00000221932,0
ENSG00000110436,2224
ENSG00000149090,2
ENSG00000255197,0
ENSG00000110514,1182
ENSG00000243742,0
ENSG00000289268,139
ENSG00000255717,870
ENSG00000283268,0
ENSG00000290962,0
ENSG00000110713,4564
ENSG00000133816,347
ENSG00000238262,0
ENSG00000279090,0
ENSG00000183715,6
ENSG00000283489,0
ENSG00000279497,0
ENSG00000255371,0
ENSG00000279711,0
ENSG00000279189,0
ENSG00000254896,0
ENSG00000287068,0
ENSG00000152578,2507
ENSG00000265014,0
ENSG00000283497,0
ENSG00000285658,0
ENSG00000180423,182
ENSG00000175224,3657
ENSG00000175220,1764
ENSG00000175213,169
ENSG00000180210,0
ENSG00000175216,10554
ENSG00000263540,0
ENSG00000252427,0
ENSG00000212135,6
ENSG00000247675,18
ENSG00000134569,1657
ENSG00000286450,0
ENSG00000254479,0
ENSG00000073921,10847
ENSG00000200877,0
ENSG00000254699,0
ENSG00000254502,0
ENSG00000276669,0
ENSG00000074266,1169
ENSG00000150687,5039
ENSG00000271318,0
ENSG00000197882,0
ENSG00000269895,0
ENSG00000255203,0
ENSG00000255471,17
ENSG00000280339,20
ENSG00000174804,2771
ENSG00000246523,32
ENSG00000254748,0
ENSG00000254843,0
ENSG00000279836,0
ENSG00000213287,0
ENSG00000244535,0
ENSG00000135378,0
ENSG00000060749,11744
ENSG00000200615,0
ENSG00000121690,100
ENSG00000167770,2906
ENSG00000288852,64
ENSG00000289486,8
ENSG00000289997,0
ENSG00000174775,926
ENSG00000247095,46
ENSG00000231743,0
ENSG00000226694,0
ENSG00000287653,0
ENSG00000237500,0
ENSG00000151240,1844
ENSG00000233052,0
ENSG00000286610,0
ENSG00000234556,0
ENSG00000234962,0
ENSG00000196139,376
ENSG00000225269,16
ENSG00000227912,0
ENSG00000228291,0
ENSG00000178462,0
ENSG00000287848,0
ENSG00000271251,0
ENSG00000185736,0
ENSG00000280450,0
ENSG00000226990,0
ENSG00000236990,0
ENSG00000232170,0
ENSG00000224788,0
ENSG00000234306,0
ENSG00000230014,0
ENSG00000230573,0
ENSG00000272436,0
ENSG00000287120,0
ENSG00000134463,0
ENSG00000212743,2
ENSG00000286687,0
ENSG00000231039,0
ENSG00000151465,3709
ENSG00000225418,0
ENSG00000178473,0
ENSG00000067082,2610
ENSG00000229672,0
ENSG00000165629,6642
ENSG00000236420,0
ENSG00000228353,0
ENSG00000235838,0
ENSG00000224382,35
ENSG00000224251,0
ENSG00000065665,1384
ENSG00000230121,0
ENSG00000234170,0
ENSG00000231326,0
ENSG00000235281,0
ENSG00000230096,0
ENSG00000234752,0
ENSG00000286439,0
ENSG00000229919,4
ENSG00000271046,0
ENSG00000151655,0
ENSG00000226861,0
ENSG00000236892,0
ENSG00000228636,0
ENSG00000283456,0
ENSG00000287175,0
ENSG00000165609,1649
ENSG00000151468,20
ENSG00000239539,0
ENSG00000285994,0
ENSG00000286858,0
ENSG00000151657,548
ENSG00000213771,0
ENSG00000270234,0
ENSG00000151461,1761
ENSG00000287246,0
ENSG00000285852,8
ENSG00000231422,13
ENSG00000176244,724
ENSG00000230818,0
ENSG00000223808,0
ENSG00000152464,166
ENSG00000123243,0
ENSG00000236960,0
ENSG00000227537,0
ENSG00000260314,0
ENSG00000225976,1
ENSG00000228181,0
ENSG00000285520,0
ENSG00000107611,140
ENSG00000225213,0
ENSG00000279575,0
ENSG00000234961,0
ENSG00000273153,0
ENSG00000234813,0
ENSG00000233642,0
ENSG00000107614,1178
ENSG00000165985,0
ENSG00000148481,1486
ENSG00000225192,0
ENSG00000165309,80
ENSG00000271360,0
ENSG00000176236,66
ENSG00000228755,0
ENSG00000279623,3
ENSG00000227264,0
ENSG00000203565,0
ENSG00000233451,0
ENSG00000225638,0
ENSG00000233190,0
ENSG00000270552,0
ENSG00000151963,4
ENSG00000238246,0
ENSG00000150867,1956
ENSG00000272387,0
ENSG00000179133,21
ENSG00000287309,0
ENSG00000286958,0
ENSG00000234335,4
ENSG00000198610,4
ENSG00000204740,2
ENSG00000285859,0
ENSG00000148488,0
ENSG00000136750,187
ENSG00000150051,0
ENSG00000263761,0
ENSG00000169126,44
ENSG00000286810,2
ENSG00000234541,0
ENSG00000077943,0
ENSG00000270762,0
ENSG00000228882,0
ENSG00000223984,2
ENSG00000235637,0
ENSG00000234973,0
ENSG00000233867,0
ENSG00000287402,0
ENSG00000148482,505
ENSG00000226808,0
ENSG00000231009,0
ENSG00000224034,0
ENSG00000243349,0
ENSG00000228339,0
ENSG00000228702,0
ENSG00000254929,1
ENSG00000172671,558
ENSG00000264404,0
ENSG00000095777,52
ENSG00000227395,0
ENSG00000165511,254
ENSG00000260137,0
ENSG00000274242,0
ENSG00000287925,0
ENSG00000223841,0
ENSG00000237913,0
ENSG00000235197,0
ENSG00000148450,774
ENSG00000287613,0
ENSG00000256574,0
ENSG00000237936,0
ENSG00000168267,0
ENSG00000099256,354
ENSG00000148426,144
ENSG00000226016,0
ENSG00000235113,0
ENSG00000271563,0
ENSG00000266217,0
ENSG00000279819,0
ENSG00000233837,4
ENSG00000203496,0
ENSG00000233395,0
ENSG00000273012,0
ENSG00000223462,0
ENSG00000227121,0
ENSG00000259869,8
ENSG00000273363,0
ENSG00000286413,0
ENSG00000230500,0
ENSG00000230869,0
ENSG00000261683,0
ENSG00000151023,184
ENSG00000226493,0
ENSG00000228302,4
ENSG00000136770,2195
ENSG00000235469,0
ENSG00000226790,16
ENSG00000224162,0
ENSG00000227465,0
ENSG00000235690,0
ENSG00000122912,466
ENSG00000270192,0
ENSG00000225778,2
ENSG00000226255,0
ENSG00000270369,0
ENSG00000227173,0
ENSG00000279239,0
ENSG00000165443,1449
ENSG00000232109,0
ENSG00000229644,30
ENSG00000236442,0
ENSG00000233472,0
ENSG00000138303,2844
ENSG00000271173,0
ENSG00000271650,0
ENSG00000223987,0
ENSG00000265203,0
ENSG00000165322,4896
ENSG00000234369,0
ENSG00000273107,0
ENSG00000231399,0
ENSG00000072401,2994
ENSG00000229932,22
ENSG00000234864,0
ENSG00000234504,0
ENSG00000270767,0
ENSG00000224919,0
ENSG00000266524,2
ENSG00000227101,0
ENSG00000236671,0
ENSG00000196693,1292
ENSG00000235356,0
ENSG00000226304,0
ENSG00000265630,5
ENSG00000226937,4
ENSG00000280719,0
ENSG00000286924,0
ENSG00000099250,3435
ENSG00000120594,405
ENSG00000227734,0
ENSG00000287278,0
ENSG00000148484,2690
ENSG00000214881,2
ENSG00000213657,0
ENSG00000272319,0
ENSG00000226113,0
ENSG00000227877,0
ENSG00000233313,0
ENSG00000223746,0
ENSG00000286715,0
ENSG00000227583,0
ENSG00000233724,0
ENSG00000270754,0
ENSG00000270494,0
ENSG00000278531,0
ENSG00000226395,0
ENSG00000270421,0
ENSG00000226296,0
ENSG00000235816,0
ENSG00000165757,6
ENSG00000279814,0
ENSG00000214629,4
ENSG00000165655,4
ENSG00000077327,2
ENSG00000227972,0
ENSG00000234319,0
ENSG00000165406,1384
ENSG00000230417,5
ENSG00000228683,0
ENSG00000226140,0
ENSG00000138336,1424
ENSG00000107984,22
ENSG00000227313,0
ENSG00000285739,0
ENSG00000282906,0
ENSG00000287173,0
ENSG00000170759,18107
ENSG00000152465,1857
ENSG00000204161,0
ENSG00000233703,0
ENSG00000285958,0
ENSG00000231964,0
ENSG00000060339,2845
ENSG00000213525,0
ENSG00000223565,0
ENSG00000260400,519
ENSG00000237149,0
ENSG00000226163,0
ENSG00000227271,0
ENSG00000279359,0
ENSG00000232950,0
ENSG00000238258,0
ENSG00000229543,0
ENSG00000231082,0
ENSG00000122952,2476
ENSG00000270002,0
ENSG00000233258,0
ENSG00000270352,0
ENSG00000234942,0
ENSG00000184923,0
ENSG00000148655,0
ENSG00000234382,0
ENSG00000272767,11
ENSG00000237267,0
ENSG00000213731,0
ENSG00000271710,0
ENSG00000280166,0
ENSG00000165512,1966
ENSG00000122359,92
ENSG00000236797,0
ENSG00000272692,0
ENSG00000279502,0
ENSG00000285257,20
ENSG00000122378,90
ENSG00000230962,0
ENSG00000286445,18
ENSG00000235279,0
ENSG00000280134,0
ENSG00000107789,2579
ENSG00000235858,0
ENSG00000231060,0
ENSG00000230501,0
ENSG00000108064,7386
ENSG00000236417,0
ENSG00000228280,0
ENSG00000178429,102
ENSG00000268659,0
ENSG00000234743,26
ENSG00000282952,0
ENSG00000206448,0
ENSG00000183055,0
ENSG00000182771,348
ENSG00000234993,0
ENSG00000236373,0
ENSG00000230229,0
ENSG00000224714,0
ENSG00000237523,0
ENSG00000224412,0
ENSG00000224504,2
ENSG00000285846,0
ENSG00000224914,562
ENSG00000233353,0
ENSG00000288090,0
ENSG00000236606,0
ENSG00000228055,0
ENSG00000275015,0
ENSG00000227029,0
ENSG00000213659,0
ENSG00000233515,0
ENSG00000227209,0
ENSG00000238176,0
ENSG00000270670,0
ENSG00000228938,2
ENSG00000236493,0
ENSG00000237740,0
ENSG00000231569,0
ENSG00000138119,1478
ENSG00000165733,2847
ENSG00000225118,0
ENSG00000279910,0
ENSG00000152804,0
ENSG00000227805,0
ENSG00000215065,0
ENSG00000227679,0
ENSG00000288218,0
ENSG00000107771,5407
ENSG00000277479,0
ENSG00000165476,6972
ENSG00000184719,0
ENSG00000287016,10
ENSG00000269891,0
ENSG00000273497,0
ENSG00000229458,0
ENSG00000238291,0
ENSG00000225738,0
ENSG00000231132,0
ENSG00000287057,0
ENSG00000214549,0
ENSG00000095587,122
ENSG00000224402,0
ENSG00000215151,0
ENSG00000272748,0
ENSG00000226426,4
ENSG00000148572,916
ENSG00000235677,2
ENSG00000170788,0
ENSG00000165841,0
ENSG00000226412,0
ENSG00000287528,30
ENSG00000233533,0
ENSG00000213484,0
ENSG00000278992,0
ENSG00000228566,8
ENSG00000227683,0
ENSG00000095713,20
ENSG00000181192,1693
ENSG00000287150,0
ENSG00000187553,0
ENSG00000107551,1575
ENSG00000233832,0
ENSG00000155629,34
ENSG00000120054,0
ENSG00000165887,2
ENSG00000077420,0
ENSG00000272381,6
ENSG00000174721,7977
ENSG00000286373,3
ENSG00000156650,2648
ENSG00000277757,0
ENSG00000230425,0
ENSG00000277133,0
ENSG00000283930,0
ENSG00000175395,1430
ENSG00000233945,0
ENSG00000227253,10
ENSG00000272817,45
ENSG00000226159,0
ENSG00000224750,0
ENSG00000235489,4
ENSG00000213432,8
ENSG00000231970,0
ENSG00000286683,0
ENSG00000133665,4
ENSG00000235810,0
ENSG00000198060,5389
ENSG00000227475,0
ENSG00000226466,0
ENSG00000279607,0
ENSG00000236556,0
ENSG00000270973,0
ENSG00000270258,0
ENSG00000226447,0
ENSG00000213341,2583
ENSG00000151224,0
ENSG00000120057,0
ENSG00000107864,142
ENSG00000226888,0
ENSG00000138190,1850
ENSG00000122870,222
ENSG00000230575,0
ENSG00000226578,4
ENSG00000223428,0
ENSG00000213609,12
ENSG00000122863,4979
ENSG00000155254,72
ENSG00000229485,0
ENSG00000226646,2
ENSG00000230224,3
ENSG00000105988,14
ENSG00000287732,0
ENSG00000235140,0
ENSG00000228828,0
ENSG00000237579,0
ENSG00000283232,0
ENSG00000286876,0
ENSG00000285254,0
ENSG00000236842,0
ENSG00000232075,0
ENSG00000227032,0
ENSG00000099194,238925
ENSG00000270075,0
ENSG00000272988,0
ENSG00000236769,0
ENSG00000232230,0
ENSG00000233900,0
ENSG00000241935,104
ENSG00000203942,0
ENSG00000227851,0
ENSG00000166167,1705
ENSG00000107447,0
ENSG00000214626,0
ENSG00000236308,15
ENSG00000224498,0
ENSG00000236626,0
ENSG00000224301,0
ENSG00000230609,0
ENSG00000229847,1334
ENSG00000284951,0
ENSG00000205433,0
ENSG00000236514,6
ENSG00000148468,3569
ENSG00000189180,2220
ENSG00000165507,52
ENSG00000287969,7
ENSG00000230967,0
ENSG00000283578,0
ENSG00000171160,1033
ENSG00000213260,4
ENSG00000148834,1257
ENSG00000165879,120
ENSG00000223993,0
ENSG00000228694,0
ENSG00000196072,2333
ENSG00000225155,0
ENSG00000228462,0
ENSG00000165886,504
ENSG00000234580,0
ENSG00000119986,70
ENSG00000287779,0
ENSG00000232739,12
ENSG00000286344,0
ENSG00000052749,1121
ENSG00000229272,0
ENSG00000177613,3387
ENSG00000275312,0
ENSG00000270648,0
ENSG00000213390,1382
ENSG00000166171,1432
ENSG00000166169,432
ENSG00000224907,0
ENSG00000214807,0
ENSG00000270623,0
ENSG00000230809,0
ENSG00000227492,0
ENSG00000165669,3578
ENSG00000286609,0
ENSG00000287077,4
ENSG00000233334,0
ENSG00000107829,315
ENSG00000227128,0
ENSG00000155265,15
ENSG00000232985,0
ENSG00000232728,0
ENSG00000227695,0
ENSG00000237592,0
ENSG00000236900,0
ENSG00000148843,3176
ENSG00000258539,0
ENSG00000274461,0
ENSG00000249967,0
ENSG00000203837,4
ENSG00000231188,0
ENSG00000231471,0
ENSG00000227356,0
ENSG00000270333,0
ENSG00000107581,25976
ENSG00000185875,1423
ENSG00000072422,2166
ENSG00000120563,0
ENSG00000234544,0
ENSG00000120029,1630
ENSG00000228261,0
ENSG00000237002,0
ENSG00000270902,0
ENSG00000204172,14
ENSG00000171314,11678
ENSG00000095596,0
ENSG00000231508,0
ENSG00000148541,545
ENSG00000234569,0
ENSG00000287427,0
ENSG00000236058,20
ENSG00000285615,0
ENSG00000148841,844
ENSG00000120051,12
ENSG00000138346,1137
ENSG00000216740,0
ENSG00000231398,0
ENSG00000287231,0
ENSG00000229981,6
ENSG00000235742,0
ENSG00000231138,0
ENSG00000232935,0
ENSG00000271343,0
ENSG00000107593,0
ENSG00000229775,0
ENSG00000238215,0
ENSG00000286289,6
ENSG00000230018,0
ENSG00000196932,32
ENSG00000108100,4212
ENSG00000237242,0
ENSG00000119979,2282
ENSG00000151893,5465
ENSG00000181274,346
ENSG00000236762,0
ENSG00000282863,0
ENSG00000107560,2349
ENSG00000227437,0
ENSG00000236171,0
ENSG00000188620,522
ENSG00000203434,0
ENSG00000234542,0
ENSG00000274599,0
ENSG00000271434,0
ENSG00000213574,0
ENSG00000189319,1197
ENSG00000227307,0
ENSG00000229649,0
ENSG00000232259,0
ENSG00000234806,0
ENSG00000270294,0
ENSG00000213185,25
ENSG00000287361,0
ENSG00000119973,0
ENSG00000138152,0
ENSG00000065154,3609
ENSG00000213025,0
ENSG00000276490,0
ENSG00000170430,2
ENSG00000156398,80
ENSG00000148824,48
ENSG00000225899,0
ENSG00000095574,1869
ENSG00000237169,0
ENSG00000166272,2426
ENSG00000234309,0
ENSG00000279626,0
ENSG00000107949,3163
ENSG00000270965,0
ENSG00000068383,973
ENSG00000227143,0
ENSG00000277687,36
ENSG00000182022,628
ENSG00000278831,0
ENSG00000232823,0
ENSG00000236818,0
ENSG00000138162,944
ENSG00000223381,0
ENSG00000148702,0
ENSG00000233135,0
ENSG00000186795,0
ENSG00000227076,0
ENSG00000278484,0
ENSG00000229544,0
ENSG00000107902,189
ENSG00000225208,0
ENSG00000089876,1458
ENSG00000280561,0
ENSG00000237675,0
ENSG00000166033,38065
ENSG00000288107,0
ENSG00000148773,6855
ENSG00000287047,0
ENSG00000165650,5642
ENSG00000276904,0
ENSG00000203795,0
ENSG00000175018,0
ENSG00000234952,0
ENSG00000230098,0
ENSG00000231104,0
ENSG00000203791,318
ENSG00000077147,21797
ENSG00000285955,21
ENSG00000225424,0
ENSG00000171307,1458
ENSG00000183605,648
ENSG00000283095,0
ENSG00000224190,0
ENSG00000276164,0
ENSG00000154485,0
ENSG00000287327,0
ENSG00000175470,1830
ENSG00000177640,262
ENSG00000213543,0
ENSG00000234677,0
ENSG00000280337,0
ENSG00000287466,0
ENSG00000280953,0
ENSG00000138161,0
ENSG00000188916,118
ENSG00000276964,0
ENSG00000234134,0
ENSG00000287655,0
ENSG00000180745,0
ENSG00000213170,0
ENSG00000234109,0
ENSG00000233435,0
ENSG00000120008,2999
ENSG00000165672,10808
ENSG00000171311,728
ENSG00000234640,0
ENSG00000236991,0
ENSG00000188613,328
ENSG00000286114,0
ENSG00000203780,108
ENSG00000258114,0
ENSG00000278641,0
ENSG00000196177,1290
ENSG00000228021,0
ENSG00000214297,0
ENSG00000237635,0
ENSG00000203867,114
ENSG00000108039,2903
ENSG00000275610,0
ENSG00000186766,0
ENSG00000176584,0
ENSG00000165646,37
ENSG00000285582,0
ENSG00000229455,0
ENSG00000165660,1674
ENSG00000287768,0
ENSG00000187164,3006
ENSG00000272933,146
ENSG00000154478,0
ENSG00000107518,1283
ENSG00000285529,0
ENSG00000229466,0
ENSG00000236426,0
ENSG00000234016,0
ENSG00000165752,303
ENSG00000213147,0
ENSG00000188690,3377
ENSG00000232342,3
ENSG00000183559,0
ENSG00000278761,0
ENSG00000271670,0
ENSG00000154473,9942
ENSG00000228485,9
ENSG00000233409,0
ENSG00000213438,0
ENSG00000230468,0
ENSG00000286295,0
ENSG00000119965,739
ENSG00000254636,0
ENSG00000107938,1036
ENSG00000277879,53
ENSG00000287358,2
ENSG00000278664,0
ENSG00000254536,4
ENSG00000279725,0
ENSG00000176769,0
ENSG00000223528,0
ENSG00000198873,1579
ENSG00000203876,0
ENSG00000272627,0
ENSG00000233477,0
ENSG00000226557,0
ENSG00000278790,0
ENSG00000227096,0
ENSG00000224023,4
ENSG00000286088,0
ENSG00000232805,0
ENSG00000280446,0
ENSG00000287936,0
ENSG00000075290,136
ENSG00000270778,0
ENSG00000265763,4
ENSG00000271353,0
ENSG00000263041,0
ENSG00000277274,0
ENSG00000276046,0
ENSG00000273312,0
ENSG00000232334,2
ENSG00000227586,4
ENSG00000182645,0
ENSG00000148908,80
ENSG00000237618,0
ENSG00000226253,0
ENSG00000234474,0
ENSG00000185737,347
ENSG00000148704,2009
ENSG00000234811,0
ENSG00000282875,0
ENSG00000237417,6
ENSG00000095485,801
ENSG00000177291,0
ENSG00000229418,0
ENSG00000215002,0
ENSG00000148700,4874
ENSG00000121898,4
ENSG00000151025,328
ENSG00000107554,716
ENSG00000217094,88
ENSG00000155229,2039
ENSG00000138175,2966
ENSG00000172987,0
ENSG00000188316,88
ENSG00000236303,0
ENSG00000276375,0
ENSG00000235198,0
ENSG00000288172,0
ENSG00000196865,5804
ENSG00000170370,2482
ENSG00000182010,3187
ENSG00000197430,0
ENSG00000226425,0
ENSG00000228312,0
ENSG00000270099,0
ENSG00000230131,0
ENSG00000224215,1
ENSG00000230240,0
ENSG00000232139,0
ENSG00000274985,0
ENSG00000107566,2121
ENSG00000065621,12
ENSG00000231148,0
ENSG00000225152,0
ENSG00000212156,0
ENSG00000274809,0
ENSG00000239142,0
ENSG00000207124,0
ENSG00000239148,0
ENSG00000252998,0
ENSG00000278069,0
ENSG00000212505,0
ENSG00000200849,0
ENSG00000251957,0
ENSG00000264036,0
ENSG00000212499,0
ENSG00000265653,0
ENSG00000252537,0
ENSG00000201260,0
ENSG00000223156,0
ENSG00000252832,0
ENSG00000200545,0
ENSG00000252001,0
ENSG00000207938,0
ENSG00000201390,0
ENSG00000252438,0
ENSG00000252118,0
ENSG00000263584,0
ENSG00000283699,0
ENSG00000221331,0
ENSG00000275001,0
ENSG00000252049,0
ENSG00000272507,0
ENSG00000252634,0
ENSG00000201364,0
ENSG00000264574,0
ENSG00000223019,0
ENSG00000206842,0
ENSG00000251803,0
ENSG00000223131,0
ENSG00000251810,0
ENSG00000207612,0
ENSG00000212411,0
ENSG00000216035,0
ENSG00000222092,0
ENSG00000251711,0
ENSG00000239731,0
ENSG00000222543,0
ENSG00000252482,0
ENSG00000244356,0
ENSG00000284265,0
ENSG00000206660,2
ENSG00000207271,0
ENSG00000206840,0
ENSG00000274458,0
ENSG00000222314,0
ENSG00000252132,0
ENSG00000251783,0
ENSG00000252416,0
ENSG00000263476,0
ENSG00000252877,0
ENSG00000207071,0
ENSG00000207813,0
ENSG00000201196,0
ENSG00000252161,0
ENSG00000252076,0
ENSG00000238707,0
ENSG00000199446,0
ENSG00000264747,0
ENSG00000221063,0
ENSG00000199638,0
ENSG00000195401,0
ENSG00000221184,4
ENSG00000283551,0
ENSG00000207438,0
ENSG00000201881,0
ENSG00000206756,0
ENSG00000266719,0
ENSG00000207583,0
ENSG00000265486,0
ENSG00000201954,0
ENSG00000201393,0
ENSG00000272536,0
ENSG00000223064,0
ENSG00000200774,0
ENSG00000252292,0
ENSG00000200487,0
ENSG00000199104,0
ENSG00000278333,0
ENSG00000212324,0
ENSG00000222451,0
ENSG00000207275,0
ENSG00000283672,0
ENSG00000252993,0
ENSG00000221042,0
ENSG00000199881,0
ENSG00000201412,0
ENSG00000278752,0
ENSG00000277308,0
ENSG00000200737,0
ENSG00000202047,0
ENSG00000212464,7
ENSG00000207362,1
ENSG00000222238,0
ENSG00000274056,0
ENSG00000266852,4
ENSG00000222436,0
ENSG00000200079,0
ENSG00000252574,0
ENSG00000207068,0
ENSG00000272160,0
ENSG00000274742,0
ENSG00000222430,0
ENSG00000212325,0
ENSG00000222051,0
ENSG00000222414,0
ENSG00000266782,0
ENSG00000200217,0
ENSG00000200626,0
ENSG00000263436,0
ENSG00000283558,0
ENSG00000208033,0
ENSG00000277371,0
ENSG00000222629,0
ENSG00000207468,0
ENSG00000207494,0
ENSG00000222588,0
ENSG00000265092,0
ENSG00000242853,5
ENSG00000202245,0
ENSG00000199466,0
ENSG00000265719,0
ENSG00000264803,0
ENSG00000222997,0
ENSG00000222740,0
ENSG00000265442,0
ENSG00000148814,859
ENSG00000171813,266
ENSG00000231705,6
ENSG00000234311,0
ENSG00000226900,4
ENSG00000229081,0
ENSG00000237233,0
ENSG00000288052,0
ENSG00000272592,0
ENSG00000233643,0
ENSG00000059915,186
ENSG00000107874,3423
ENSG00000202569,0
ENSG00000120055,0
ENSG00000138111,104
ENSG00000138107,8298
ENSG00000273262,0
ENSG00000228657,0
ENSG00000207029,0
ENSG00000228753,6
ENSG00000228219,0
ENSG00000231920,0
ENSG00000228860,0
ENSG00000232853,0
ENSG00000207264,0
ENSG00000237590,0
ENSG00000229116,0
ENSG00000277288,0
ENSG00000287901,0
ENSG00000214089,8
ENSG00000122861,434
ENSG00000222047,2
ENSG00000225761,0
ENSG00000222305,0
ENSG00000148677,290
ENSG00000201604,0
ENSG00000225519,0
ENSG00000273124,28
ENSG00000224851,0
ENSG00000220585,0
ENSG00000230166,0
ENSG00000288603,0
ENSG00000222108,2
ENSG00000285803,2
ENSG00000226631,0
ENSG00000099290,1277
ENSG00000233011,0
ENSG00000225137,4
ENSG00000234756,0
ENSG00000288011,0
ENSG00000240940,0
ENSG00000138311,129
ENSG00000285837,0
ENSG00000285551,0
ENSG00000238280,0
ENSG00000234489,0
ENSG00000181915,3089
ENSG00000227374,0
ENSG00000283141,0
ENSG00000275327,0
ENSG00000266676,0
ENSG00000275005,0
ENSG00000287997,0
ENSG00000220842,260
ENSG00000234522,0
ENSG00000177234,4
ENSG00000203805,16
ENSG00000270727,0
ENSG00000265372,0
ENSG00000235940,0
ENSG00000230112,0
ENSG00000230109,0
ENSG00000231553,0
ENSG00000278650,0
ENSG00000273566,0
ENSG00000199222,0
ENSG00000222071,4
ENSG00000180592,321
ENSG00000207347,0
ENSG00000214285,62
ENSG00000152463,0
ENSG00000151929,1320
ENSG00000185532,1766
ENSG00000035403,9031
ENSG00000107882,1152
ENSG00000197893,28
ENSG00000223027,0
ENSG00000206605,0
ENSG00000199855,0
ENSG00000120539,1350
ENSG00000252639,0
ENSG00000251839,0
ENSG00000262412,1
ENSG00000230445,1
ENSG00000230507,0
ENSG00000272631,82
ENSG00000270874,0
ENSG00000107890,376
ENSG00000207287,0
ENSG00000236552,400
ENSG00000207976,0
ENSG00000232875,0
ENSG00000187122,1375
ENSG00000234855,0
ENSG00000173848,1500
ENSG00000178372,0
ENSG00000205488,0
ENSG00000178363,0
ENSG00000256462,0
ENSG00000287566,0
ENSG00000287235,0
ENSG00000228685,0
ENSG00000240577,0
ENSG00000196372,592
ENSG00000226647,6
ENSG00000057608,36463
ENSG00000270427,2
ENSG00000272764,2
ENSG00000240180,0
ENSG00000242147,0
ENSG00000138180,2048
ENSG00000212396,0
ENSG00000186188,0
ENSG00000095464,0
ENSG00000148690,864
ENSG00000108231,670
ENSG00000280660,4
ENSG00000280485,0
ENSG00000227995,0
ENSG00000237032,0
ENSG00000185267,20
ENSG00000187522,1259
ENSG00000272912,0
ENSG00000148842,891
ENSG00000278498,0
ENSG00000237827,0
ENSG00000213277,0
ENSG00000229256,0
ENSG00000235376,2
ENSG00000148798,5221
ENSG00000156374,1136
ENSG00000212413,0
ENSG00000173915,3315
ENSG00000283867,0
ENSG00000176273,558
ENSG00000180764,42
ENSG00000232913,0
ENSG00000234724,0
ENSG00000206631,0
ENSG00000228553,0
ENSG00000268894,0
ENSG00000273450,0
ENSG00000173145,1742
ENSG00000108239,1555
ENSG00000235746,0
ENSG00000237297,0
ENSG00000261456,0
ENSG00000232420,0
ENSG00000276662,0
ENSG00000212331,0
ENSG00000201861,0
ENSG00000239822,6
ENSG00000233021,0
ENSG00000224948,0
ENSG00000236467,0
ENSG00000225497,0
ENSG00000224500,0
ENSG00000228092,0
ENSG00000199592,0
ENSG00000213514,10
ENSG00000277981,0
ENSG00000225652,0
ENSG00000165471,0
ENSG00000023839,4
ENSG00000189014,18
ENSG00000276544,0
ENSG00000226964,25
ENSG00000276850,0
ENSG00000273760,0
ENSG00000276430,0
ENSG00000201548,0
ENSG00000237205,0
ENSG00000182333,0
ENSG00000271408,0
ENSG00000226358,0
ENSG00000235150,0
ENSG00000173239,0
ENSG00000204020,0
ENSG00000200887,0
ENSG00000230125,0
ENSG00000259994,268
ENSG00000285824,0
ENSG00000250833,0
ENSG00000241621,0
ENSG00000239625,0
ENSG00000284277,0
ENSG00000214434,0
ENSG00000235679,0
ENSG00000224473,0
ENSG00000107968,242
ENSG00000213778,0
ENSG00000287420,0
ENSG00000228800,0
ENSG00000239744,0
ENSG00000230298,0
ENSG00000285630,0
ENSG00000226734,0
ENSG00000228417,0
ENSG00000214067,0
ENSG00000119953,2538
ENSG00000273143,0
ENSG00000237642,0
ENSG00000138166,84
ENSG00000107951,1828
ENSG00000285871,2
ENSG00000206855,0
ENSG00000214875,0
ENSG00000229001,0
ENSG00000122862,0
ENSG00000274008,0
ENSG00000233163,0
ENSG00000265190,0
ENSG00000204130,1226
ENSG00000196233,4243
ENSG00000198954,3045
ENSG00000148688,1629
ENSG00000078114,943
ENSG00000150760,2707
ENSG00000188649,1
ENSG00000197748,101
ENSG00000171206,1040
ENSG00000187908,0
ENSG00000165868,763
ENSG00000207327,0
ENSG00000237139,0
ENSG00000268584,8
ENSG00000272791,6
ENSG00000177791,0
ENSG00000166317,4
ENSG00000271848,0
ENSG00000242288,0
ENSG00000271816,0
ENSG00000272140,2
ENSG00000252072,0
ENSG00000235316,6
ENSG00000270808,0
ENSG00000176986,1837
ENSG00000279689,0
ENSG00000196968,638
ENSG00000172586,1126
ENSG00000214655,873
ENSG00000280238,0
ENSG00000272589,0
ENSG00000272916,0
ENSG00000166507,3
ENSG00000224195,0
ENSG00000229990,0
ENSG00000286401,3
ENSG00000279863,18
ENSG00000177354,0
ENSG00000235939,0
ENSG00000264217,0
ENSG00000265354,3471
ENSG00000265733,0
ENSG00000263639,0
ENSG00000280012,0
ENSG00000264204,0
ENSG00000229205,0
ENSG00000287043,0
ENSG00000282390,0
ENSG00000122958,5276
ENSG00000156502,1686
ENSG00000229261,0
ENSG00000156510,329
ENSG00000231748,0
ENSG00000229197,0
ENSG00000232734,0
ENSG00000099282,38
ENSG00000287306,0
ENSG00000233197,0
ENSG00000230755,0
ENSG00000235803,0
ENSG00000235524,0
ENSG00000231152,0
ENSG00000226794,0
ENSG00000171224,214
ENSG00000235645,0
ENSG00000278830,0
ENSG00000200369,0
ENSG00000215409,0
ENSG00000207135,0
ENSG00000260151,0
ENSG00000213770,0
ENSG00000237956,0
ENSG00000182077,0
ENSG00000107897,2597
ENSG00000138160,5981
ENSG00000184111,0
ENSG00000264313,3
ENSG00000224222,0
ENSG00000042286,60
ENSG00000079332,9802
ENSG00000229097,21
ENSG00000232142,0
ENSG00000180817,9229
ENSG00000156521,313
ENSG00000252479,0
ENSG00000230397,0
ENSG00000285781,2
ENSG00000223834,2
ENSG00000286694,0
ENSG00000231855,0
ENSG00000222412,0
ENSG00000223540,0
ENSG00000224250,0
ENSG00000201884,0
ENSG00000273767,0
ENSG00000276742,10
ENSG00000107672,604
ENSG00000273891,72
ENSG00000285715,0
ENSG00000285973,0
ENSG00000166189,394
ENSG00000224302,0
ENSG00000229629,0
ENSG00000198728,3446
ENSG00000148840,1492
ENSG00000166197,7306
ENSG00000119915,14
ENSG00000107859,0
ENSG00000228816,0
ENSG00000234163,0
ENSG00000229878,0
ENSG00000235962,2
ENSG00000234182,0
ENSG00000287560,0
ENSG00000273001,0
ENSG00000278419,0
ENSG00000237399,0
ENSG00000236968,0
ENSG00000227338,0
ENSG00000287428,0
ENSG00000233805,0
ENSG00000252252,0
ENSG00000234173,0
ENSG00000224697,0
ENSG00000221594,0
ENSG00000236744,0
ENSG00000223800,0
ENSG00000228048,0
ENSG00000236993,0
ENSG00000270541,0
ENSG00000107959,2092
ENSG00000288566,0
ENSG00000202297,0
ENSG00000232709,0
ENSG00000286795,0
ENSG00000272447,42
ENSG00000214695,0
ENSG00000204437,0
ENSG00000214584,6
ENSG00000283913,0
ENSG00000283101,0
ENSG00000242600,0
ENSG00000133661,0
ENSG00000273372,0
ENSG00000235924,0
ENSG00000225100,0
ENSG00000229616,0
ENSG00000224760,0
ENSG00000236217,2
ENSG00000227515,2
ENSG00000230091,2
ENSG00000282432,0
ENSG00000133678,668
ENSG00000279399,0
ENSG00000230171,0
ENSG00000099284,2912
ENSG00000148734,0
ENSG00000226762,0
ENSG00000288657,0
ENSG00000078403,1337
ENSG00000120616,1871
ENSG00000138182,1202
ENSG00000204152,118
ENSG00000166024,686
ENSG00000179988,218
ENSG00000183346,70
ENSG00000284024,2077
ENSG00000214562,75
ENSG00000132334,780
ENSG00000185009,8751
ENSG00000148634,1814
ENSG00000119950,3195
ENSG00000165338,996
ENSG00000156110,2556
ENSG00000224289,0
ENSG00000204010,0
ENSG00000185745,177
ENSG00000152779,4
ENSG00000234452,0
ENSG00000200294,0
ENSG00000226701,0
ENSG00000166295,2151
ENSG00000200170,0
ENSG00000168209,2740
ENSG00000202513,0
ENSG00000282915,0
ENSG00000276531,0
ENSG00000279029,0
ENSG00000199535,0
ENSG00000285750,0
ENSG00000228667,0
ENSG00000240294,0
ENSG00000236582,0
ENSG00000165996,626
ENSG00000260589,10
ENSG00000136738,2259
ENSG00000229190,0
ENSG00000148483,2
ENSG00000229869,0
ENSG00000205740,10
ENSG00000107937,4728
ENSG00000148377,0
ENSG00000270434,0
ENSG00000239152,0
ENSG00000263482,0
ENSG00000279058,14
ENSG00000279458,0
ENSG00000264230,0
ENSG00000285402,0
ENSG00000285294,0
ENSG00000213412,4
ENSG00000204174,0
ENSG00000165730,834
ENSG00000200218,0
ENSG00000107625,2891
ENSG00000279406,4
ENSG00000223817,0
ENSG00000214688,0
ENSG00000107738,0
ENSG00000274824,0
ENSG00000107736,2
ENSG00000238446,0
ENSG00000230526,0
ENSG00000229569,4
ENSG00000108179,2392
ENSG00000165424,692
ENSG00000235426,0
ENSG00000259021,0
ENSG00000241317,0
ENSG00000235705,0
ENSG00000271985,0
ENSG00000232965,0
ENSG00000185303,2
ENSG00000219430,0
ENSG00000225827,0
ENSG00000122852,0
ENSG00000226676,0
ENSG00000244733,58
ENSG00000225484,587
ENSG00000272489,0
ENSG00000280355,106
ENSG00000278616,40
ENSG00000224886,0
ENSG00000287475,0
ENSG00000286359,0
ENSG00000062650,4038
ENSG00000212332,0
ENSG00000227896,12
ENSG00000235199,0
ENSG00000225354,0
ENSG00000138109,0
ENSG00000233377,0
ENSG00000228460,0
ENSG00000260863,0
ENSG00000237885,0
ENSG00000138115,4
ENSG00000231829,0
ENSG00000288526,0
ENSG00000274691,0
ENSG00000225533,0
ENSG00000234026,0
ENSG00000214362,0
ENSG00000059573,7573
ENSG00000138185,729
ENSG00000240527,0
ENSG00000138131,181
ENSG00000230928,0
ENSG00000284415,0
ENSG00000264610,0
ENSG00000225768,0
ENSG00000237761,0
ENSG00000156395,8
ENSG00000226387,0
ENSG00000197771,5546
ENSG00000265370,0
ENSG00000180230,0
ENSG00000233292,22
ENSG00000138135,0
ENSG00000107798,3564
ENSG00000119977,3785
ENSG00000119917,218
ENSG00000197444,96
ENSG00000226389,0
ENSG00000229870,5
ENSG00000198964,523
ENSG00000225303,0
ENSG00000238523,0
ENSG00000231588,0
ENSG00000223761,0
ENSG00000225913,0
ENSG00000196566,0
ENSG00000234192,0
ENSG00000198682,477
ENSG00000138138,7508
ENSG00000243782,0
ENSG00000227268,126
ENSG00000213613,0
ENSG00000200891,0
ENSG00000150347,2365
ENSG00000229659,0
ENSG00000166343,11
ENSG00000107758,5327
ENSG00000075826,43
ENSG00000255339,0
ENSG00000166136,84
ENSG00000166135,2614
ENSG00000274660,0
ENSG00000222072,0
ENSG00000272572,35
ENSG00000119906,4656
ENSG00000273476,0
ENSG00000207551,0
ENSG00000236662,0
ENSG00000107815,1942
ENSG00000186862,2
ENSG00000273162,14
ENSG00000107821,5
ENSG00000232110,2
ENSG00000119922,110
ENSG00000275036,0
ENSG00000282996,0
ENSG00000237746,0
ENSG00000222666,0
ENSG00000237128,2
ENSG00000224439,0
ENSG00000222705,0
ENSG00000254635,513
ENSG00000252401,0
ENSG00000231911,0
ENSG00000207483,0
ENSG00000095739,210
ENSG00000236716,0
ENSG00000201001,0
ENSG00000271220,0
ENSG00000256925,18
ENSG00000235264,0
ENSG00000171794,0
ENSG00000151650,6
ENSG00000166917,0
ENSG00000284219,0
ENSG00000273980,4
ENSG00000151651,0
ENSG00000198546,220
ENSG00000283496,0
ENSG00000130643,0
ENSG00000230306,0
ENSG00000226699,0
ENSG00000165828,0
ENSG00000148803,20
ENSG00000127884,5249
ENSG00000265395,0
ENSG00000274685,0
ENSG00000148832,0
ENSG00000225830,552
ENSG00000271237,0
ENSG00000070748,0
ENSG00000187714,8
ENSG00000178645,0
ENSG00000198105,1412
ENSG00000266412,12394
ENSG00000165606,0
ENSG00000165983,0
ENSG00000253626,42
ENSG00000188816,46
ENSG00000227345,1686
ENSG00000177283,1770
ENSG00000151923,5505
ENSG00000165449,2063
ENSG00000065809,4708
ENSG00000156384,658
ENSG00000286489,0
ENSG00000224817,0
ENSG00000198408,9227
ENSG00000120049,192
ENSG00000171798,120
ENSG00000107831,0
ENSG00000285587,0
ENSG00000151892,2578
ENSG00000200176,0
ENSG00000173269,0
ENSG00000281974,0
ENSG00000173267,12
ENSG00000272734,0
ENSG00000148671,0
ENSG00000273413,0
ENSG00000271880,0
ENSG00000240089,0
ENSG00000151303,0
ENSG00000272508,0
ENSG00000261011,0
ENSG00000229969,0
ENSG00000188100,0
ENSG00000271573,0
ENSG00000200253,0
ENSG00000122376,3552
ENSG00000237280,0
ENSG00000273946,0
ENSG00000099246,8074
ENSG00000197177,356
ENSG00000119927,2505
ENSG00000119913,0
ENSG00000283688,0
ENSG00000276857,0
ENSG00000243316,0
ENSG00000232934,14
ENSG00000234017,0
ENSG00000148516,19547
ENSG00000225355,2
ENSG00000206796,0
ENSG00000234918,0
ENSG00000244402,0
ENSG00000252621,0
ENSG00000237970,0
ENSG00000236313,0
ENSG00000130640,1780
ENSG00000023041,2187
ENSG00000224725,0
ENSG00000148730,22555
ENSG00000156574,0
ENSG00000280401,10
ENSG00000230661,0
ENSG00000237224,0
ENSG00000108001,36
ENSG00000237489,48
ENSG00000277218,0
ENSG00000233122,20
ENSG00000233319,0
ENSG00000108010,4404
ENSG00000286514,0
ENSG00000233256,0
ENSG00000202508,0
ENSG00000227175,0
ENSG00000227474,0
ENSG00000273474,0
ENSG00000225112,0
ENSG00000199407,0
ENSG00000197142,0
ENSG00000198997,0
ENSG00000232936,0
ENSG00000225836,0
ENSG00000240996,13
ENSG00000263795,0
ENSG00000234944,0
ENSG00000229630,0
ENSG00000165731,30
ENSG00000273008,36
ENSG00000169826,1856
ENSG00000198915,0
ENSG00000224265,0
ENSG00000285712,0
ENSG00000221468,0
ENSG00000230469,0
ENSG00000148672,9002
ENSG00000223581,0
ENSG00000270811,0
ENSG00000235141,0
ENSG00000278982,1
ENSG00000207453,0
ENSG00000222979,0
ENSG00000223432,0
ENSG00000260370,0
ENSG00000263511,0
ENSG00000180525,0
ENSG00000183230,56
ENSG00000273360,0
ENSG00000277056,0
ENSG00000225299,3
ENSG00000226448,0
ENSG00000276866,0
ENSG00000213606,0
ENSG00000225922,0
ENSG00000108176,562
ENSG00000212520,0
ENSG00000239942,0
ENSG00000237141,0
ENSG00000272892,8
ENSG00000252113,0
ENSG00000219932,0
ENSG00000096717,3937
ENSG00000226318,0
ENSG00000266467,0
ENSG00000236375,0
ENSG00000148719,1118
ENSG00000108018,460
ENSG00000107872,63
ENSG00000178217,2
ENSG00000274209,0
ENSG00000277758,0
ENSG00000172650,0
ENSG00000138136,0
ENSG00000189090,0
ENSG00000286135,0
ENSG00000285737,0
ENSG00000148848,2019
ENSG00000204021,0
ENSG00000155256,790
ENSG00000150054,30
ENSG00000095637,1022
ENSG00000198879,597
ENSG00000188611,44
ENSG00000150201,0
ENSG00000169813,12692
ENSG00000221400,0
ENSG00000230555,0
ENSG00000252532,0
ENSG00000236114,0
ENSG00000196793,532
ENSG00000287852,0
ENSG00000232004,0
ENSG00000198298,144
ENSG00000223910,0
ENSG00000237389,0
ENSG00000238263,0
ENSG00000169740,1207
ENSG00000226245,10
ENSG00000230565,21
ENSG00000228426,0
ENSG00000243660,162
ENSG00000107443,3412
ENSG00000266407,0
ENSG00000200728,0
ENSG00000287009,18
ENSG00000229417,0
ENSG00000180644,0
ENSG00000138316,112
ENSG00000231366,0
ENSG00000166228,996
ENSG00000166220,0
ENSG00000236311,0
ENSG00000107807,0
ENSG00000138172,10
ENSG00000273485,0
ENSG00000234699,0
ENSG00000185933,0
ENSG00000183128,0
ENSG00000235470,0
ENSG00000226431,0
ENSG00000287419,0
ENSG00000273108,8
ENSG00000222503,0
ENSG00000280693,0
ENSG00000266754,0
ENSG00000227905,0
ENSG00000289051,0
ENSG00000215097,0
ENSG00000238405,0
ENSG00000204179,0
ENSG00000150175,0
ENSG00000107779,7402
ENSG00000122375,0
ENSG00000176171,2612
ENSG00000277959,0
ENSG00000273521,0
ENSG00000279982,0
ENSG00000107562,2
ENSG00000273327,0
ENSG00000273336,0
ENSG00000130649,0
ENSG00000278518,0
ENSG00000286789,0
ENSG00000171772,0
ENSG00000233685,0
ENSG00000203772,23
ENSG00000289258,0
ENSG00000222371,0
ENSG00000179774,10
ENSG00000233590,0
ENSG00000234102,0
ENSG00000108187,381
ENSG00000096746,11448
ENSG00000275675,0
ENSG00000226086,10
ENSG00000235964,0
ENSG00000272983,52
ENSG00000225965,0
ENSG00000234941,0
ENSG00000075407,972
ENSG00000075073,80
ENSG00000108175,7451
ENSG00000197746,61953
ENSG00000172661,1297
ENSG00000183049,1764
ENSG00000107745,2277
ENSG00000138207,0
ENSG00000107863,3737
ENSG00000171988,2249
ENSG00000012779,0
ENSG00000065675,52
ENSG00000136758,16055
ENSG00000107742,74
ENSG00000233518,0
ENSG00000223302,0
ENSG00000108055,4549
ENSG00000138347,0
ENSG00000122367,24
ENSG00000235010,0
ENSG00000151640,3660
ENSG00000188385,4
ENSG00000188234,34
ENSG00000107862,2578
ENSG00000151632,152
ENSG00000095564,3796
ENSG00000107954,16
ENSG00000148429,4848
ENSG00000197321,331
ENSG00000156026,1402
ENSG00000228570,40
ENSG00000138193,1321
ENSG00000198739,637
ENSG00000289325,0
ENSG00000165632,466
ENSG00000233990,0
ENSG00000197308,0
ENSG00000232638,0
ENSG00000252036,0
ENSG00000199364,0
ENSG00000232470,0
ENSG00000150593,5181
ENSG00000284482,0
ENSG00000214413,907
ENSG00000278601,2
ENSG00000270589,17
ENSG00000108061,5182
ENSG00000234118,14
ENSG00000221214,0
ENSG00000150594,0
ENSG00000213247,0
ENSG00000122877,38
ENSG00000289487,0
ENSG00000148835,656
ENSG00000166348,709
ENSG00000270025,0
ENSG00000170324,0
ENSG00000285786,0
ENSG00000225482,0
ENSG00000107643,3194
ENSG00000279822,4
ENSG00000128805,86
ENSG00000248682,0
ENSG00000231906,0
ENSG00000251413,0
ENSG00000236800,0
ENSG00000228754,0
ENSG00000165732,11434
ENSG00000152782,1506
ENSG00000283000,0
ENSG00000266228,0
ENSG00000230534,10
ENSG00000253054,0
ENSG00000233343,0
ENSG00000152766,0
ENSG00000234256,0
ENSG00000138134,78
ENSG00000180139,0
ENSG00000107796,1583
ENSG00000286116,0
ENSG00000275693,0
ENSG00000265375,0
ENSG00000283664,0
ENSG00000228997,0
ENSG00000225383,26
ENSG00000229240,0
ENSG00000231496,0
ENSG00000228027,0
ENSG00000229206,0
ENSG00000237986,0
ENSG00000230322,0
ENSG00000181800,0
ENSG00000280086,0
ENSG00000166321,123
ENSG00000272599,7
ENSG00000221164,6
ENSG00000122882,1828
ENSG00000138286,1070
ENSG00000213551,954
ENSG00000199201,0
ENSG00000227382,0
ENSG00000288559,196
ENSG00000236756,61
ENSG00000182180,2818
ENSG00000227540,9
ENSG00000200356,0
ENSG00000207473,0
ENSG00000138279,2309
ENSG00000233144,0
ENSG00000048740,7534
ENSG00000156042,72
ENSG00000107669,3301
ENSG00000200789,0
ENSG00000212769,0
ENSG00000271933,0
ENSG00000165678,7484
ENSG00000285972,0
ENSG00000188373,0
ENSG00000148600,686
ENSG00000204033,0
ENSG00000148604,460
ENSG00000148602,0
ENSG00000229404,0
ENSG00000233189,0
ENSG00000225423,0
ENSG00000225928,0
ENSG00000026025,73078
ENSG00000187783,2
ENSG00000172731,1516
ENSG00000232497,0
ENSG00000236777,0
ENSG00000223601,0
ENSG00000260205,0
ENSG00000227462,0
ENSG00000286832,0
ENSG00000279631,6
ENSG00000261671,0
ENSG00000233318,0
ENSG00000148444,268
ENSG00000269897,0
ENSG00000168283,2661
ENSG00000272516,0
ENSG00000271981,0
ENSG00000272366,0
ENSG00000043591,0
ENSG00000285540,0
ENSG00000253066,0
ENSG00000226582,0
ENSG00000165813,900
ENSG00000273904,0
ENSG00000284442,0
ENSG00000165816,0
ENSG00000230165,0
ENSG00000275024,0
ENSG00000289143,0
ENSG00000289444,0
ENSG00000252149,0
ENSG00000269952,6
ENSG00000233200,0
ENSG00000253070,0
ENSG00000200097,0
ENSG00000271335,39
ENSG00000204176,0
ENSG00000231187,0
ENSG00000229227,0
ENSG00000272430,1
ENSG00000229927,4
ENSG00000274186,0
ENSG00000204175,0
ENSG00000107679,2102
ENSG00000107957,338
ENSG00000128815,2
ENSG00000055950,1012
ENSG00000288893,26
ENSG00000215244,32
ENSG00000232591,0
ENSG00000280809,0
ENSG00000280560,0
ENSG00000226659,0
ENSG00000289087,0
ENSG00000289633,0
ENSG00000289441,0
ENSG00000288938,0
ENSG00000226864,55
ENSG00000288755,0
ENSG00000227244,0
ENSG00000289350,0
ENSG00000289299,0
ENSG00000224812,10
ENSG00000289427,0
ENSG00000289158,0
ENSG00000288915,0
ENSG00000225850,2
ENSG00000203497,142
ENSG00000270111,0
ENSG00000289636,0
ENSG00000205696,0
ENSG00000238276,2
ENSG00000289363,0
ENSG00000289270,0
ENSG00000288918,5
ENSG00000289092,50
ENSG00000289528,0
ENSG00000288757,0
ENSG00000289328,0
ENSG00000231601,0
ENSG00000107929,3072
ENSG00000226842,0
ENSG00000233825,0
ENSG00000229327,0
ENSG00000200484,0
ENSG00000231245,4
ENSG00000165806,758
ENSG00000234393,0
ENSG00000283656,0
ENSG00000212589,0
ENSG00000198924,1174
ENSG00000287857,0
ENSG00000148735,0
ENSG00000095627,0
ENSG00000288844,0
ENSG00000107816,748
ENSG00000165568,0
ENSG00000151631,0
ENSG00000238840,0
ENSG00000187134,817
ENSG00000134461,166
ENSG00000134452,1154
ENSG00000232807,0
ENSG00000134470,0
ENSG00000251922,0
ENSG00000229664,0
ENSG00000067064,17624
ENSG00000260917,348
ENSG00000279315,0
ENSG00000225292,0
ENSG00000233547,0
ENSG00000227560,0
ENSG00000238380,0
ENSG00000151033,0
ENSG00000230720,0
ENSG00000272914,0
ENSG00000237135,0
ENSG00000177853,769
ENSG00000095585,4
ENSG00000165312,144
ENSG00000286442,0
ENSG00000120549,250
ENSG00000223928,0
ENSG00000277563,0
ENSG00000207930,0
ENSG00000286951,0
ENSG00000289188,0
ENSG00000226407,0
ENSG00000223470,0
ENSG00000288987,0
ENSG00000148498,3036
ENSG00000199200,0
ENSG00000234167,0
ENSG00000229235,0
ENSG00000215184,0
ENSG00000226386,1
ENSG00000232525,0
ENSG00000223047,0
ENSG00000222909,0
ENSG00000213724,0
ENSG00000148513,0
ENSG00000285662,0
ENSG00000243289,4
ENSG00000119946,8
ENSG00000120053,1425
ENSG00000228778,0
ENSG00000169129,4
ENSG00000242912,0
ENSG00000279796,0
ENSG00000229668,0
ENSG00000225251,0
ENSG00000123240,680
ENSG00000235763,0
ENSG00000234175,4
ENSG00000228330,0
ENSG00000203414,0
ENSG00000237540,0
ENSG00000065328,1930
ENSG00000272055,0
ENSG00000165623,0
ENSG00000107537,1145
ENSG00000226209,0
ENSG00000289266,0
ENSG00000183621,192
ENSG00000236495,0
ENSG00000201766,0
ENSG00000152455,3088
ENSG00000197889,34
ENSG00000235623,0
ENSG00000228547,0
ENSG00000182531,0
ENSG00000237470,0
ENSG00000026103,517
ENSG00000134460,0
ENSG00000214015,0
ENSG00000134453,3161
ENSG00000170525,2184
ENSG00000201581,0
ENSG00000263628,0
ENSG00000283634,0
ENSG00000213994,0
ENSG00000238366,0
ENSG00000226705,0
ENSG00000107719,567
ENSG00000095539,241
ENSG00000252994,0
ENSG00000148795,0
ENSG00000213061,0
ENSG00000236937,0
ENSG00000282772,0
ENSG00000166275,1713
ENSG00000270316,0
ENSG00000283337,0
ENSG00000214435,0
ENSG00000235266,0
ENSG00000286575,0
ENSG00000076685,3521
ENSG00000107731,514
ENSG00000237512,0
ENSG00000198246,158
ENSG00000289362,0
ENSG00000077150,266
ENSG00000166224,6636
ENSG00000289738,0
ENSG00000259267,10
ENSG00000285300,0
ENSG00000289739,0
ENSG00000065613,2208
ENSG00000065618,0
ENSG00000283788,0
ENSG00000289744,0
ENSG00000107960,121
ENSG00000289745,14
ENSG00000107438,824
ENSG00000173124,0
ENSG00000286993,0
ENSG00000228403,0
ENSG00000241577,0
ENSG00000233665,0
ENSG00000226576,0
ENSG00000264800,0
ENSG00000165633,293
ENSG00000234736,0
ENSG00000172538,0
ENSG00000165383,0
ENSG00000108242,0
ENSG00000230338,0
ENSG00000224920,0
ENSG00000225276,0
ENSG00000187021,0
ENSG00000165863,0
ENSG00000232767,0
ENSG00000228195,0
ENSG00000199664,0
ENSG00000213513,0
ENSG00000228748,0
ENSG00000151208,2066
ENSG00000204049,0
ENSG00000243446,0
ENSG00000233871,41
ENSG00000148606,2614
ENSG00000234612,0
ENSG00000274686,0
ENSG00000138326,67025
ENSG00000231957,0
ENSG00000283096,0
ENSG00000244332,0
ENSG00000234091,0
ENSG00000119969,2952
ENSG00000188199,24
ENSG00000108021,3230
ENSG00000119943,357
ENSG00000107521,247
ENSG00000289758,0
ENSG00000289597,0
ENSG00000067057,575
ENSG00000165630,1341
ENSG00000200935,0
ENSG00000175535,0
ENSG00000232091,0
ENSG00000266200,0
ENSG00000108219,5012
ENSG00000107819,544
ENSG00000214279,4
ENSG00000204022,0
ENSG00000264717,0
ENSG00000155252,1741
ENSG00000107833,862
ENSG00000264006,0
ENSG00000289386,0
ENSG00000235823,862
ENSG00000257582,0
ENSG00000119919,0
ENSG00000229278,0
ENSG00000285932,0
ENSG00000198018,1778
ENSG00000233690,0
ENSG00000119929,549
ENSG00000014919,2041
ENSG00000227351,0
ENSG00000108091,6157
ENSG00000235931,0
ENSG00000232682,0
ENSG00000202190,0
ENSG00000282121,0
ENSG00000122872,0
ENSG00000254271,0
ENSG00000170312,8343
ENSG00000223107,0
ENSG00000288823,20
ENSG00000155287,156
ENSG00000148826,10
ENSG00000171811,164
ENSG00000232903,0
ENSG00000224758,0
ENSG00000240707,0
ENSG00000237949,136
ENSG00000289506,0
ENSG00000289834,0
ENSG00000231298,14
ENSG00000289228,0
ENSG00000226005,0
ENSG00000289239,0
ENSG00000289412,13
ENSG00000287261,6
ENSG00000287023,14
ENSG00000204682,245
ENSG00000225936,0
ENSG00000289882,0
ENSG00000260475,8
ENSG00000273248,0
ENSG00000255624,22
ENSG00000289400,0
ENSG00000289126,6
ENSG00000235100,6
ENSG00000228065,2
ENSG00000289592,0
ENSG00000286409,0
ENSG00000289301,0
ENSG00000289920,0
ENSG00000289616,0
ENSG00000180066,0
ENSG00000189275,0
ENSG00000289934,0
ENSG00000224934,6
ENSG00000226051,0
ENSG00000287564,0
ENSG00000288922,0
ENSG00000227165,12
ENSG00000224596,2
ENSG00000234420,1044
ENSG00000233321,8
ENSG00000185904,1070
ENSG00000223482,1844
ENSG00000233117,14
ENSG00000226688,68
ENSG00000285884,0
ENSG00000289952,0
ENSG00000289954,0
ENSG00000270087,0
ENSG00000232229,0
ENSG00000289972,0
ENSG00000231131,0
ENSG00000288933,1
ENSG00000226009,0
ENSG00000289039,0
ENSG00000236208,0
ENSG00000225140,0
ENSG00000288874,0
ENSG00000289989,4
ENSG00000289607,0
ENSG00000289994,0
ENSG00000204832,0
ENSG00000287124,0
ENSG00000233387,0
ENSG00000237036,627
ENSG00000289527,0
ENSG00000229124,51
ENSG00000290014,0
ENSG00000289395,0
ENSG00000269609,50
ENSG00000237797,38
ENSG00000233968,0
ENSG00000231233,0
ENSG00000288875,0
ENSG00000237943,87
ENSG00000286881,0
ENSG00000199402,0
ENSG00000229605,4
ENSG00000151474,1156
ENSG00000215227,0
ENSG00000229751,0
ENSG00000235410,0
ENSG00000285671,0
ENSG00000266321,0
ENSG00000278100,0
ENSG00000221371,0
ENSG00000232115,0
ENSG00000151151,1403
ENSG00000180221,0
ENSG00000122873,1303
ENSG00000228527,2
ENSG00000261076,0
ENSG00000107485,0
ENSG00000225053,0
ENSG00000289897,0
ENSG00000234931,0
ENSG00000156515,11518
ENSG00000236154,0
ENSG00000216937,32
ENSG00000232624,10
ENSG00000235824,0
ENSG00000015171,4889
ENSG00000285676,25
ENSG00000148737,2224
ENSG00000232656,8
ENSG00000047056,1245
ENSG00000271385,0
ENSG00000223876,0
ENSG00000213449,0
ENSG00000228759,0
ENSG00000228701,18
ENSG00000107854,10446
ENSG00000180581,132
ENSG00000226083,5
ENSG00000165995,1080
ENSG00000235020,0
ENSG00000240291,0
ENSG00000225527,0
ENSG00000241058,214
ENSG00000165997,9696
ENSG00000234244,0
ENSG00000225509,0
ENSG00000150275,0
ENSG00000236958,0
ENSG00000198825,2190
ENSG00000242818,0
ENSG00000270300,18
ENSG00000282413,0
ENSG00000289966,10
ENSG00000223455,0
ENSG00000107651,3690
ENSG00000099251,0
ENSG00000290439,0
ENSG00000182632,0
ENSG00000290445,2
ENSG00000251079,0
ENSG00000290453,0
ENSG00000274167,0
ENSG00000290458,0
ENSG00000237840,2
ENSG00000290460,4
ENSG00000232554,0
ENSG00000290529,0
ENSG00000276805,0
ENSG00000290535,0
ENSG00000283709,0
ENSG00000242338,0
ENSG00000231122,0
ENSG00000290779,0
ENSG00000273225,0
ENSG00000290780,0
ENSG00000223820,0
ENSG00000235687,0
ENSG00000290801,0
ENSG00000238021,0
ENSG00000290843,0
ENSG00000280913,0
ENSG00000290874,0
ENSG00000265366,0
ENSG00000290875,26
ENSG00000224761,0
ENSG00000290887,0
ENSG00000265018,0
ENSG00000290898,0
ENSG00000278561,0
ENSG00000290899,0
ENSG00000165874,4
ENSG00000290913,0
ENSG00000239883,12
ENSG00000290921,10
ENSG00000234814,0
ENSG00000235618,0
ENSG00000250959,0
ENSG00000215267,0
ENSG00000291045,0
ENSG00000120555,0
ENSG00000291056,0
ENSG00000215146,0
ENSG00000291065,726
ENSG00000204177,0
ENSG00000291069,10
ENSG00000224597,0
ENSG00000291093,715
ENSG00000151150,898
ENSG00000290956,6
ENSG00000178440,0
ENSG00000204149,20
ENSG00000264763,0
ENSG00000233340,0
ENSG00000151532,916
ENSG00000289193,0
ENSG00000095794,871
ENSG00000287945,0
ENSG00000197467,0
ENSG00000225948,0
ENSG00000285743,0
ENSG00000223784,0
ENSG00000289892,0
ENSG00000285988,0
ENSG00000281186,0
ENSG00000238266,4
ENSG00000285845,0
ENSG00000287277,0
ENSG00000291288,0
ENSG00000289280,0
ENSG00000249456,3
ENSG00000019995,1057
ENSG00000226899,0
ENSG00000175029,4014
ENSG00000273599,16
ENSG00000264572,0
ENSG00000282787,0
ENSG00000214298,0
ENSG00000289874,0
ENSG00000289898,0
ENSG00000291294,0
ENSG00000290952,0
ENSG00000066468,47
ENSG00000122859,0
ENSG00000095787,6331
ENSG00000189129,12
ENSG00000119938,154
ENSG00000272853,22
ENSG00000152457,461
ENSG00000119912,5354
ENSG00000152778,1763
ENSG00000150093,36199
ENSG00000229656,6
ENSG00000265319,0
ENSG00000289512,0
ENSG00000234043,6
ENSG00000286981,0
ENSG00000180628,3333
ENSG00000287609,0
ENSG00000235180,2
ENSG00000154493,4
ENSG00000287326,0
ENSG00000199321,0
ENSG00000290782,2
ENSG00000171862,8778
ENSG00000252888,0
ENSG00000138315,0
ENSG00000215086,28
ENSG00000138308,0
ENSG00000213700,9
ENSG00000122884,4355
ENSG00000232646,0
ENSG00000237768,0
ENSG00000201047,0
ENSG00000272630,6
ENSG00000075891,4
ENSG00000283053,0
ENSG00000148680,10
ENSG00000289580,0
ENSG00000226200,94
ENSG00000231345,0
ENSG00000232706,0
ENSG00000226168,0
ENSG00000230011,0
ENSG00000213667,0
ENSG00000287221,0
ENSG00000204147,520
ENSG00000148584,8
ENSG00000229711,0
ENSG00000236944,0
ENSG00000261368,0
ENSG00000223502,0
ENSG00000199733,0
ENSG00000290434,0
ENSG00000236894,0
ENSG00000290444,0
ENSG00000233261,0
ENSG00000234296,0
ENSG00000290423,0
ENSG00000231976,0
ENSG00000227932,0
ENSG00000279212,5
ENSG00000148459,601
ENSG00000234788,0
ENSG00000235843,0
ENSG00000136754,4710
ENSG00000290706,13
ENSG00000099204,4400
ENSG00000228169,0
ENSG00000228484,0
ENSG00000215760,0
ENSG00000151553,1660
ENSG00000226428,0
ENSG00000165832,5043
ENSG00000252611,0
ENSG00000236799,0
ENSG00000234149,0
ENSG00000227186,0
ENSG00000188716,0
ENSG00000285810,0
ENSG00000237882,0
ENSG00000079393,2
ENSG00000156671,3910
ENSG00000232437,0
ENSG00000165637,9686
ENSG00000165644,14
ENSG00000221817,50
ENSG00000290737,0
ENSG00000291043,37
ENSG00000279088,52
ENSG00000148660,714
ENSG00000108094,3024
ENSG00000086475,5938
ENSG00000289585,16
ENSG00000165626,264
ENSG00000269256,0
ENSG00000156113,230
ENSG00000249054,0
ENSG00000255996,0
ENSG00000256263,0
ENSG00000047621,1459
ENSG00000285142,0
ENSG00000256654,0
ENSG00000283138,0
ENSG00000256969,0
ENSG00000285523,0
ENSG00000249790,4
ENSG00000059804,2506
ENSG00000130037,0
ENSG00000284591,0
ENSG00000255885,0
ENSG00000177586,0
ENSG00000255977,0
ENSG00000255958,0
ENSG00000238152,0
ENSG00000256661,0
ENSG00000214826,16
ENSG00000197614,15
ENSG00000166523,0
ENSG00000235930,0
ENSG00000256673,0
ENSG00000235868,0
ENSG00000256803,0
ENSG00000166532,2511
ENSG00000139083,790
ENSG00000284522,0
ENSG00000256288,0
ENSG00000150048,2
ENSG00000256904,0
ENSG00000197992,0
ENSG00000070018,6264
ENSG00000284327,0
ENSG00000243830,6
ENSG00000184344,0
ENSG00000139112,1683
ENSG00000227760,0
ENSG00000198134,2
ENSG00000255819,0
ENSG00000255356,0
ENSG00000255829,0
ENSG00000134539,8
ENSG00000111196,1016
ENSG00000270863,0
ENSG00000214487,0
ENSG00000278635,0
ENSG00000256657,0
ENSG00000256238,16
ENSG00000256751,0
ENSG00000256331,0
ENSG00000173391,0
ENSG00000287713,42
ENSG00000166527,0
ENSG00000242991,0
ENSG00000060138,5426
ENSG00000242661,0
ENSG00000256211,2
ENSG00000151490,1518
ENSG00000111701,0
ENSG00000172243,0
ENSG00000247157,2
ENSG00000275119,0
ENSG00000111261,324
ENSG00000256084,0
ENSG00000286303,0
ENSG00000255790,0
ENSG00000255641,0
ENSG00000118976,0
ENSG00000255734,0
ENSG00000255973,0
ENSG00000226091,2
ENSG00000274551,0
ENSG00000244131,0
ENSG00000256626,0
ENSG00000121335,2
ENSG00000256155,0
ENSG00000166535,6
ENSG00000242405,0
ENSG00000256627,0
ENSG00000256450,0
ENSG00000060140,0
ENSG00000060982,16711
ENSG00000213809,0
ENSG00000257016,0
ENSG00000237303,0
ENSG00000256157,0
ENSG00000211455,11987
ENSG00000188991,0
ENSG00000256004,0
ENSG00000111713,0
ENSG00000256256,0
ENSG00000165714,488
ENSG00000230657,0
ENSG00000270857,0
ENSG00000008394,2388
ENSG00000241451,0
ENSG00000256564,2
ENSG00000205846,0
ENSG00000285854,0
ENSG00000187569,0
ENSG00000255749,0
ENSG00000213235,0
ENSG00000241828,0
ENSG00000257062,0
ENSG00000256237,0
ENSG00000256973,2
ENSG00000246115,0
ENSG00000226210,60
ENSG00000278654,0
ENSG00000257262,0
ENSG00000243141,0
ENSG00000256756,0
ENSG00000186136,0
ENSG00000256371,0
ENSG00000257237,0
ENSG00000285724,0
ENSG00000256923,0
ENSG00000255910,0
ENSG00000258144,0
ENSG00000256987,0
ENSG00000110975,16
ENSG00000270807,0
ENSG00000151491,2669
ENSG00000286566,0
ENSG00000256896,0
ENSG00000255983,0
ENSG00000139174,267
ENSG00000111224,1793
ENSG00000275764,476
ENSG00000130038,3
ENSG00000256356,6
ENSG00000255763,0
ENSG00000256482,0
ENSG00000254381,0
ENSG00000234428,0
ENSG00000245648,4
ENSG00000277705,0
ENSG00000256538,11
ENSG00000023697,1658
ENSG00000274624,0
ENSG00000256499,0
ENSG00000121380,14
ENSG00000283240,0
ENSG00000179715,74
ENSG00000139044,286
ENSG00000257756,0
ENSG00000139209,0
ENSG00000288532,0
ENSG00000256134,0
ENSG00000139160,70
ENSG00000257730,0
ENSG00000151743,277
ENSG00000255565,0
ENSG00000256615,0
ENSG00000257042,0
ENSG00000271418,0
ENSG00000275286,0
ENSG00000276431,0
ENSG00000270718,0
ENSG00000258202,0
ENSG00000205857,0
ENSG00000256686,0
ENSG00000023734,17901
ENSG00000256995,0
ENSG00000258352,0
ENSG00000111405,2
ENSG00000256640,0
ENSG00000255991,0
ENSG00000188375,18
ENSG00000255836,0
ENSG00000064102,2245
ENSG00000167778,583
ENSG00000257700,0
ENSG00000255871,0
ENSG00000257510,0
ENSG00000257319,0
ENSG00000242444,0
ENSG00000257292,0
ENSG00000285732,0
ENSG00000255858,0
ENSG00000256321,0
ENSG00000131982,0
ENSG00000135447,0
ENSG00000287455,0
ENSG00000274723,0
ENSG00000286671,0
ENSG00000276058,0
ENSG00000139173,568
ENSG00000257987,0
ENSG00000257616,0
ENSG00000256185,0
ENSG00000151229,5178
ENSG00000179919,0
ENSG00000274591,0
ENSG00000180116,0
ENSG00000111704,0
ENSG00000111371,15714
ENSG00000245482,0
ENSG00000255725,6
ENSG00000175548,2040
ENSG00000256986,0
ENSG00000280054,0
ENSG00000178449,288
ENSG00000257114,0
ENSG00000284682,0
ENSG00000256226,0
ENSG00000129315,5992
ENSG00000256774,0
ENSG00000134294,16096
ENSG00000257173,0
ENSG00000258763,0
ENSG00000273853,0
ENSG00000260492,0
ENSG00000257771,0
ENSG00000255628,0
ENSG00000135413,0
ENSG00000257588,30
ENSG00000258278,0
ENSG00000185652,0
ENSG00000278842,3
ENSG00000257927,0
ENSG00000133704,5444
ENSG00000257331,0
ENSG00000257645,0
ENSG00000167588,36
ENSG00000287386,0
ENSG00000258369,0
ENSG00000257228,0
ENSG00000272368,8
ENSG00000167566,1131
ENSG00000257906,0
ENSG00000115934,0
ENSG00000257947,0
ENSG00000256440,0
ENSG00000258794,0
ENSG00000182199,4490
ENSG00000135423,0
ENSG00000161634,0
ENSG00000270273,0
ENSG00000250788,0
ENSG00000256625,0
ENSG00000005175,2862
ENSG00000257402,0
ENSG00000259937,0
ENSG00000185069,0
ENSG00000258239,0
ENSG00000256663,14
ENSG00000258184,0
ENSG00000256389,0
ENSG00000213363,2
ENSG00000257780,0
ENSG00000257023,0
ENSG00000258368,0
ENSG00000257572,0
ENSG00000256994,0
ENSG00000257932,0
ENSG00000257298,0
ENSG00000213352,0
ENSG00000258360,0
ENSG00000257230,0
ENSG00000258331,0
ENSG00000258231,0
ENSG00000257880,0
ENSG00000139117,12
ENSG00000161798,0
ENSG00000287442,0
ENSG00000139610,0
ENSG00000257687,0
ENSG00000257343,0
ENSG00000139239,94
ENSG00000257576,24
ENSG00000152556,6578
ENSG00000286402,0
ENSG00000170545,22
ENSG00000256372,0
ENSG00000258036,0
ENSG00000258316,0
ENSG00000258119,0
ENSG00000257675,0
ENSG00000257664,0
ENSG00000174718,907
ENSG00000274979,0
ENSG00000257864,0
ENSG00000257779,0
ENSG00000233560,0
ENSG00000258074,0
ENSG00000257784,0
ENSG00000165966,76
ENSG00000273805,0
ENSG00000257634,0
ENSG00000257807,0
ENSG00000152944,3304
ENSG00000276390,21
ENSG00000257378,0
ENSG00000257865,0
ENSG00000139624,3104
ENSG00000173451,2983
ENSG00000213272,0
ENSG00000258096,6
ENSG00000118596,114
ENSG00000286563,18
ENSG00000257125,0
ENSG00000285528,0
ENSG00000257364,0
ENSG00000257265,0
ENSG00000256075,0
ENSG00000258245,0
ENSG00000076067,1396
ENSG00000234925,2
ENSG00000257531,0
ENSG00000256037,0
ENSG00000257159,0
ENSG00000257165,0
ENSG00000066117,5961
ENSG00000257808,0
ENSG00000188646,0
ENSG00000175215,7764
ENSG00000255745,0
ENSG00000166896,72
ENSG00000058272,2688
ENSG00000250517,0
ENSG00000139626,4
ENSG00000245651,2
ENSG00000139291,2334
ENSG00000256879,0
ENSG00000257858,0
ENSG00000256070,0
ENSG00000258077,5
ENSG00000279444,0
ENSG00000161638,382
ENSG00000111058,6
ENSG00000257557,14
ENSG00000161800,5449
ENSG00000257905,0
ENSG00000257475,0
ENSG00000213270,0
ENSG00000255970,2
ENSG00000257308,0
ENSG00000258320,0
ENSG00000258088,5
ENSG00000167779,14
ENSG00000286043,2
ENSG00000172867,0
ENSG00000258214,0
ENSG00000276727,0
ENSG00000177425,7009
ENSG00000258090,0
ENSG00000111110,246
ENSG00000258271,0
ENSG00000135472,36
ENSG00000270858,0
ENSG00000257668,0
ENSG00000139644,44067
ENSG00000257332,0
ENSG00000258071,0
ENSG00000258170,0
ENSG00000257998,0
ENSG00000110934,0
ENSG00000127325,55
ENSG00000139629,0
ENSG00000133639,3181
ENSG00000257677,0
ENSG00000286576,0
ENSG00000257235,0
ENSG00000257400,0
ENSG00000111605,6915
ENSG00000256393,109
ENSG00000258035,20
ENSG00000288102,0
ENSG00000257802,0
ENSG00000258365,2
ENSG00000285191,0
ENSG00000258292,0
ENSG00000257953,25
ENSG00000258016,2
ENSG00000258312,19
ENSG00000257454,0
ENSG00000257239,0
ENSG00000256917,0
ENSG00000286591,2
ENSG00000133640,110
ENSG00000257666,0
ENSG00000257183,0
ENSG00000153233,10
ENSG00000258846,10
ENSG00000203585,0
ENSG00000258338,0
ENSG00000172819,182
ENSG00000279505,0
ENSG00000258066,0
ENSG00000258303,0
ENSG00000090382,0
ENSG00000067798,494
ENSG00000257477,0
ENSG00000175782,787
ENSG00000271142,0
ENSG00000166211,0
ENSG00000257837,0
ENSG00000271496,0
ENSG00000257194,4
ENSG00000258048,0
ENSG00000258162,0
ENSG00000258336,0
ENSG00000257434,0
ENSG00000185958,0
ENSG00000283422,0
ENSG00000274021,19
ENSG00000257256,0
ENSG00000258357,2
ENSG00000274902,0
ENSG00000277130,2
ENSG00000258084,18
ENSG00000180318,2
ENSG00000257787,0
ENSG00000257729,0
ENSG00000197651,0
ENSG00000258064,0
ENSG00000167768,0
ENSG00000171310,4142
ENSG00000257431,0
ENSG00000258135,0
ENSG00000257818,12
ENSG00000257113,0
ENSG00000257202,0
ENSG00000256355,0
ENSG00000257741,0
ENSG00000066084,8454
ENSG00000242922,0
ENSG00000135655,2148
ENSG00000186666,402
ENSG00000258068,0
ENSG00000139287,4
ENSG00000257580,0
ENSG00000257283,29
ENSG00000288530,0
ENSG00000240087,36
ENSG00000133773,1173
ENSG00000257943,0
ENSG00000257219,0
ENSG00000257835,0
ENSG00000257790,4
ENSG00000257824,0
ENSG00000050438,3079
ENSG00000246985,136
ENSG00000111530,22458
ENSG00000271272,0
ENSG00000258057,37
ENSG00000136010,124
ENSG00000079337,2
ENSG00000275481,2
ENSG00000257746,0
ENSG00000111581,3976
ENSG00000167780,0
ENSG00000258375,0
ENSG00000139318,5942
ENSG00000258044,0
ENSG00000127720,232
ENSG00000241825,0
ENSG00000257124,0
ENSG00000111145,2264
ENSG00000151572,2029
ENSG00000286259,0
ENSG00000180263,1580
ENSG00000257764,0
ENSG00000258815,0
ENSG00000257515,0
ENSG00000196091,2
ENSG00000257747,0
ENSG00000236349,10
ENSG00000257438,0
ENSG00000256172,0
ENSG00000259125,0
ENSG00000257879,0
ENSG00000257119,0
ENSG00000059758,6426
ENSG00000258026,0
ENSG00000241917,0
ENSG00000255772,0
ENSG00000111647,3143
ENSG00000174600,2
ENSG00000288092,0
ENSG00000120860,790
ENSG00000278896,0
ENSG00000253719,9391
ENSG00000256614,0
ENSG00000111670,2013
ENSG00000257609,0
ENSG00000084110,0
ENSG00000257539,0
ENSG00000257528,0
ENSG00000257682,0
ENSG00000111275,1550
ENSG00000189182,0
ENSG00000139354,1403
ENSG00000258086,0
ENSG00000257467,2
ENSG00000064115,3552
ENSG00000271382,0
ENSG00000243071,8
ENSG00000270506,0
ENSG00000257875,0
ENSG00000242850,0
ENSG00000166226,20184
ENSG00000179104,10677
ENSG00000258018,0
ENSG00000136044,2484
ENSG00000257512,0
ENSG00000256915,0
ENSG00000258359,0
ENSG00000256325,0
ENSG00000057704,298
ENSG00000256077,0
ENSG00000237766,0
ENSG00000258102,20
ENSG00000257169,0
ENSG00000256678,0
ENSG00000257253,0
ENSG00000227423,0
ENSG00000151233,3662
ENSG00000012822,1969
ENSG00000257849,0
ENSG00000257979,0
ENSG00000279190,0
ENSG00000240631,0
ENSG00000080371,6880
ENSG00000257629,0
ENSG00000287957,0
ENSG00000257519,0
ENSG00000214198,108
ENSG00000257514,0
ENSG00000257128,0
ENSG00000257855,0
ENSG00000257517,0
ENSG00000258193,0
ENSG00000257360,0
ENSG00000257587,0
ENSG00000165972,5
ENSG00000286903,0
ENSG00000257325,0
ENSG00000182379,54
ENSG00000243164,0
ENSG00000111252,332
ENSG00000286069,0
ENSG00000139651,2282
ENSG00000256750,0
ENSG00000257611,0
ENSG00000257803,8
ENSG00000257761,0
ENSG00000196243,0
ENSG00000258358,0
ENSG00000012504,0
ENSG00000239201,0
ENSG00000286056,0
ENSG00000258033,6
ENSG00000257703,183
ENSG00000244266,0
ENSG00000258230,0
ENSG00000151135,6264
ENSG00000258183,19
ENSG00000257300,0
ENSG00000091039,10838
ENSG00000177889,11569
ENSG00000135426,0
ENSG00000158104,29
ENSG00000258205,0
ENSG00000258337,0
ENSG00000139133,407
ENSG00000049130,12965
ENSG00000139218,5091
ENSG00000257222,1
ENSG00000257750,0
ENSG00000280110,0
ENSG00000258272,0
ENSG00000257146,0
ENSG00000285030,0
ENSG00000256465,0
ENSG00000258240,0
ENSG00000136040,2843
ENSG00000274029,0
ENSG00000271379,0
ENSG00000257642,0
ENSG00000271579,0
ENSG00000258128,0
ENSG00000111046,0
ENSG00000120832,411
ENSG00000111142,9229
ENSG00000283459,0
ENSG00000277851,4
ENSG00000257465,0
ENSG00000170627,0
ENSG00000257541,0
ENSG00000061987,2206
ENSG00000257231,0
ENSG00000270482,2
ENSG00000257181,0
ENSG00000013503,1356
ENSG00000183283,7738
ENSG00000255814,0
ENSG00000241045,0
ENSG00000257373,0
ENSG00000274560,2
ENSG00000257470,0
ENSG00000175183,3184
ENSG00000258007,0
ENSG00000123360,4
ENSG00000174989,1075
ENSG00000257915,0
ENSG00000120833,2510
ENSG00000247903,2
ENSG00000136026,6867
ENSG00000242041,0
ENSG00000258216,4
ENSG00000102189,1043
ENSG00000258131,4
ENSG00000111785,1332
ENSG00000277840,0
ENSG00000271177,0
ENSG00000255686,0
ENSG00000257359,4
ENSG00000257543,10
ENSG00000257648,0
ENSG00000237176,0
ENSG00000008405,1150
ENSG00000165891,1962
ENSG00000188026,360
ENSG00000258294,0
ENSG00000258153,8
ENSG00000214039,0
ENSG00000139324,6165
ENSG00000279134,0
ENSG00000286434,0
ENSG00000258332,0
ENSG00000257912,0
ENSG00000257718,0
ENSG00000257568,0
ENSG00000075035,47
ENSG00000111727,886
ENSG00000239397,0
ENSG00000255618,12
ENSG00000257820,0
ENSG00000256870,0
ENSG00000186076,20
ENSG00000188596,23
ENSG00000274598,0
ENSG00000258177,0
ENSG00000276900,78
ENSG00000276308,0
ENSG00000171435,10
ENSG00000258308,0
ENSG00000139726,8134
ENSG00000258355,0
ENSG00000286678,0
ENSG00000258053,0
ENSG00000279798,19
ENSG00000258123,0
ENSG00000239413,0
ENSG00000135517,0
ENSG00000257405,0
ENSG00000287030,0
ENSG00000257476,0
ENSG00000274879,0
ENSG00000251138,3
ENSG00000258173,0
ENSG00000075188,1160
ENSG00000279411,0
ENSG00000256353,0
ENSG00000257545,0
ENSG00000256234,0
ENSG00000238168,0
ENSG00000089053,4102
ENSG00000257940,0
ENSG00000257603,0
ENSG00000258115,0
ENSG00000111144,5510
ENSG00000074527,48
ENSG00000256811,0
ENSG00000256151,0
ENSG00000257294,0
ENSG00000287237,0
ENSG00000258140,0
ENSG00000110801,115
ENSG00000211584,798
ENSG00000224709,0
ENSG00000286476,0
ENSG00000127314,7379
ENSG00000257407,0
ENSG00000278112,0
ENSG00000136014,102
ENSG00000088992,211
ENSG00000257920,18
ENSG00000122965,771
ENSG00000111726,2428
ENSG00000258313,0
ENSG00000198812,0
ENSG00000287136,0
ENSG00000257995,0
ENSG00000277715,0
ENSG00000110931,1630
ENSG00000175727,1984
ENSG00000139344,0
ENSG00000258435,0
ENSG00000171759,40
ENSG00000151131,3736
ENSG00000279128,0
ENSG00000276972,0
ENSG00000257210,0
ENSG00000278084,0
ENSG00000111707,3269
ENSG00000257910,10
ENSG00000256664,0
ENSG00000111049,0
ENSG00000241744,0
ENSG00000179941,2784
ENSG00000256494,0
ENSG00000280196,0
ENSG00000257548,0
ENSG00000235872,0
ENSG00000240991,0
ENSG00000169372,358
ENSG00000257997,0
ENSG00000287454,0
ENSG00000256843,0
ENSG00000287229,8
ENSG00000258179,0
ENSG00000183273,0
ENSG00000258285,0
ENSG00000173598,10490
ENSG00000287493,2
ENSG00000287014,0
ENSG00000166046,361
ENSG00000279993,0
ENSG00000256071,0
ENSG00000257410,0
ENSG00000258172,10
ENSG00000185610,158
ENSG00000136048,365
ENSG00000257289,0
ENSG00000286907,0
ENSG00000257164,0
ENSG00000139767,80
ENSG00000127324,0
ENSG00000123384,6098
ENSG00000234040,0
ENSG00000279171,0
ENSG00000158023,220
ENSG00000257586,0
ENSG00000251536,0
ENSG00000274859,0
ENSG00000257696,0
ENSG00000123338,0
ENSG00000256810,0
ENSG00000257444,0
ENSG00000256950,0
ENSG00000258288,0
ENSG00000255968,0
ENSG00000255750,8
ENSG00000248636,0
ENSG00000258225,0
ENSG00000241556,20
ENSG00000258274,0
ENSG00000182870,2
ENSG00000256149,0
ENSG00000277173,0
ENSG00000249873,0
ENSG00000257157,0
ENSG00000120800,2482
ENSG00000281333,0
ENSG00000139292,106
ENSG00000257715,0
ENSG00000256502,0
ENSG00000249196,0
ENSG00000257386,0
ENSG00000136021,8430
ENSG00000214043,0
ENSG00000244436,0
ENSG00000255595,0
ENSG00000111452,0
ENSG00000286008,0
ENSG00000257890,0
ENSG00000280150,0
ENSG00000258171,0
ENSG00000184209,326
ENSG00000257958,0
ENSG00000189238,0
ENSG00000275759,4
ENSG00000274427,0
ENSG00000261650,0
ENSG00000257220,0
ENSG00000255856,0
ENSG00000280024,0
ENSG00000256971,0
ENSG00000275212,0
ENSG00000280398,0
ENSG00000257847,0
ENSG00000284687,0
ENSG00000257199,2
ENSG00000256223,982
ENSG00000257918,4
ENSG00000256115,0
ENSG00000282964,0
ENSG00000241656,0
ENSG00000215208,0
ENSG00000257345,0
ENSG00000084112,1917
ENSG00000279704,0
ENSG00000277011,0
ENSG00000257991,0
ENSG00000089022,1686
ENSG00000120805,4268
ENSG00000255919,0
ENSG00000279630,0
ENSG00000257336,0
ENSG00000256699,0
ENSG00000284673,0
ENSG00000278011,0
ENSG00000111445,1325
ENSG00000256643,0
ENSG00000286248,1
ENSG00000256825,0
ENSG00000260030,0
ENSG00000287714,0
ENSG00000123104,1403
ENSG00000189046,852
ENSG00000240759,4
ENSG00000223722,0
ENSG00000135090,1036
ENSG00000258220,0
ENSG00000089220,13924
ENSG00000258251,0
ENSG00000287311,0
ENSG00000277873,4
ENSG00000257323,0
ENSG00000280051,0
ENSG00000280272,0
ENSG00000279023,0
ENSG00000256551,0
ENSG00000139352,7584
ENSG00000135093,914
ENSG00000240342,13382
ENSG00000284848,0
ENSG00000256943,2
ENSG00000257259,0
ENSG00000287365,0
ENSG00000111249,42
ENSG00000256193,0
ENSG00000241423,0
ENSG00000277223,0
ENSG00000242314,0
ENSG00000213250,5
ENSG00000229186,0
ENSG00000256085,0
ENSG00000257781,0
ENSG00000276487,0
ENSG00000135678,16
ENSG00000256136,0
ENSG00000204603,0
ENSG00000258034,0
ENSG00000256542,0
ENSG00000244390,0
ENSG00000244060,0
ENSG00000110887,0
ENSG00000257281,0
ENSG00000250280,0
ENSG00000173093,0
ENSG00000257046,0
ENSG00000250748,0
ENSG00000280217,0
ENSG00000226469,8
ENSG00000258133,0
ENSG00000286386,0
ENSG00000256310,0
ENSG00000280002,0
ENSG00000255916,0
ENSG00000286016,0
ENSG00000257288,4
ENSG00000151136,74
ENSG00000258215,0
ENSG00000278916,46
ENSG00000257683,0
ENSG00000226356,0
ENSG00000255838,0
ENSG00000256125,0
ENSG00000273824,0
ENSG00000279952,0
ENSG00000256659,0
ENSG00000139370,772
ENSG00000280364,0
ENSG00000255998,0
ENSG00000257711,4
ENSG00000279746,0
ENSG00000255900,0
ENSG00000256484,0
ENSG00000279500,0
ENSG00000286991,0
ENSG00000278872,0
ENSG00000111245,0
ENSG00000230294,0
ENSG00000255944,0
ENSG00000256581,0
ENSG00000255853,0
ENSG00000270445,0
ENSG00000255704,0
ENSG00000287982,0
ENSG00000256417,0
ENSG00000258099,2
ENSG00000280319,0
ENSG00000257758,0
ENSG00000274695,0
ENSG00000287792,0
ENSG00000089169,0
ENSG00000279113,0
ENSG00000278866,0
ENSG00000279180,0
ENSG00000257595,0
ENSG00000255866,0
ENSG00000257025,0
ENSG00000089041,32
ENSG00000241765,0
ENSG00000249345,0
ENSG00000275232,0
ENSG00000151952,1141
ENSG00000198270,290
ENSG00000176422,344
ENSG00000151948,35
ENSG00000257817,0
ENSG00000286520,0
ENSG00000179520,78
ENSG00000256292,0
ENSG00000255714,0
ENSG00000257624,0
ENSG00000286394,0
ENSG00000257773,4
ENSG00000258373,0
ENSG00000185482,4
ENSG00000089234,1448
ENSG00000286246,0
ENSG00000248703,0
ENSG00000257507,0
ENSG00000111666,3102
ENSG00000241590,0
ENSG00000256286,0
ENSG00000286354,0
ENSG00000286410,0
ENSG00000258343,0
ENSG00000256597,0
ENSG00000256287,0
ENSG00000135111,4
ENSG00000287112,0
ENSG00000275409,2
ENSG00000272963,0
ENSG00000255923,0
ENSG00000166111,224
ENSG00000276292,0
ENSG00000258117,0
ENSG00000283582,0
ENSG00000272369,0
ENSG00000258346,4
ENSG00000286791,0
ENSG00000257327,0
ENSG00000227059,0
ENSG00000278266,0
ENSG00000257859,90
ENSG00000256022,0
ENSG00000256218,0
ENSG00000255757,0
ENSG00000176834,456
ENSG00000256630,0
ENSG00000139351,9
ENSG00000213344,0
ENSG00000256714,0
ENSG00000086159,21
ENSG00000258830,0
ENSG00000287622,0
ENSG00000286233,0
ENSG00000256137,0
ENSG00000287339,0
ENSG00000257767,0
ENSG00000111696,840
ENSG00000256362,0
ENSG00000286922,0
ENSG00000257021,0
ENSG00000271642,0
ENSG00000256496,0
ENSG00000256146,0
ENSG00000256209,0
ENSG00000111790,2025
ENSG00000271963,0
ENSG00000258108,0
ENSG00000256849,4
ENSG00000279388,0
ENSG00000286462,0
ENSG00000257754,0
ENSG00000256888,0
ENSG00000257726,0
ENSG00000286662,0
ENSG00000279475,0
ENSG00000257035,0
ENSG00000255945,0
ENSG00000173208,296
ENSG00000288523,0
ENSG00000127337,1776
ENSG00000199912,0
ENSG00000201780,0
ENSG00000223042,0
ENSG00000201663,0
ENSG00000278459,0
ENSG00000201549,0
ENSG00000251747,0
ENSG00000251908,0
ENSG00000212358,0
ENSG00000283475,4
ENSG00000199551,0
ENSG00000283665,0
ENSG00000206662,0
ENSG00000200105,0
ENSG00000240481,0
ENSG00000207010,0
ENSG00000212172,0
ENSG00000201624,0
ENSG00000212549,0
ENSG00000283603,0
ENSG00000272435,0
ENSG00000253016,0
ENSG00000252364,0
ENSG00000222950,0
ENSG00000274293,0
ENSG00000251781,0
ENSG00000199556,0
ENSG00000201788,0
ENSG00000199843,0
ENSG00000201708,0
ENSG00000207026,0
ENSG00000221604,0
ENSG00000212496,0
ENSG00000252204,0
ENSG00000206612,0
ENSG00000207313,0
ENSG00000221491,0
ENSG00000281842,0
ENSG00000199571,0
ENSG00000252421,0
ENSG00000238669,0
ENSG00000212475,0
ENSG00000253053,0
ENSG00000251931,0
ENSG00000251822,0
ENSG00000222210,0
ENSG00000212599,0
ENSG00000202471,0
ENSG00000252607,0
ENSG00000221365,0
ENSG00000200814,0
ENSG00000252660,0
ENSG00000200296,0
ENSG00000275881,0
ENSG00000284360,0
ENSG00000274459,0
ENSG00000266185,0
ENSG00000207136,0
ENSG00000212461,0
ENSG00000278108,0
ENSG00000252415,0
ENSG00000200183,0
ENSG00000200428,0
ENSG00000223273,0
ENSG00000207387,0
ENSG00000251893,0
ENSG00000199245,0
ENSG00000238302,0
ENSG00000252850,0
ENSG00000264405,0
ENSG00000206650,0
ENSG00000201809,0
ENSG00000201942,0
ENSG00000243015,0
ENSG00000283677,0
ENSG00000252770,0
ENSG00000207763,0
ENSG00000208022,0
ENSG00000265227,0
ENSG00000199172,0
ENSG00000207365,0
ENSG00000212448,0
ENSG00000202470,0
ENSG00000212535,0
ENSG00000266099,0
ENSG00000201502,0
ENSG00000265861,0
ENSG00000202534,0
ENSG00000252220,2
ENSG00000207414,0
ENSG00000200011,0
ENSG00000277062,0
ENSG00000244091,0
ENSG00000252366,0
ENSG00000265917,2
ENSG00000201435,0
ENSG00000252863,0
ENSG00000202249,0
ENSG00000206929,0
ENSG00000199895,0
ENSG00000201296,0
ENSG00000223046,0
ENSG00000221148,0
ENSG00000283818,0
ENSG00000244391,0
ENSG00000283476,0
ENSG00000222544,0
ENSG00000263890,0
ENSG00000222255,0
ENSG00000199933,0
ENSG00000201168,0
ENSG00000222932,0
ENSG00000206899,1
ENSG00000222579,0
ENSG00000264978,0
ENSG00000222890,0
ENSG00000200060,0
ENSG00000199506,0
ENSG00000202368,0
ENSG00000264037,0
ENSG00000200897,0
ENSG00000252459,0
ENSG00000274697,0
ENSG00000273700,0
ENSG00000238609,0
ENSG00000283507,0
ENSG00000207622,0
ENSG00000221476,0
ENSG00000201042,0
ENSG00000200665,0
ENSG00000206790,0
ENSG00000253080,0
ENSG00000273499,0
ENSG00000222302,0
ENSG00000207967,0
ENSG00000266610,0
ENSG00000223126,0
ENSG00000252827,0
ENSG00000272215,0
ENSG00000283389,0
ENSG00000199809,0
ENSG00000240205,0
ENSG00000239082,0
ENSG00000212138,0
ENSG00000284402,0
ENSG00000199584,0
ENSG00000253089,0
ENSG00000212251,0
ENSG00000200112,0
ENSG00000238443,0
ENSG00000265635,0
ENSG00000239190,0
ENSG00000244112,0
ENSG00000264295,0
ENSG00000221479,0
ENSG00000201324,0
ENSG00000251844,0
ENSG00000207586,0
ENSG00000273942,0
ENSG00000274230,0
ENSG00000275231,0
ENSG00000273570,0
ENSG00000275971,0
ENSG00000274819,0
ENSG00000278802,0
ENSG00000276398,0
ENSG00000277081,0
ENSG00000265061,0
ENSG00000277217,0
ENSG00000266043,0
ENSG00000006831,5607
ENSG00000271500,0
ENSG00000285627,0
ENSG00000243663,0
ENSG00000151062,0
ENSG00000287698,0
ENSG00000166159,4
ENSG00000235049,0
ENSG00000151065,685
ENSG00000203593,0
ENSG00000256837,0
ENSG00000282022,0
ENSG00000111752,1254
ENSG00000003056,3228
ENSG00000139187,80
ENSG00000257105,0
ENSG00000213049,0
ENSG00000255776,0
ENSG00000214851,0
ENSG00000245105,8
ENSG00000256937,0
ENSG00000256720,0
ENSG00000126838,4
ENSG00000256817,0
ENSG00000283429,17
ENSG00000231503,5
ENSG00000222982,0
ENSG00000255830,0
ENSG00000258244,0
ENSG00000258254,0
ENSG00000199220,0
ENSG00000089225,0
ENSG00000201198,0
ENSG00000258001,9
ENSG00000175189,8
ENSG00000287200,0
ENSG00000111087,0
ENSG00000123329,23
ENSG00000166986,3830
ENSG00000284152,0
ENSG00000285133,0
ENSG00000208028,0
ENSG00000166987,380
ENSG00000166908,768
ENSG00000178498,1220
ENSG00000240771,284
ENSG00000224713,0
ENSG00000287908,0
ENSG00000135454,286
ENSG00000242990,0
ENSG00000257342,0
ENSG00000255737,0
ENSG00000135452,1305
ENSG00000135446,7308
ENSG00000283621,0
ENSG00000139266,554
ENSG00000037897,204
ENSG00000123427,309
ENSG00000257921,0
ENSG00000123297,23
ENSG00000270039,30
ENSG00000206749,0
ENSG00000269903,0
ENSG00000229899,0
ENSG00000258167,0
ENSG00000207492,0
ENSG00000257680,0
ENSG00000266923,0
ENSG00000258262,0
ENSG00000240721,0
ENSG00000165805,0
ENSG00000133641,1504
ENSG00000252747,0
ENSG00000257752,0
ENSG00000158113,18
ENSG00000204671,0
ENSG00000176383,0
ENSG00000256861,0
ENSG00000139719,882
ENSG00000214760,6
ENSG00000257097,0
ENSG00000227825,0
ENSG00000225185,0
ENSG00000212443,1
ENSG00000166130,2356
ENSG00000120802,14309
ENSG00000139194,0
ENSG00000200345,0
ENSG00000256967,0
ENSG00000139182,1510
ENSG00000285770,0
ENSG00000255572,0
ENSG00000256480,0
ENSG00000258012,0
ENSG00000257195,4
ENSG00000279551,0
ENSG00000247131,0
ENSG00000258052,0
ENSG00000166268,15
ENSG00000257241,0
ENSG00000257139,1
ENSG00000287132,0
ENSG00000279530,10
ENSG00000135643,716
ENSG00000222405,0
ENSG00000175899,37510
ENSG00000166148,0
ENSG00000110987,4532
ENSG00000174099,249
ENSG00000110881,683
ENSG00000235162,2015
ENSG00000284791,0
ENSG00000205810,0
ENSG00000090612,1601
ENSG00000127334,2667
ENSG00000136051,3091
ENSG00000139620,1817
ENSG00000111700,0
ENSG00000111271,777
ENSG00000166006,0
ENSG00000133858,873
ENSG00000139350,4143
ENSG00000111077,116
ENSG00000177406,2
ENSG00000256672,0
ENSG00000221439,0
ENSG00000285704,0
ENSG00000002016,190
ENSG00000250132,114
ENSG00000111684,569
ENSG00000239701,0
ENSG00000257078,0
ENSG00000159403,319
ENSG00000139197,2028
ENSG00000139438,894
ENSG00000255650,51
ENSG00000263510,0
ENSG00000256351,0
ENSG00000241413,0
ENSG00000249094,0
ENSG00000202034,0
ENSG00000221949,0
ENSG00000257354,79
ENSG00000199179,0
ENSG00000241941,0
ENSG00000111199,10
ENSG00000139433,1586
ENSG00000255892,0
ENSG00000255960,0
ENSG00000256138,0
ENSG00000139151,0
ENSG00000255993,2
ENSG00000255648,0
ENSG00000177938,0
ENSG00000139144,0
ENSG00000083782,0
ENSG00000139329,44
ENSG00000011465,12
ENSG00000258148,0
ENSG00000257452,0
ENSG00000258159,0
ENSG00000111775,1480
ENSG00000111780,0
ENSG00000170855,2692
ENSG00000257218,1049
ENSG00000219355,0
ENSG00000088986,10857
ENSG00000278344,16
ENSG00000110871,1498
ENSG00000222601,0
ENSG00000241030,0
ENSG00000167272,476
ENSG00000242137,0
ENSG00000199394,0
ENSG00000239617,2
ENSG00000272822,0
ENSG00000139537,87
ENSG00000134285,141
ENSG00000169884,118
ENSG00000200303,0
ENSG00000181418,44
ENSG00000258283,0
ENSG00000167550,30
ENSG00000277672,0
ENSG00000139549,6
ENSG00000257346,4
ENSG00000123416,17869
ENSG00000200309,0
ENSG00000274017,0
ENSG00000134287,8882
ENSG00000219410,15
ENSG00000252186,0
ENSG00000270068,0
ENSG00000111652,1192
ENSG00000269892,16
ENSG00000089692,0
ENSG00000244532,0
ENSG00000010610,9
ENSG00000250510,646
ENSG00000110811,770
ENSG00000111664,16
ENSG00000240370,13
ENSG00000010626,220
ENSG00000275703,4
ENSG00000111674,3295
ENSG00000111676,4849
ENSG00000111678,290
ENSG00000238923,0
ENSG00000111679,0
ENSG00000207713,0
ENSG00000207708,0
ENSG00000271969,0
ENSG00000238795,0
ENSG00000111669,16562
ENSG00000204842,1705
ENSG00000139163,9984
ENSG00000284934,0
ENSG00000258091,0
ENSG00000243420,0
ENSG00000257329,0
ENSG00000198923,0
ENSG00000257453,0
ENSG00000257839,2
ENSG00000187109,64263
ENSG00000257941,0
ENSG00000258304,0
ENSG00000257872,0
ENSG00000252858,0
ENSG00000078237,2163
ENSG00000213970,0
ENSG00000118972,4
ENSG00000118971,7590
ENSG00000135414,5660
ENSG00000205323,3
ENSG00000257390,0
ENSG00000257509,8
ENSG00000123353,328
ENSG00000123342,10
ENSG00000257966,0
ENSG00000257569,0
ENSG00000065357,290
ENSG00000273973,0
ENSG00000258554,0
ENSG00000184574,0
ENSG00000111644,0
ENSG00000111653,2566
ENSG00000159335,35303
ENSG00000258679,0
ENSG00000273536,0
ENSG00000258816,0
ENSG00000212383,0
ENSG00000170426,0
ENSG00000278400,0
ENSG00000278399,0
ENSG00000287715,0
ENSG00000166856,2
ENSG00000166860,1382
ENSG00000166863,0
ENSG00000166866,0
ENSG00000166881,6111
ENSG00000166886,1176
ENSG00000166888,31
ENSG00000061273,626
ENSG00000268069,0
ENSG00000276691,0
ENSG00000274737,0
ENSG00000257488,0
ENSG00000111424,2
ENSG00000205537,0
ENSG00000278385,0
ENSG00000279840,0
ENSG00000134291,4942
ENSG00000139219,6411
ENSG00000258203,11
ENSG00000257985,0
ENSG00000257955,0
ENSG00000276814,6
ENSG00000079387,1627
ENSG00000240399,6
ENSG00000222635,0
ENSG00000226138,0
ENSG00000275770,0
ENSG00000266655,0
ENSG00000247373,54
ENSG00000086598,21765
ENSG00000111364,456
ENSG00000206897,0
ENSG00000111361,1900
ENSG00000111358,2763
ENSG00000279953,12
ENSG00000278861,0
ENSG00000255839,0
ENSG00000185344,4698
ENSG00000286092,0
ENSG00000239215,0
ENSG00000280300,0
ENSG00000197653,60
ENSG00000250091,121
ENSG00000257095,0
ENSG00000256884,0
ENSG00000256609,0
ENSG00000213144,4
ENSG00000256311,0
ENSG00000281196,0
ENSG00000152137,4
ENSG00000257037,0
ENSG00000110841,1010
ENSG00000248100,0
ENSG00000256056,0
ENSG00000256557,0
ENSG00000256377,0
ENSG00000174236,0
ENSG00000276261,0
ENSG00000230519,0
ENSG00000256504,0
ENSG00000061794,3336
ENSG00000252585,0
ENSG00000087448,4690
ENSG00000256747,0
ENSG00000256512,0
ENSG00000201612,0
ENSG00000274075,0
ENSG00000256378,0
ENSG00000087494,48
ENSG00000198707,374
ENSG00000241749,2
ENSG00000277945,0
ENSG00000197301,0
ENSG00000256083,3
ENSG00000276878,0
ENSG00000256259,0
ENSG00000213343,2
ENSG00000251857,0
ENSG00000240533,0
ENSG00000255775,0
ENSG00000202318,0
ENSG00000256103,0
ENSG00000265388,0
ENSG00000110799,2
ENSG00000247213,0
ENSG00000198855,310
ENSG00000075856,2198
ENSG00000287202,4
ENSG00000136003,2013
ENSG00000183160,8
ENSG00000257221,0
ENSG00000284388,0
ENSG00000238457,0
ENSG00000134531,5183
ENSG00000286869,6
ENSG00000180861,0
ENSG00000201476,0
ENSG00000201909,0
ENSG00000256306,0
ENSG00000277935,0
ENSG00000287928,2
ENSG00000200475,0
ENSG00000256346,0
ENSG00000063046,31318
ENSG00000139155,2947
ENSG00000139116,3358
ENSG00000184613,3604
ENSG00000111716,878
ENSG00000139330,0
ENSG00000127328,809
ENSG00000139263,2103
ENSG00000161642,324
ENSG00000177675,14
ENSG00000111783,1909
ENSG00000186815,160
ENSG00000110876,8
ENSG00000123096,356
ENSG00000110880,11443
ENSG00000167580,0
ENSG00000176871,6922
ENSG00000172572,263
ENSG00000123066,2372
ENSG00000134545,0
ENSG00000226397,0
ENSG00000258546,0
ENSG00000258449,0
ENSG00000276842,0
ENSG00000118307,60
ENSG00000205707,1842
ENSG00000274987,6
ENSG00000275197,0
ENSG00000201439,0
ENSG00000241846,0
ENSG00000279173,0
ENSG00000256079,0
ENSG00000255988,0
ENSG00000205693,0
ENSG00000258168,2
ENSG00000277247,0
ENSG00000257302,0
ENSG00000139445,2
ENSG00000256560,0
ENSG00000255655,0
ENSG00000110906,3847
ENSG00000151148,1634
ENSG00000139428,1549
ENSG00000200274,0
ENSG00000200794,0
ENSG00000033030,639
ENSG00000252192,0
ENSG00000275265,0
ENSG00000111011,2915
ENSG00000184445,2425
ENSG00000255972,0
ENSG00000274191,4
ENSG00000256249,0
ENSG00000182782,0
ENSG00000255398,0
ENSG00000196917,0
ENSG00000256044,0
ENSG00000206914,0
ENSG00000130783,2
ENSG00000130787,1132
ENSG00000139722,2617
ENSG00000256152,0
ENSG00000280138,46
ENSG00000256028,0
ENSG00000265526,0
ENSG00000251497,0
ENSG00000280381,0
ENSG00000280120,218
ENSG00000260122,0
ENSG00000260473,0
ENSG00000261586,0
ENSG00000259887,0
ENSG00000167612,0
ENSG00000258021,0
ENSG00000139567,0
ENSG00000135503,2260
ENSG00000206992,2
ENSG00000161835,30
ENSG00000123358,64
ENSG00000259884,0
ENSG00000257663,0
ENSG00000257860,0
ENSG00000257415,0
ENSG00000257994,0
ENSG00000286197,0
ENSG00000257762,0
ENSG00000136011,0
ENSG00000212594,0
ENSG00000257737,0
ENSG00000257766,0
ENSG00000257681,6
ENSG00000155980,1038
ENSG00000258921,0
ENSG00000272837,0
ENSG00000258907,0
ENSG00000270458,0
ENSG00000258311,30
ENSG00000135437,4
ENSG00000135404,14289
ENSG00000258045,1
ENSG00000257384,0
ENSG00000275898,0
ENSG00000258249,0
ENSG00000257883,0
ENSG00000257654,0
ENSG00000111412,5108
ENSG00000239374,2
ENSG00000201382,0
ENSG00000275467,0
ENSG00000135116,268
ENSG00000240100,0
ENSG00000274554,30
ENSG00000184954,0
ENSG00000205327,0
ENSG00000234670,0
ENSG00000135502,0
ENSG00000111319,0
ENSG00000111321,0
ENSG00000256433,0
ENSG00000213942,0
ENSG00000224906,0
ENSG00000139192,0
ENSG00000276718,0
ENSG00000256913,0
ENSG00000010278,538
ENSG00000201579,0
ENSG00000110955,27713
ENSG00000207031,0
ENSG00000110958,24779
ENSG00000241217,0
ENSG00000285625,0
ENSG00000025423,2
ENSG00000196531,17653
ENSG00000182544,716
ENSG00000135476,543
ENSG00000123349,21
ENSG00000288663,56
ENSG00000139637,2
ENSG00000094914,1428
ENSG00000170374,0
ENSG00000185591,3812
ENSG00000135409,0
ENSG00000205352,679
ENSG00000094916,66268
ENSG00000283803,0
ENSG00000241785,0
ENSG00000257596,0
ENSG00000258344,0
ENSG00000123405,6
ENSG00000111481,8629
ENSG00000207381,0
ENSG00000199122,0
ENSG00000264028,0
ENSG00000139572,0
ENSG00000111639,4786
ENSG00000010292,6383
ENSG00000239002,0
ENSG00000276232,0
ENSG00000255966,2
ENSG00000111640,67685
ENSG00000269968,0
ENSG00000245667,0
ENSG00000111641,9
ENSG00000285238,0
ENSG00000111642,571
ENSG00000247853,0
ENSG00000251898,4
ENSG00000015153,1512
ENSG00000134283,3055
ENSG00000257674,0
ENSG00000139168,3517
ENSG00000278520,0
ENSG00000252917,0
ENSG00000274943,0
ENSG00000199886,0
ENSG00000257376,10
ENSG00000207142,0
ENSG00000257225,0
ENSG00000010295,230
ENSG00000224982,0
ENSG00000252886,0
ENSG00000111725,1781
ENSG00000122966,955
ENSG00000255692,0
ENSG00000283768,0
ENSG00000226729,0
ENSG00000278250,0
ENSG00000089693,5088
ENSG00000215021,8719
ENSG00000120837,2640
ENSG00000199415,0
ENSG00000257193,0
ENSG00000286258,0
ENSG00000257732,0
ENSG00000213442,246
ENSG00000255150,0
ENSG00000135119,492
ENSG00000257279,4
ENSG00000149948,666
ENSG00000111596,3147
ENSG00000139190,28
ENSG00000135486,154178
ENSG00000174206,419
ENSG00000212298,0
ENSG00000251788,0
ENSG00000185306,0
ENSG00000256192,0
ENSG00000256293,0
ENSG00000238440,0
ENSG00000184575,10076
ENSG00000255566,0
ENSG00000277895,0
ENSG00000256199,0
ENSG00000223294,0
ENSG00000256670,0
ENSG00000266016,0
ENSG00000207546,0
ENSG00000225195,0
ENSG00000256314,0
ENSG00000285901,0
ENSG00000175203,5040
ENSG00000287618,0
ENSG00000184047,117
ENSG00000111667,5427
ENSG00000127329,14
ENSG00000139193,0
ENSG00000139200,554
ENSG00000166225,5396
ENSG00000111404,0
ENSG00000173262,16
ENSG00000076108,2417
ENSG00000139211,5762
ENSG00000198178,0
ENSG00000139220,41
ENSG00000198015,9405
ENSG00000185480,711
ENSG00000111665,625
ENSG00000111671,59
ENSG00000177575,0
ENSG00000255817,0
ENSG00000255629,0
ENSG00000183735,1687
ENSG00000288665,0
ENSG00000153179,716
ENSG00000280320,0
ENSG00000280181,0
ENSG00000135677,13788
ENSG00000288591,0
ENSG00000286682,0
ENSG00000243020,0
ENSG00000255693,0
ENSG00000248995,0
ENSG00000221564,0
ENSG00000198671,0
ENSG00000156076,0
ENSG00000207099,0
ENSG00000255700,0
ENSG00000174106,2762
ENSG00000276853,0
ENSG00000214650,11
ENSG00000279527,0
ENSG00000279071,0
ENSG00000280354,0
ENSG00000279121,0
ENSG00000279334,0
ENSG00000280097,0
ENSG00000278973,0
ENSG00000280444,0
ENSG00000279087,0
ENSG00000279931,0
ENSG00000073060,2884
ENSG00000287242,0
ENSG00000252008,0
ENSG00000265345,0
ENSG00000241129,0
ENSG00000274156,0
ENSG00000271596,0
ENSG00000274797,0
ENSG00000050426,0
ENSG00000110925,3274
ENSG00000244540,0
ENSG00000278126,86
ENSG00000279455,0
ENSG00000256258,0
ENSG00000256424,0
ENSG00000287639,0
ENSG00000279153,0
ENSG00000212154,0
ENSG00000249926,0
ENSG00000243499,0
ENSG00000061936,597
ENSG00000255933,0
ENSG00000200516,0
ENSG00000200483,0
ENSG00000256955,0
ENSG00000177169,1190
ENSG00000279283,0
ENSG00000255992,4
ENSG00000177192,220
ENSG00000273568,0
ENSG00000198598,38
ENSG00000274373,0
ENSG00000256783,0
ENSG00000256875,0
ENSG00000280287,4
ENSG00000279700,0
ENSG00000277052,0
ENSG00000277186,4
ENSG00000204583,0
ENSG00000187848,0
ENSG00000280311,0
ENSG00000176894,84
ENSG00000256632,0
ENSG00000201469,0
ENSG00000256108,0
ENSG00000112787,995
ENSG00000229014,0
ENSG00000260943,0
ENSG00000225342,0
ENSG00000257296,0
ENSG00000258073,0
ENSG00000231738,10
ENSG00000166598,44414
ENSG00000284503,0
ENSG00000204954,538
ENSG00000139372,5190
ENSG00000216285,8
ENSG00000188906,32
ENSG00000072041,3414
ENSG00000239473,0
ENSG00000238842,0
ENSG00000230291,2
ENSG00000222880,0
ENSG00000139304,0
ENSG00000257786,0
ENSG00000257429,0
ENSG00000165899,0
ENSG00000255644,0
ENSG00000257022,0
ENSG00000275567,0
ENSG00000255627,0
ENSG00000089127,0
ENSG00000111331,0
ENSG00000111335,0
ENSG00000157895,616
ENSG00000283542,0
ENSG00000256963,0
ENSG00000201945,0
ENSG00000223538,0
ENSG00000257738,0
ENSG00000278351,0
ENSG00000257368,0
ENSG00000257657,2
ENSG00000283545,0
ENSG00000207176,0
ENSG00000253063,0
ENSG00000257643,0
ENSG00000201563,0
ENSG00000276148,1
ENSG00000257511,10
ENSG00000274105,0
ENSG00000275854,27
ENSG00000177119,4260
ENSG00000168778,794
ENSG00000258210,0
ENSG00000258011,2
ENSG00000111229,5553
ENSG00000111231,1372
ENSG00000241680,0
ENSG00000204856,451
ENSG00000111237,2213
ENSG00000202335,0
ENSG00000278993,4
ENSG00000151164,33
ENSG00000196850,1764
ENSG00000263537,0
ENSG00000122986,3
ENSG00000186298,15170
ENSG00000279925,0
ENSG00000257268,0
ENSG00000241286,0
ENSG00000204852,1256
ENSG00000167552,228702
ENSG00000258101,2
ENSG00000258232,0
ENSG00000258334,0
ENSG00000135451,349
ENSG00000186897,0
ENSG00000178401,22
ENSG00000257954,0
ENSG00000257464,0
ENSG00000274822,0
ENSG00000151176,1878
ENSG00000135094,0
ENSG00000139410,252
ENSG00000089116,0
ENSG00000089060,138
ENSG00000111540,7873
ENSG00000237493,8
ENSG00000139531,611
ENSG00000123411,623
ENSG00000273890,2
ENSG00000257449,0
ENSG00000197728,6821
ENSG00000257411,0
ENSG00000170515,5097
ENSG00000257553,0
ENSG00000229117,58134
ENSG00000139641,2768
ENSG00000135482,394
ENSG00000258345,0
ENSG00000258317,0
ENSG00000257809,0
ENSG00000092841,17454
ENSG00000139613,5299
ENSG00000258199,0
ENSG00000181852,3512
ENSG00000139579,2529
ENSG00000139540,6
ENSG00000139645,5157
ENSG00000135469,380
ENSG00000258260,0
ENSG00000062485,12420
ENSG00000144785,0
ENSG00000257740,61
ENSG00000257727,162
ENSG00000110944,6
ENSG00000252206,0
ENSG00000175336,0
ENSG00000274823,0
ENSG00000259099,0
ENSG00000134538,0
ENSG00000121351,0
ENSG00000121350,438
ENSG00000256021,0
ENSG00000004700,1989
ENSG00000111711,6534
ENSG00000134548,0
ENSG00000139131,616
ENSG00000286950,0
ENSG00000274976,0
ENSG00000244743,0
ENSG00000257653,0
ENSG00000264201,0
ENSG00000257660,6
ENSG00000271547,6
ENSG00000207467,0
ENSG00000167535,348
ENSG00000172602,572
ENSG00000174233,1366
ENSG00000051825,1354
ENSG00000111328,19410
ENSG00000269980,0
ENSG00000199845,0
ENSG00000139697,3448
ENSG00000207189,0
ENSG00000284425,0
ENSG00000130921,861
ENSG00000150990,598
ENSG00000184992,1801
ENSG00000280634,0
ENSG00000256093,0
ENSG00000081760,932
ENSG00000279233,12
ENSG00000256814,0
ENSG00000287240,0
ENSG00000280117,0
ENSG00000279462,0
ENSG00000273079,665
ENSG00000139233,1081
ENSG00000228144,0
ENSG00000239335,0
ENSG00000090376,58
ENSG00000225422,0
ENSG00000284011,0
ENSG00000256072,0
ENSG00000256777,0
ENSG00000222744,0
ENSG00000127311,239
ENSG00000256285,0
ENSG00000256420,0
ENSG00000257083,0
ENSG00000279310,0
ENSG00000255976,0
ENSG00000110911,1521
ENSG00000139547,18
ENSG00000135392,752
ENSG00000075089,2384
ENSG00000130779,1484
ENSG00000111728,429
ENSG00000196387,124
ENSG00000074590,7777
ENSG00000121749,3416
ENSG00000186908,3526
ENSG00000179615,0
ENSG00000179695,0
ENSG00000120820,106
ENSG00000111052,384
ENSG00000214700,0
ENSG00000261308,10
ENSG00000214029,238
ENSG00000150977,359
ENSG00000060237,11393
ENSG00000111490,52
ENSG00000205057,0
ENSG00000257127,0
ENSG00000216306,0
ENSG00000283998,0
ENSG00000120798,1095
ENSG00000257121,0
ENSG00000237774,0
ENSG00000184752,2000
ENSG00000022840,5819
ENSG00000288623,0
ENSG00000075415,32376
ENSG00000120868,2248
ENSG00000240424,0
ENSG00000111269,4279
ENSG00000271215,0
ENSG00000275963,16
ENSG00000183150,214
ENSG00000257004,0
ENSG00000256658,0
ENSG00000178878,261
ENSG00000207983,0
ENSG00000270296,0
ENSG00000213782,2
ENSG00000242329,0
ENSG00000231313,2
ENSG00000244585,2
ENSG00000135100,0
ENSG00000174437,21918
ENSG00000276956,0
ENSG00000170473,668
ENSG00000185664,0
ENSG00000123374,1861
ENSG00000257823,0
ENSG00000273987,4
ENSG00000173401,25
ENSG00000180481,46
ENSG00000139278,592
ENSG00000257497,4
ENSG00000111615,2591
ENSG00000257777,0
ENSG00000179626,0
ENSG00000152936,0
ENSG00000257009,0
ENSG00000236333,0
ENSG00000257287,0
ENSG00000257723,0
ENSG00000258235,0
ENSG00000065361,69
ENSG00000072657,0
ENSG00000257757,0
ENSG00000187857,0
ENSG00000257414,0
ENSG00000179899,100
ENSG00000185821,0
ENSG00000257316,0
ENSG00000257435,0
ENSG00000213451,0
ENSG00000205331,0
ENSG00000188324,0
ENSG00000230307,0
ENSG00000139223,0
ENSG00000177627,0
ENSG00000258121,0
ENSG00000240443,0
ENSG00000197376,0
ENSG00000167531,0
ENSG00000257870,0
ENSG00000123307,2
ENSG00000196534,0
ENSG00000257350,0
ENSG00000170605,0
ENSG00000224622,0
ENSG00000271370,0
ENSG00000111266,1060
ENSG00000255670,4
ENSG00000241352,14
ENSG00000234498,28
ENSG00000013588,0
ENSG00000283759,0
ENSG00000256011,0
ENSG00000221611,0
ENSG00000013583,200
ENSG00000183935,30
ENSG00000278255,0
ENSG00000256025,0
ENSG00000256721,0
ENSG00000285555,0
ENSG00000285734,0
ENSG00000256769,0
ENSG00000203648,0
ENSG00000256271,0
ENSG00000246627,0
ENSG00000258204,0
ENSG00000257458,0
ENSG00000202324,0
ENSG00000258039,0
ENSG00000180219,0
ENSG00000287675,0
ENSG00000181929,2
ENSG00000111276,4079
ENSG00000089248,4044
ENSG00000274227,0
ENSG00000111300,3447
ENSG00000266370,0
ENSG00000258323,0
ENSG00000200688,0
ENSG00000135148,3820
ENSG00000200135,0
ENSG00000283793,0
ENSG00000257494,0
ENSG00000201428,0
ENSG00000213152,0
ENSG00000257658,0
ENSG00000173064,1763
ENSG00000139178,147
ENSG00000283587,0
ENSG00000256902,0
ENSG00000255669,4
ENSG00000111731,2322
ENSG00000111241,0
ENSG00000175197,42
ENSG00000196510,2013
ENSG00000181234,0
ENSG00000205328,0
ENSG00000123395,403
ENSG00000256660,0
ENSG00000198673,89
ENSG00000126746,772
ENSG00000198324,270
ENSG00000084453,28
ENSG00000187510,0
ENSG00000090975,142
ENSG00000165685,0
ENSG00000166153,24
ENSG00000008323,4
ENSG00000136052,518
ENSG00000257579,0
ENSG00000222160,0
ENSG00000136045,3953
ENSG00000240441,10
ENSG00000110851,2264
ENSG00000258136,12
ENSG00000257398,0
ENSG00000257951,0
ENSG00000257392,0
ENSG00000257426,0
ENSG00000258072,0
ENSG00000257129,0
ENSG00000187855,0
ENSG00000139364,92
ENSG00000280125,0
ENSG00000286209,0
ENSG00000280415,0
ENSG00000271184,0
ENSG00000257379,0
ENSG00000197111,5437
ENSG00000282977,0
ENSG00000273658,0
ENSG00000139625,388
ENSG00000139546,788
ENSG00000267281,0
ENSG00000170653,1164
ENSG00000257550,0
ENSG00000285692,0
ENSG00000275488,0
ENSG00000135390,4814
ENSG00000213470,0
ENSG00000258206,0
ENSG00000198774,1973
ENSG00000133636,0
ENSG00000258178,0
ENSG00000257897,0
ENSG00000258185,0
ENSG00000280049,0
ENSG00000182050,22
ENSG00000139132,4868
ENSG00000278969,0
ENSG00000255921,4
ENSG00000213736,0
ENSG00000118308,6
ENSG00000139574,0
ENSG00000242461,0
ENSG00000186710,2
ENSG00000199899,0
ENSG00000123064,1386
ENSG00000276908,0
ENSG00000201208,0
ENSG00000139405,422
ENSG00000257286,0
ENSG00000166578,36
ENSG00000277566,0
ENSG00000135144,86
ENSG00000135457,1447
ENSG00000257246,0
ENSG00000247934,36
ENSG00000255951,0
ENSG00000278733,0
ENSG00000273989,0
ENSG00000252237,0
ENSG00000202187,0
ENSG00000244712,0
ENSG00000256513,0
ENSG00000123106,326
ENSG00000205329,0
ENSG00000257404,0
ENSG00000186442,0
ENSG00000170477,0
ENSG00000185640,0
ENSG00000257389,0
ENSG00000170423,0
ENSG00000241146,0
ENSG00000111057,10
ENSG00000170421,2
ENSG00000197706,0
ENSG00000069431,529
ENSG00000185046,490
ENSG00000214203,0
ENSG00000279148,23
ENSG00000280088,450
ENSG00000139437,474
ENSG00000277299,0
ENSG00000280426,30
ENSG00000076513,1309
ENSG00000277595,0
ENSG00000279360,0
ENSG00000122970,2388
ENSG00000258100,0
ENSG00000286049,0
ENSG00000274647,0
ENSG00000277738,0
ENSG00000258125,0
ENSG00000258224,0
ENSG00000257893,0
ENSG00000257863,0
ENSG00000289605,0
ENSG00000070019,0
ENSG00000214772,0
ENSG00000261324,0
ENSG00000246705,94
ENSG00000084463,5712
ENSG00000182993,148
ENSG00000179256,0
ENSG00000286107,0
ENSG00000111339,0
ENSG00000256339,0
ENSG00000111341,7
ENSG00000139055,30
ENSG00000111348,8
ENSG00000139053,16
ENSG00000255727,0
ENSG00000175398,0
ENSG00000244573,16
ENSG00000171681,18139
ENSG00000121316,36
ENSG00000255649,0
ENSG00000200830,0
ENSG00000256008,0
ENSG00000110917,12613
ENSG00000256364,0
ENSG00000277423,17
ENSG00000276188,0
ENSG00000175970,4786
ENSG00000256569,0
ENSG00000284143,0
ENSG00000122971,60
ENSG00000157837,3350
ENSG00000213137,0
ENSG00000286493,0
ENSG00000157782,4
ENSG00000288710,0
ENSG00000167548,2440
ENSG00000133703,6661
ENSG00000089009,77414
ENSG00000179295,12306
ENSG00000174456,1065
ENSG00000254451,0
ENSG00000258112,0
ENSG00000125084,28
ENSG00000139718,1365
ENSG00000183955,1606
ENSG00000173588,491
ENSG00000170439,32
ENSG00000135108,5874
ENSG00000173157,0
ENSG00000167553,255
ENSG00000089250,0
ENSG00000150991,38697
ENSG00000089094,1695
ENSG00000139436,495
ENSG00000047617,4
ENSG00000150967,191
ENSG00000135124,200
ENSG00000205809,0
ENSG00000139631,150
ENSG00000048540,2136
ENSG00000155957,0
ENSG00000172551,0
ENSG00000161813,8474
ENSG00000028203,6146
ENSG00000251655,0
ENSG00000135679,12678
ENSG00000205330,0
ENSG00000215009,0
ENSG00000076555,70
ENSG00000184271,468
ENSG00000180574,18
ENSG00000135441,117
ENSG00000165682,0
ENSG00000197837,0
ENSG00000179088,8
ENSG00000125207,0
ENSG00000279343,0
ENSG00000279478,0
ENSG00000256064,0
ENSG00000279905,0
ENSG00000279146,0
ENSG00000256343,0
ENSG00000279650,0
ENSG00000256250,0
ENSG00000256299,0
ENSG00000222438,0
ENSG00000132341,34476
ENSG00000206850,0
ENSG00000279940,0
ENSG00000279976,0
ENSG00000280200,0
ENSG00000256204,0
ENSG00000279581,0
ENSG00000240027,0
ENSG00000118600,546
ENSG00000255850,0
ENSG00000255642,18
ENSG00000256742,0
ENSG00000252393,0
ENSG00000139714,0
ENSG00000286586,0
ENSG00000188735,401
ENSG00000139725,0
ENSG00000212694,135
ENSG00000272849,2
ENSG00000135439,270
ENSG00000207789,0
ENSG00000135127,40
ENSG00000255575,0
ENSG00000111737,1847
ENSG00000089154,3842
ENSG00000266704,0
ENSG00000089157,123114
ENSG00000089159,612
ENSG00000286067,0
ENSG00000275936,0
ENSG00000240925,0
ENSG00000123009,14
ENSG00000202538,0
ENSG00000200795,2
ENSG00000275811,0
ENSG00000249028,0
ENSG00000267285,0
ENSG00000249628,0
ENSG00000111186,1099
ENSG00000171823,398
ENSG00000082805,3174
ENSG00000123095,122
ENSG00000256894,0
ENSG00000286752,0
ENSG00000278095,0
ENSG00000123094,2512
ENSG00000205592,0
ENSG00000278687,0
ENSG00000135407,146
ENSG00000212345,0
ENSG00000233719,4
ENSG00000272917,0
ENSG00000256442,0
ENSG00000257027,56
ENSG00000069493,32
ENSG00000213443,0
ENSG00000256582,0
ENSG00000110848,0
ENSG00000256912,0
ENSG00000150045,0
ENSG00000110852,0
ENSG00000255882,0
ENSG00000256797,0
ENSG00000188393,0
ENSG00000231560,0
ENSG00000172322,0
ENSG00000072609,687
ENSG00000232888,0
ENSG00000252079,0
ENSG00000278949,0
ENSG00000236617,0
ENSG00000255703,0
ENSG00000250790,3
ENSG00000196458,1212
ENSG00000256563,0
ENSG00000198393,678
ENSG00000252269,0
ENSG00000255807,0
ENSG00000198040,3471
ENSG00000279466,8
ENSG00000279817,0
ENSG00000285870,0
ENSG00000246331,0
ENSG00000235884,0
ENSG00000258118,0
ENSG00000256232,0
ENSG00000283256,0
ENSG00000170456,3804
ENSG00000200388,0
ENSG00000275769,1
ENSG00000203437,0
ENSG00000256159,0
ENSG00000201228,0
ENSG00000225349,0
ENSG00000255867,0
ENSG00000252390,0
ENSG00000231788,0
ENSG00000233381,0
ENSG00000090615,1524
ENSG00000111344,0
ENSG00000179912,529
ENSG00000197870,0
ENSG00000185633,22
ENSG00000139343,2046
ENSG00000183542,0
ENSG00000135473,711
ENSG00000050405,9034
ENSG00000170633,1640
ENSG00000205056,9
ENSG00000247363,6
ENSG00000288954,0
ENSG00000257242,0
ENSG00000288744,0
ENSG00000286351,12
ENSG00000257167,230
ENSG00000289218,4
ENSG00000257322,2
ENSG00000289105,0
ENSG00000243024,8
ENSG00000246363,4
ENSG00000246695,358
ENSG00000256268,20
ENSG00000289344,0
ENSG00000289174,0
ENSG00000256732,0
ENSG00000257150,0
ENSG00000289319,0
ENSG00000289046,14
ENSG00000257443,2
ENSG00000205885,0
ENSG00000257261,64
ENSG00000288941,0
ENSG00000205791,122
ENSG00000250166,0
ENSG00000289557,0
ENSG00000289516,0
ENSG00000289040,0
ENSG00000289310,0
ENSG00000289476,0
ENSG00000289369,0
ENSG00000289437,1
ENSG00000289283,0
ENSG00000288863,0
ENSG00000247498,8
ENSG00000255621,0
ENSG00000243129,0
ENSG00000111291,0
ENSG00000139269,11
ENSG00000110888,324
ENSG00000111247,1656
ENSG00000010219,363
ENSG00000256748,0
ENSG00000272921,0
ENSG00000111254,104
ENSG00000256799,0
ENSG00000256381,0
ENSG00000139180,519
ENSG00000255639,0
ENSG00000255474,12
ENSG00000130035,18
ENSG00000256988,2
ENSG00000151079,115
ENSG00000255608,0
ENSG00000286866,0
ENSG00000287835,0
ENSG00000111262,0
ENSG00000284513,0
ENSG00000177990,92
ENSG00000249753,0
ENSG00000257005,0
ENSG00000196935,1603
ENSG00000242087,6
ENSG00000256571,0
ENSG00000256399,2
ENSG00000255780,0
ENSG00000255886,0
ENSG00000199740,0
ENSG00000272028,0
ENSG00000199903,0
ENSG00000200953,0
ENSG00000199824,0
ENSG00000185432,1689
ENSG00000289695,0
ENSG00000271018,0
ENSG00000123268,1052
ENSG00000271490,0
ENSG00000243075,0
ENSG00000186452,0
ENSG00000271621,0
ENSG00000214511,0
ENSG00000235602,0
ENSG00000284393,0
ENSG00000256171,0
ENSG00000276417,13
ENSG00000275367,100
ENSG00000171847,0
ENSG00000254016,2
ENSG00000215241,13
ENSG00000196465,3183
ENSG00000238943,0
ENSG00000252727,0
ENSG00000280345,0
ENSG00000255967,6
ENSG00000111732,0
ENSG00000288043,0
ENSG00000206636,0
ENSG00000240739,0
ENSG00000282080,0
ENSG00000255964,2
ENSG00000255581,2
ENSG00000065970,1092
ENSG00000171860,32
ENSG00000089818,1526
ENSG00000279865,114
ENSG00000284697,0
ENSG00000111729,0
ENSG00000196946,0
ENSG00000286895,0
ENSG00000256589,0
ENSG00000286504,0
ENSG00000256101,0
ENSG00000277952,0
ENSG00000129317,64
ENSG00000151239,9195
ENSG00000258212,0
ENSG00000255920,26
ENSG00000198001,16
ENSG00000257258,0
ENSG00000064763,211
ENSG00000275278,0
ENSG00000275476,0
ENSG00000257176,14
ENSG00000274315,34
ENSG00000273680,0
ENSG00000087502,2232
ENSG00000257456,0
ENSG00000084444,1678
ENSG00000257989,0
ENSG00000258279,0
ENSG00000167767,8
ENSG00000257137,0
ENSG00000257649,0
ENSG00000135480,4
ENSG00000257671,0
ENSG00000170442,0
ENSG00000284883,0
ENSG00000257830,0
ENSG00000285102,0
ENSG00000205426,0
ENSG00000287051,0
ENSG00000257829,0
ENSG00000170523,0
ENSG00000135443,0
ENSG00000161849,0
ENSG00000258253,0
ENSG00000161850,0
ENSG00000257500,0
ENSG00000257844,0
ENSG00000170454,0
ENSG00000185479,0
ENSG00000170465,0
ENSG00000205420,0
ENSG00000186081,0
ENSG00000139648,0
ENSG00000170484,0
ENSG00000170486,0
ENSG00000257495,0
ENSG00000186049,0
ENSG00000258120,0
ENSG00000155974,475
ENSG00000198431,16152
ENSG00000258111,0
ENSG00000279176,0
ENSG00000187950,8
ENSG00000110921,753
ENSG00000121377,0
ENSG00000121314,0
ENSG00000121381,0
ENSG00000256651,0
ENSG00000111215,0
ENSG00000256682,0
ENSG00000212128,6
ENSG00000134551,12
ENSG00000212125,12
ENSG00000263838,0
ENSG00000258181,0
ENSG00000257925,0
ENSG00000276454,0
ENSG00000258116,0
ENSG00000199566,0
ENSG00000257924,0
ENSG00000264906,0
ENSG00000276272,0
ENSG00000274569,0
ENSG00000111602,2540
ENSG00000170581,1668
ENSG00000067182,2140
ENSG00000029153,1061
ENSG00000245311,0
ENSG00000288971,6
ENSG00000119242,885
ENSG00000270130,0
ENSG00000270048,2
ENSG00000269997,5
ENSG00000269938,5
ENSG00000270061,2
ENSG00000270095,0
ENSG00000179195,19895
ENSG00000274874,0
ENSG00000256827,0
ENSG00000275389,16
ENSG00000256596,10
ENSG00000275967,0
ENSG00000255965,0
ENSG00000196498,5205
ENSG00000287537,6
ENSG00000135519,4
ENSG00000187778,2056
ENSG00000110844,139
ENSG00000257964,0
ENSG00000135436,2
ENSG00000199237,0
ENSG00000258284,2
ENSG00000257243,7
ENSG00000258104,0
ENSG00000161791,994
ENSG00000257570,0
ENSG00000182196,2
ENSG00000182326,122
ENSG00000249641,0
ENSG00000123364,0
ENSG00000123407,0
ENSG00000275589,0
ENSG00000277994,0
ENSG00000274817,0
ENSG00000277129,0
ENSG00000123388,0
ENSG00000251151,0
ENSG00000180818,0
ENSG00000197757,0
ENSG00000207924,0
ENSG00000250133,0
ENSG00000180806,0
ENSG00000250451,0
ENSG00000037965,0
ENSG00000260597,0
ENSG00000207571,0
ENSG00000228630,0
ENSG00000276045,354
ENSG00000174527,12
ENSG00000171840,18
ENSG00000238370,0
ENSG00000255825,0
ENSG00000151067,10
ENSG00000256150,0
ENSG00000224438,0
ENSG00000256030,0
ENSG00000004478,3473
ENSG00000258325,0
ENSG00000258092,0
ENSG00000111203,652
ENSG00000288984,2
ENSG00000053702,27
ENSG00000283297,0
ENSG00000111206,2384
ENSG00000171792,1868
ENSG00000078246,1756
ENSG00000278356,10
ENSG00000252996,0
ENSG00000197905,106
ENSG00000250899,150
ENSG00000234589,22
ENSG00000011105,4238
ENSG00000278469,0
ENSG00000256197,0
ENSG00000275850,0
ENSG00000227081,122
ENSG00000287712,0
ENSG00000236908,0
ENSG00000257048,0
ENSG00000111218,0
ENSG00000256691,0
ENSG00000243507,0
ENSG00000280202,0
ENSG00000222338,0
ENSG00000180881,371
ENSG00000165935,0
ENSG00000111305,9
ENSG00000076248,4344
ENSG00000256139,8
ENSG00000284723,0
ENSG00000111325,14
ENSG00000283536,0
ENSG00000198678,0
ENSG00000135114,0
ENSG00000121318,0
ENSG00000177084,1498
ENSG00000289229,3
ENSG00000189079,3308
ENSG00000278475,0
ENSG00000265093,0
ENSG00000270429,0
ENSG00000289401,20
ENSG00000257913,6
ENSG00000139636,637
ENSG00000258017,8
ENSG00000057294,34
ENSG00000135506,5495
ENSG00000227525,6
ENSG00000256844,0
ENSG00000253284,0
ENSG00000240993,0
ENSG00000243854,0
ENSG00000255909,2
ENSG00000271462,0
ENSG00000200247,0
ENSG00000245205,180
ENSG00000240328,0
ENSG00000287074,17
ENSG00000289831,0
ENSG00000255652,0
ENSG00000289832,6
ENSG00000289595,0
ENSG00000289101,0
ENSG00000255794,130
ENSG00000289854,6
ENSG00000278743,0
ENSG00000270175,15
ENSG00000286279,0
ENSG00000246394,0
ENSG00000256128,0
ENSG00000256552,0
ENSG00000257496,0
ENSG00000289510,0
ENSG00000257501,82
ENSG00000223914,0
ENSG00000289909,0
ENSG00000256001,0
ENSG00000256546,0
ENSG00000225231,0
ENSG00000289928,0
ENSG00000245904,8
ENSG00000286021,0
ENSG00000288729,3
ENSG00000289940,0
ENSG00000258137,0
ENSG00000289311,20
ENSG00000241388,0
ENSG00000257815,62
ENSG00000289949,0
ENSG00000249267,0
ENSG00000275180,0
ENSG00000255399,0
ENSG00000274659,4
ENSG00000273015,1244
ENSG00000245017,25
ENSG00000257526,11
ENSG00000256706,0
ENSG00000289980,0
ENSG00000260329,28
ENSG00000234608,552
ENSG00000287075,0
ENSG00000274292,0
ENSG00000290003,18
ENSG00000257605,0
ENSG00000257698,560
ENSG00000251301,42
ENSG00000256092,56
ENSG00000256862,10
ENSG00000289154,23
ENSG00000215039,0
ENSG00000290033,40
ENSG00000289309,0
ENSG00000256039,0
ENSG00000257935,0
ENSG00000257337,11
ENSG00000257252,0
ENSG00000184293,4
ENSG00000290040,0
ENSG00000290042,0
ENSG00000255946,8
ENSG00000249550,110
ENSG00000289387,0
ENSG00000196668,0
ENSG00000290048,18
ENSG00000257303,6
ENSG00000255760,10
ENSG00000255801,0
ENSG00000134297,120
ENSG00000182796,329
ENSG00000255857,85
ENSG00000289173,6
ENSG00000185847,0
ENSG00000290059,0
ENSG00000256020,0
ENSG00000290063,0
ENSG00000256262,0
ENSG00000290036,0
ENSG00000226711,219
ENSG00000257433,3
ENSG00000289384,15
ENSG00000277283,83
ENSG00000247774,0
ENSG00000257878,0
ENSG00000174243,3841
ENSG00000289303,0
ENSG00000288814,0
ENSG00000272173,11
ENSG00000257084,0
ENSG00000126749,115
ENSG00000290146,6
ENSG00000208892,4
ENSG00000257000,0
ENSG00000274670,0
ENSG00000279640,0
ENSG00000256804,0
ENSG00000185163,416
ENSG00000184967,334
ENSG00000276693,0
ENSG00000256576,0
ENSG00000256312,0
ENSG00000279480,0
ENSG00000183495,2995
ENSG00000087470,4858
ENSG00000256835,0
ENSG00000255733,0
ENSG00000244432,0
ENSG00000236946,0
ENSG00000256708,0
ENSG00000111537,0
ENSG00000111536,0
ENSG00000127318,0
ENSG00000111554,649
ENSG00000256273,0
ENSG00000178882,19
ENSG00000273049,0
ENSG00000273046,0
ENSG00000198353,0
ENSG00000172789,0
ENSG00000248265,0
ENSG00000249388,0
ENSG00000250432,0
ENSG00000202146,0
ENSG00000123415,466
ENSG00000250742,4
ENSG00000260470,0
ENSG00000257534,3
ENSG00000248576,0
ENSG00000231887,19
ENSG00000275778,0
ENSG00000212127,83
ENSG00000212126,0
ENSG00000255837,8
ENSG00000212124,7
ENSG00000256436,22
ENSG00000256019,0
ENSG00000226761,0
ENSG00000255374,0
ENSG00000256400,0
ENSG00000256188,0
ENSG00000256981,8
ENSG00000256712,0
ENSG00000256537,1977
ENSG00000290204,0
ENSG00000287243,0
ENSG00000111788,24
ENSG00000212440,0
ENSG00000255753,0
ENSG00000286911,0
ENSG00000260423,1
ENSG00000287577,0
ENSG00000279001,0
ENSG00000111012,6
ENSG00000271065,0
ENSG00000257851,14
ENSG00000284730,0
ENSG00000196876,138
ENSG00000120645,22
ENSG00000256948,0
ENSG00000249695,6
ENSG00000256694,0
ENSG00000256540,0
ENSG00000111181,0
ENSG00000255671,0
ENSG00000256577,0
ENSG00000010379,21
ENSG00000255746,0
ENSG00000261799,476
ENSG00000290285,0
ENSG00000073614,5590
ENSG00000120647,805
ENSG00000289766,0
ENSG00000134532,3733
ENSG00000256473,0
ENSG00000216192,0
ENSG00000256120,0
ENSG00000197503,0
ENSG00000256852,0
ENSG00000244662,0
ENSG00000183395,0
ENSG00000281344,117
ENSG00000264554,0
ENSG00000258142,0
ENSG00000283052,0
ENSG00000017427,0
ENSG00000257254,0
ENSG00000258169,0
ENSG00000257564,2
ENSG00000257948,0
ENSG00000067715,3442
ENSG00000257191,2
ENSG00000257894,4
ENSG00000221788,0
ENSG00000257604,0
ENSG00000257474,0
ENSG00000257956,0
ENSG00000176915,2390
ENSG00000247077,2392
ENSG00000176654,0
ENSG00000290484,2
ENSG00000205754,0
ENSG00000290524,0
ENSG00000256667,0
ENSG00000290537,30
ENSG00000238105,0
ENSG00000290571,10
ENSG00000257489,0
ENSG00000290576,0
ENSG00000248593,0
ENSG00000290712,10
ENSG00000272937,0
ENSG00000203408,0
ENSG00000290813,0
ENSG00000233606,0
ENSG00000290814,0
ENSG00000286220,0
ENSG00000290863,0
ENSG00000255583,0
ENSG00000290896,0
ENSG00000244050,8
ENSG00000290939,0
ENSG00000164845,4
ENSG00000290940,0
ENSG00000257896,0
ENSG00000257542,0
ENSG00000290965,0
ENSG00000135477,0
ENSG00000290966,0
ENSG00000274928,0
ENSG00000290967,0
ENSG00000256594,0
ENSG00000185684,7
ENSG00000291171,116
ENSG00000250654,0
ENSG00000291180,0
ENSG00000256274,0
ENSG00000291182,0
ENSG00000250770,0
ENSG00000291189,0
ENSG00000256069,0
ENSG00000256650,0
ENSG00000255660,0
ENSG00000256283,0
ENSG00000243916,0
ENSG00000286608,0
ENSG00000271327,4
ENSG00000271259,0
ENSG00000139323,1579
ENSG00000226982,6
ENSG00000259075,0
ENSG00000257594,16
ENSG00000270344,42
ENSG00000279939,0
ENSG00000258302,0
ENSG00000271614,303
ENSG00000252207,0
ENSG00000257480,0
ENSG00000252823,0
ENSG00000258290,0
ENSG00000257725,0
ENSG00000070961,28637
ENSG00000121361,389
ENSG00000276136,0
ENSG00000257094,0
ENSG00000257852,0
ENSG00000271357,0
ENSG00000257530,0
ENSG00000151746,6543
ENSG00000277342,24
ENSG00000258134,0
ENSG00000274964,303
ENSG00000276115,33
ENSG00000018236,62
ENSG00000274682,0
ENSG00000285517,12
ENSG00000110900,2279
ENSG00000290531,4
ENSG00000226472,0
ENSG00000256984,0
ENSG00000245614,22
ENSG00000013573,388
ENSG00000212533,0
ENSG00000270926,0
ENSG00000291250,0
ENSG00000177359,0
ENSG00000291098,0
ENSG00000291251,0
ENSG00000291252,0
ENSG00000270766,0
ENSG00000243517,26
ENSG00000270395,0
ENSG00000275097,0
ENSG00000139146,14252
ENSG00000256176,0
ENSG00000177340,0
ENSG00000241251,0
ENSG00000257813,0
ENSG00000271508,0
ENSG00000257907,2
ENSG00000291253,0
ENSG00000290959,0
ENSG00000291190,0
ENSG00000291254,0
ENSG00000237248,6
ENSG00000212432,0
ENSG00000284634,1
ENSG00000214776,0
ENSG00000256975,0
ENSG00000291289,0
ENSG00000290469,0
ENSG00000111796,0
ENSG00000291107,18
ENSG00000291295,0
ENSG00000135406,8
ENSG00000123352,2148
ENSG00000111450,2142
ENSG00000089163,46
ENSG00000252659,0
ENSG00000170890,0
ENSG00000135097,6087
ENSG00000239881,46
ENSG00000256695,0
ENSG00000111786,3062
ENSG00000248008,309
ENSG00000256298,0
ENSG00000256906,0
ENSG00000279193,0
ENSG00000276122,0
ENSG00000250208,0
ENSG00000280405,0
ENSG00000111432,0
ENSG00000242963,0
ENSG00000259862,0
ENSG00000198056,514
ENSG00000139154,3595
ENSG00000200885,0
ENSG00000052126,816
ENSG00000134533,0
ENSG00000139289,6668
ENSG00000177981,1173
ENSG00000274124,0
ENSG00000258051,0
ENSG00000257885,0
ENSG00000257848,0
ENSG00000177875,814
ENSG00000279875,52
ENSG00000269514,0
ENSG00000258234,0
ENSG00000275228,0
ENSG00000258273,0
ENSG00000167528,1525
ENSG00000257735,0
ENSG00000257763,0
ENSG00000273765,0
ENSG00000258024,0
ENSG00000257792,0
ENSG00000273434,0
ENSG00000226413,0
ENSG00000290754,0
ENSG00000135424,1677
ENSG00000289965,1
ENSG00000258056,77
ENSG00000172640,0
ENSG00000187166,0
ENSG00000060709,83
ENSG00000257599,54
ENSG00000133687,1074
ENSG00000242986,0
ENSG00000231238,0
ENSG00000102699,4355
ENSG00000230641,0
ENSG00000027001,929
ENSG00000233545,0
ENSG00000285840,0
ENSG00000269099,0
ENSG00000288103,0
ENSG00000215604,2
ENSG00000283579,0
ENSG00000224329,0
ENSG00000102781,3839
ENSG00000238185,0
ENSG00000224511,0
ENSG00000278496,0
ENSG00000271429,0
ENSG00000228036,0
ENSG00000280208,0
ENSG00000240868,0
ENSG00000236444,2
ENSG00000133101,84
ENSG00000132952,1692
ENSG00000232117,0
ENSG00000183463,0
ENSG00000232102,0
ENSG00000189403,39394
ENSG00000288542,0
ENSG00000224405,0
ENSG00000274351,0
ENSG00000273167,2
ENSG00000235097,0
ENSG00000218198,0
ENSG00000233259,0
ENSG00000275294,0
ENSG00000179141,0
ENSG00000102753,9799
ENSG00000276958,0
ENSG00000278477,0
ENSG00000230793,4
ENSG00000230403,0
ENSG00000165475,200
ENSG00000237879,0
ENSG00000260388,30
ENSG00000277020,0
ENSG00000223782,0
ENSG00000213411,0
ENSG00000180389,0
ENSG00000165556,0
ENSG00000230710,0
ENSG00000275202,42
ENSG00000102547,1360
ENSG00000280357,0
ENSG00000286779,0
ENSG00000229473,0
ENSG00000270809,0
ENSG00000274317,8
ENSG00000232786,0
ENSG00000279124,0
ENSG00000225179,0
ENSG00000223724,0
ENSG00000235285,0
ENSG00000215049,0
ENSG00000232643,0
ENSG00000120675,110
ENSG00000234772,1
ENSG00000132975,59
ENSG00000243008,0
ENSG00000236758,0
ENSG00000271850,0
ENSG00000279025,0
ENSG00000274316,0
ENSG00000287460,0
ENSG00000271190,0
ENSG00000231910,0
ENSG00000132970,1459
ENSG00000229437,2
ENSG00000232986,0
ENSG00000237585,0
ENSG00000277047,0
ENSG00000133110,5418
ENSG00000151778,40
ENSG00000234590,0
ENSG00000102531,11957
ENSG00000286709,0
ENSG00000234213,0
ENSG00000274549,0
ENSG00000279499,0
ENSG00000276854,0
ENSG00000225350,0
ENSG00000183722,5449
ENSG00000231894,0
ENSG00000232647,0
ENSG00000279325,0
ENSG00000274090,0
ENSG00000234421,0
ENSG00000225249,0
ENSG00000277040,0
ENSG00000227213,0
ENSG00000232162,0
ENSG00000271901,0
ENSG00000234701,0
ENSG00000271140,0
ENSG00000214263,2
ENSG00000285935,0
ENSG00000223717,0
ENSG00000237092,0
ENSG00000227528,0
ENSG00000234765,0
ENSG00000271287,0
ENSG00000023516,7819
ENSG00000139656,0
ENSG00000204899,8620
ENSG00000287376,0
ENSG00000276841,0
ENSG00000232954,0
ENSG00000120685,3839
ENSG00000236433,0
ENSG00000286537,1
ENSG00000235957,4
ENSG00000165837,2
ENSG00000275226,0
ENSG00000136149,238
ENSG00000287722,2
ENSG00000229708,0
ENSG00000280431,0
ENSG00000083535,1222
ENSG00000236972,6
ENSG00000136122,354
ENSG00000224853,0
ENSG00000150361,0
ENSG00000122034,4770
ENSG00000232489,0
ENSG00000236354,2
ENSG00000227510,0
ENSG00000234145,4
ENSG00000279511,0
ENSG00000228611,0
ENSG00000281883,0
ENSG00000229824,0
ENSG00000233840,0
ENSG00000285588,0
ENSG00000214281,0
ENSG00000230040,0
ENSG00000225221,0
ENSG00000232380,0
ENSG00000281778,0
ENSG00000228842,0
ENSG00000120690,1465
ENSG00000136155,0
ENSG00000228869,0
ENSG00000273919,0
ENSG00000278722,0
ENSG00000284809,0
ENSG00000230256,0
ENSG00000102804,7950
ENSG00000227969,0
ENSG00000236277,0
ENSG00000226683,0
ENSG00000225352,0
ENSG00000227952,0
ENSG00000279924,0
ENSG00000288015,4
ENSG00000228319,0
ENSG00000215357,0
ENSG00000287876,4
ENSG00000237109,0
ENSG00000226554,0
ENSG00000150893,921
ENSG00000225427,0
ENSG00000214249,0
ENSG00000225727,0
ENSG00000204918,0
ENSG00000229910,0
ENSG00000136111,864
ENSG00000227254,0
ENSG00000276208,0
ENSG00000232701,0
ENSG00000230405,0
ENSG00000214335,0
ENSG00000228074,0
ENSG00000233349,0
ENSG00000227151,0
ENSG00000287880,0
ENSG00000270400,0
ENSG00000136158,9112
ENSG00000234278,0
ENSG00000224117,0
ENSG00000120686,5155
ENSG00000226537,0
ENSG00000228597,0
ENSG00000230009,0
ENSG00000279754,0
ENSG00000231667,0
ENSG00000285742,0
ENSG00000214178,0
ENSG00000102554,160
ENSG00000227354,258
ENSG00000271776,0
ENSG00000229865,0
ENSG00000174015,0
ENSG00000224188,0
ENSG00000237001,0
ENSG00000281167,0
ENSG00000229246,0
ENSG00000088451,572
ENSG00000226670,0
ENSG00000225801,0
ENSG00000225263,0
ENSG00000134882,2677
ENSG00000133119,3800
ENSG00000235550,0
ENSG00000080166,184
ENSG00000152192,46
ENSG00000287247,0
ENSG00000232041,0
ENSG00000182957,1125
ENSG00000287477,6
ENSG00000266505,0
ENSG00000231665,1
ENSG00000235625,0
ENSG00000188811,524
ENSG00000277448,0
ENSG00000260962,0
ENSG00000102837,14
ENSG00000214051,0
ENSG00000228473,0
ENSG00000230584,0
ENSG00000244615,0
ENSG00000204919,0
ENSG00000223880,0
ENSG00000065150,26732
ENSG00000225501,0
ENSG00000286330,76
ENSG00000139734,966
ENSG00000286746,0
ENSG00000224640,0
ENSG00000234354,0
ENSG00000235768,0
ENSG00000231674,0
ENSG00000118946,735
ENSG00000225530,0
ENSG00000226617,4
ENSG00000234660,0
ENSG00000230283,0
ENSG00000283097,0
ENSG00000271216,0
ENSG00000152484,3239
ENSG00000237148,0
ENSG00000231879,0
ENSG00000285680,0
ENSG00000227862,0
ENSG00000285834,0
ENSG00000229249,0
ENSG00000284196,16
ENSG00000120688,1262
ENSG00000280580,0
ENSG00000283371,0
ENSG00000261666,0
ENSG00000180440,26
ENSG00000278580,0
ENSG00000224686,0
ENSG00000177596,0
ENSG00000232447,0
ENSG00000125285,1060
ENSG00000287270,0
ENSG00000288038,0
ENSG00000139514,4720
ENSG00000287635,0
ENSG00000282864,0
ENSG00000088386,67
ENSG00000276527,0
ENSG00000276672,118
ENSG00000234650,0
ENSG00000215417,29
ENSG00000272046,0
ENSG00000274331,0
ENSG00000215037,0
ENSG00000236463,0
ENSG00000260704,0
ENSG00000230474,0
ENSG00000283554,0
ENSG00000150907,802
ENSG00000231222,0
ENSG00000224418,4
ENSG00000226240,6
ENSG00000136152,1186
ENSG00000234551,0
ENSG00000271386,0
ENSG00000235306,0
ENSG00000227714,0
ENSG00000136141,394
ENSG00000229546,0
ENSG00000232849,0
ENSG00000152749,832
ENSG00000214182,32
ENSG00000224419,0
ENSG00000237924,0
ENSG00000284679,0
ENSG00000230390,0
ENSG00000224347,0
ENSG00000285699,0
ENSG00000237082,13
ENSG00000286544,0
ENSG00000229011,0
ENSG00000214823,0
ENSG00000285228,0
ENSG00000272515,4
ENSG00000232217,0
ENSG00000102543,238
ENSG00000238025,0
ENSG00000233528,0
ENSG00000281721,51
ENSG00000277914,0
ENSG00000125257,634
ENSG00000083520,4653
ENSG00000229287,0
ENSG00000226317,0
ENSG00000271395,0
ENSG00000227983,0
ENSG00000287456,0
ENSG00000277863,0
ENSG00000133103,1671
ENSG00000235221,0
ENSG00000235984,2
ENSG00000102802,0
ENSG00000230731,4
ENSG00000232225,0
ENSG00000274718,69
ENSG00000134871,8965
ENSG00000279965,2
ENSG00000236176,0
ENSG00000229175,0
ENSG00000229609,0
ENSG00000215418,0
ENSG00000229665,0
ENSG00000233273,0
ENSG00000226134,0
ENSG00000229443,0
ENSG00000285684,10
ENSG00000223543,0
ENSG00000223460,0
ENSG00000287546,0
ENSG00000236240,0
ENSG00000287438,0
ENSG00000217686,0
ENSG00000282997,0
ENSG00000184564,46
ENSG00000286843,0
ENSG00000232885,0
ENSG00000232204,0
ENSG00000287734,0
ENSG00000229423,0
ENSG00000224356,0
ENSG00000184226,1042
ENSG00000226620,0
ENSG00000228573,0
ENSG00000275741,0
ENSG00000234625,0
ENSG00000102580,6564
ENSG00000233549,0
ENSG00000283199,6
ENSG00000282865,0
ENSG00000279149,0
ENSG00000234627,0
ENSG00000233725,0
ENSG00000234384,0
ENSG00000279516,0
ENSG00000287330,0
ENSG00000132950,396
ENSG00000227248,0
ENSG00000231019,0
ENSG00000286446,0
ENSG00000182968,3486
ENSG00000287575,14
ENSG00000175664,0
ENSG00000233009,0
ENSG00000286385,0
ENSG00000233662,0
ENSG00000284966,23
ENSG00000270680,0
ENSG00000278698,0
ENSG00000279081,6
ENSG00000041515,184
ENSG00000234527,0
ENSG00000174418,0
ENSG00000187498,9476
ENSG00000231194,0
ENSG00000223576,0
ENSG00000224243,243
ENSG00000225289,0
ENSG00000287159,0
ENSG00000229622,0
ENSG00000233291,0
ENSG00000277831,0
ENSG00000285773,0
ENSG00000279157,0
ENSG00000270415,0
ENSG00000278156,19
ENSG00000237876,0
ENSG00000229557,0
ENSG00000185950,1872
ENSG00000236678,0
ENSG00000236053,0
ENSG00000259831,0
ENSG00000153498,0
ENSG00000134873,13
ENSG00000237099,0
ENSG00000174408,0
ENSG00000275248,0
ENSG00000225944,0
ENSG00000279770,0
ENSG00000277640,0
ENSG00000226846,0
ENSG00000286343,0
ENSG00000260102,0
ENSG00000288001,0
ENSG00000274204,0
ENSG00000133115,0
ENSG00000285534,0
ENSG00000232373,0
ENSG00000279237,0
ENSG00000260343,0
ENSG00000088448,2120
ENSG00000223617,0
ENSG00000285572,0
ENSG00000225510,5
ENSG00000286422,0
ENSG00000260094,0
ENSG00000287923,0
ENSG00000285789,0
ENSG00000282993,0
ENSG00000229792,0
ENSG00000261498,0
ENSG00000223626,0
ENSG00000223392,0
ENSG00000270725,0
ENSG00000226665,0
ENSG00000234227,0
ENSG00000204442,1050
ENSG00000225823,0
ENSG00000184497,24
ENSG00000229309,0
ENSG00000286780,24
ENSG00000285811,0
ENSG00000226370,0
ENSG00000175198,934
ENSG00000234854,0
ENSG00000223404,0
ENSG00000126216,993
ENSG00000225239,0
ENSG00000286284,0
ENSG00000276809,0
ENSG00000226977,0
ENSG00000271437,0
ENSG00000287018,0
ENSG00000185974,0
ENSG00000276740,0
ENSG00000139797,0
ENSG00000204398,0
ENSG00000286906,0
ENSG00000229938,8
ENSG00000152193,1528
ENSG00000215881,0
ENSG00000236242,0
ENSG00000269189,0
ENSG00000261446,0
ENSG00000275216,0
ENSG00000227590,0
ENSG00000269599,0
ENSG00000230156,0
ENSG00000260385,2
ENSG00000227848,4
ENSG00000227247,0
ENSG00000235879,0
ENSG00000271492,0
ENSG00000224351,0
ENSG00000179399,2
ENSG00000276269,0
ENSG00000223383,0
ENSG00000285643,0
ENSG00000270444,0
ENSG00000270496,0
ENSG00000122042,3942
ENSG00000236520,0
ENSG00000185989,1101
ENSG00000278177,3
ENSG00000228241,0
ENSG00000231428,0
ENSG00000226037,0
ENSG00000183098,3034
ENSG00000236258,0
ENSG00000232252,0
ENSG00000102539,0
ENSG00000278630,0
ENSG00000122025,0
ENSG00000134884,2254
ENSG00000152767,4838
ENSG00000283130,0
ENSG00000280169,0
ENSG00000179813,2
ENSG00000286820,0
ENSG00000235784,0
ENSG00000224394,0
ENSG00000233532,76
ENSG00000233211,0
ENSG00000280455,0
ENSG00000232636,0
ENSG00000279231,0
ENSG00000288552,0
ENSG00000279730,0
ENSG00000276183,0
ENSG00000263978,0
ENSG00000207500,0
ENSG00000207051,0
ENSG00000201242,0
ENSG00000242360,0
ENSG00000252247,0
ENSG00000252499,0
ENSG00000252695,0
ENSG00000278172,0
ENSG00000252928,0
ENSG00000275788,0
ENSG00000199196,0
ENSG00000252397,0
ENSG00000199276,0
ENSG00000252795,0
ENSG00000202395,0
ENSG00000212553,0
ENSG00000264171,0
ENSG00000200526,0
ENSG00000207458,0
ENSG00000252812,0
ENSG00000276319,0
ENSG00000200709,0
ENSG00000244521,0
ENSG00000201662,0
ENSG00000199788,0
ENSG00000274357,0
ENSG00000241613,0
ENSG00000264387,0
ENSG00000201665,0
ENSG00000275071,0
ENSG00000202422,0
ENSG00000222733,0
ENSG00000266663,0
ENSG00000239003,0
ENSG00000206854,0
ENSG00000265745,0
ENSG00000238500,0
ENSG00000212377,0
ENSG00000243671,0
ENSG00000206922,0
ENSG00000278113,0
ENSG00000199282,0
ENSG00000251715,0
ENSG00000206697,0
ENSG00000201253,0
ENSG00000200267,0
ENSG00000199381,0
ENSG00000207495,0
ENSG00000243274,0
ENSG00000252496,0
ENSG00000202398,0
ENSG00000202433,0
ENSG00000206800,0
ENSG00000222486,0
ENSG00000200686,0
ENSG00000206812,0
ENSG00000266052,0
ENSG00000222791,0
ENSG00000200733,0
ENSG00000252508,0
ENSG00000263741,0
ENSG00000212559,0
ENSG00000274168,0
ENSG00000200211,0
ENSG00000223298,0
ENSG00000284536,0
ENSG00000251753,0
ENSG00000283815,0
ENSG00000284204,0
ENSG00000283762,0
ENSG00000284375,0
ENSG00000283705,0
ENSG00000252335,0
ENSG00000242614,0
ENSG00000283487,0
ENSG00000252696,0
ENSG00000222129,0
ENSG00000283783,0
ENSG00000222969,0
ENSG00000263399,0
ENSG00000243366,0
ENSG00000252550,0
ENSG00000201161,0
ENSG00000201847,0
ENSG00000265885,0
ENSG00000221650,0
ENSG00000222682,0
ENSG00000276765,0
ENSG00000200072,0
ENSG00000237175,0
ENSG00000226118,0
ENSG00000287357,0
ENSG00000232187,10
ENSG00000225777,0
ENSG00000253094,0
ENSG00000237952,0
ENSG00000226507,0
ENSG00000231650,0
ENSG00000230535,0
ENSG00000234685,5
ENSG00000283075,0
ENSG00000233440,0
ENSG00000207157,0
ENSG00000229483,0
ENSG00000252952,0
ENSG00000235205,0
ENSG00000236803,0
ENSG00000232163,0
ENSG00000229558,0
ENSG00000232977,38
ENSG00000227893,0
ENSG00000136156,14890
ENSG00000238086,0
ENSG00000177197,2
ENSG00000277684,0
ENSG00000277233,0
ENSG00000287599,1
ENSG00000274929,4
ENSG00000233456,0
ENSG00000204977,4551
ENSG00000264864,0
ENSG00000198553,10
ENSG00000277913,0
ENSG00000277066,0
ENSG00000208006,0
ENSG00000283785,0
ENSG00000274878,0
ENSG00000273612,0
ENSG00000277752,0
ENSG00000275559,0
ENSG00000276089,0
ENSG00000214359,0
ENSG00000273541,0
ENSG00000274270,8
ENSG00000232150,10
ENSG00000223676,0
ENSG00000286191,0
ENSG00000200711,0
ENSG00000233672,6
ENSG00000136104,255
ENSG00000123201,8
ENSG00000222920,0
ENSG00000176124,270
ENSG00000214878,0
ENSG00000274652,0
ENSG00000271242,0
ENSG00000266072,0
ENSG00000150510,240
ENSG00000205863,0
ENSG00000287530,0
ENSG00000228741,8
ENSG00000225674,12
ENSG00000205861,0
ENSG00000189167,0
ENSG00000215515,0
ENSG00000139597,32
ENSG00000270008,0
ENSG00000229800,0
ENSG00000215486,0
ENSG00000271337,0
ENSG00000120693,1088
ENSG00000236711,0
ENSG00000228825,0
ENSG00000232378,0
ENSG00000226161,0
ENSG00000180138,6
ENSG00000281106,0
ENSG00000232872,4
ENSG00000279677,2
ENSG00000133111,370
ENSG00000133107,35
ENSG00000122035,30
ENSG00000240767,0
ENSG00000252854,0
ENSG00000251106,0
ENSG00000287863,0
ENSG00000261097,0
ENSG00000223336,0
ENSG00000252385,0
ENSG00000241353,0
ENSG00000227019,0
ENSG00000277228,0
ENSG00000205105,0
ENSG00000230243,0
ENSG00000080618,0
ENSG00000136167,22
ENSG00000215475,4
ENSG00000231817,0
ENSG00000229599,0
ENSG00000102452,316
ENSG00000261057,0
ENSG00000276957,4
ENSG00000175820,6
ENSG00000286312,0
ENSG00000151287,270
ENSG00000270181,0
ENSG00000134897,646
ENSG00000272542,0
ENSG00000278445,0
ENSG00000233695,0
ENSG00000183087,162
ENSG00000272695,12
ENSG00000237699,0
ENSG00000226921,0
ENSG00000229373,0
ENSG00000274766,0
ENSG00000260910,10
ENSG00000136159,2402
ENSG00000276968,4
ENSG00000136146,1848
ENSG00000229111,0
ENSG00000224510,0
ENSG00000225131,4
ENSG00000139687,8034
ENSG00000102683,0
ENSG00000139746,3240
ENSG00000125266,10106
ENSG00000102780,777
ENSG00000134874,3105
ENSG00000136143,2686
ENSG00000225203,0
ENSG00000118939,57
ENSG00000261553,0
ENSG00000261105,0
ENSG00000228444,0
ENSG00000230902,0
ENSG00000201793,0
ENSG00000218502,0
ENSG00000169508,0
ENSG00000270381,0
ENSG00000253051,0
ENSG00000199477,0
ENSG00000273149,0
ENSG00000228886,2
ENSG00000214455,0
ENSG00000251015,0
ENSG00000139826,2184
ENSG00000277246,0
ENSG00000223177,0
ENSG00000283384,0
ENSG00000232087,0
ENSG00000278462,0
ENSG00000139684,5197
ENSG00000102468,466
ENSG00000224517,0
ENSG00000223815,0
ENSG00000202151,0
ENSG00000227336,0
ENSG00000238213,0
ENSG00000277549,0
ENSG00000223076,0
ENSG00000236608,0
ENSG00000279657,0
ENSG00000083544,1245
ENSG00000207203,0
ENSG00000133104,4885
ENSG00000120664,4
ENSG00000232314,0
ENSG00000230223,0
ENSG00000102572,3230
ENSG00000136161,1994
ENSG00000178235,176
ENSG00000132965,0
ENSG00000032742,957
ENSG00000102445,10
ENSG00000125247,3332
ENSG00000133106,2
ENSG00000127863,7342
ENSG00000224821,0
ENSG00000232814,0
ENSG00000139832,16
ENSG00000275880,9
ENSG00000134905,1039
ENSG00000153487,1578
ENSG00000264226,0
ENSG00000244264,0
ENSG00000165572,5190
ENSG00000215482,18
ENSG00000120696,1869
ENSG00000225133,0
ENSG00000120662,280
ENSG00000277662,0
ENSG00000231404,0
ENSG00000172766,1132
ENSG00000223280,0
ENSG00000214222,34
ENSG00000205240,0
ENSG00000234655,0
ENSG00000215480,0
ENSG00000102760,8
ENSG00000288600,0
ENSG00000288598,0
ENSG00000102763,1182
ENSG00000284584,0
ENSG00000241406,0
ENSG00000206962,0
ENSG00000229696,0
ENSG00000278338,2
ENSG00000226093,0
ENSG00000231530,13
ENSG00000237263,2
ENSG00000233124,4
ENSG00000286334,2
ENSG00000202290,0
ENSG00000286416,26
ENSG00000125249,12667
ENSG00000276573,2
ENSG00000276704,4
ENSG00000271625,0
ENSG00000139679,122
ENSG00000213995,1352
ENSG00000237672,0
ENSG00000279951,4
ENSG00000236076,0
ENSG00000121743,44
ENSG00000226633,0
ENSG00000260131,0
ENSG00000165474,66
ENSG00000279065,0
ENSG00000121742,0
ENSG00000121741,10132
ENSG00000238286,0
ENSG00000222726,0
ENSG00000278291,18
ENSG00000279135,2
ENSG00000150456,0
ENSG00000233524,0
ENSG00000275485,0
ENSG00000236704,0
ENSG00000233780,0
ENSG00000234363,0
ENSG00000213621,46
ENSG00000150457,622
ENSG00000233851,0
ENSG00000201821,0
ENSG00000180172,0
ENSG00000225585,0
ENSG00000275689,0
ENSG00000151849,423
ENSG00000273628,0
ENSG00000251299,0
ENSG00000232858,0
ENSG00000234152,10
ENSG00000199767,0
ENSG00000180803,0
ENSG00000242381,0
ENSG00000223158,0
ENSG00000180730,260
ENSG00000231983,0
ENSG00000278305,0
ENSG00000277319,0
ENSG00000133105,0
ENSG00000287904,0
ENSG00000073910,313
ENSG00000229715,0
ENSG00000279314,4
ENSG00000278732,0
ENSG00000237637,0
ENSG00000083642,4894
ENSG00000207325,0
ENSG00000277151,38
ENSG00000226968,0
ENSG00000273886,0
ENSG00000261728,0
ENSG00000232795,0
ENSG00000234835,0
ENSG00000287650,0
ENSG00000236036,0
ENSG00000288330,0
ENSG00000276436,3
ENSG00000222148,0
ENSG00000181358,0
ENSG00000200064,0
ENSG00000123178,522
ENSG00000286929,0
ENSG00000232307,0
ENSG00000275968,0
ENSG00000275502,0
ENSG00000253797,0
ENSG00000273523,14
ENSG00000136098,281
ENSG00000285160,0
ENSG00000102786,2653
ENSG00000236778,52
ENSG00000224892,10
ENSG00000243900,0
ENSG00000229906,0
ENSG00000266611,0
ENSG00000252141,0
ENSG00000206920,0
ENSG00000242893,0
ENSG00000224451,0
ENSG00000122033,740
ENSG00000185352,8
ENSG00000123171,0
ENSG00000125245,16
ENSG00000132938,6
ENSG00000102524,32
ENSG00000233963,0
ENSG00000234706,0
ENSG00000127870,1851
ENSG00000271559,0
ENSG00000227882,0
ENSG00000132932,62
ENSG00000151835,12014
ENSG00000229152,109
ENSG00000277767,0
ENSG00000227105,0
ENSG00000225870,0
ENSG00000286824,0
ENSG00000235875,22
ENSG00000233644,0
ENSG00000227352,0
ENSG00000285856,6
ENSG00000274614,0
ENSG00000153495,0
ENSG00000285444,0
ENSG00000178695,2216
ENSG00000278727,0
ENSG00000118903,0
ENSG00000102794,0
ENSG00000233873,0
ENSG00000228002,0
ENSG00000102805,357
ENSG00000283208,1
ENSG00000005812,2696
ENSG00000236051,0
ENSG00000274898,0
ENSG00000229521,0
ENSG00000288716,0
ENSG00000285714,0
ENSG00000277159,186
ENSG00000197595,0
ENSG00000232684,0
ENSG00000277545,0
ENSG00000267868,8
ENSG00000235280,30
ENSG00000269356,0
ENSG00000269376,0
ENSG00000253309,0
ENSG00000122026,36938
ENSG00000139780,0
ENSG00000134899,59
ENSG00000125255,0
ENSG00000172458,301
ENSG00000134864,36
ENSG00000165300,522
ENSG00000068650,8236
ENSG00000152207,0
ENSG00000165621,26
ENSG00000188243,2266
ENSG00000136114,142
ENSG00000199605,0
ENSG00000136100,2660
ENSG00000136108,10685
ENSG00000235660,2
ENSG00000280296,0
ENSG00000273784,0
ENSG00000165416,4437
ENSG00000139675,0
ENSG00000182346,0
ENSG00000201245,0
ENSG00000288581,0
ENSG00000288060,0
ENSG00000043355,1023
ENSG00000260738,0
ENSG00000225999,0
ENSG00000236554,0
ENSG00000228501,6
ENSG00000270632,0
ENSG00000139800,699
ENSG00000139517,1478
ENSG00000273552,0
ENSG00000226703,0
ENSG00000169840,6
ENSG00000247381,0
ENSG00000207330,0
ENSG00000139515,0
ENSG00000186184,3597
ENSG00000174405,1460
ENSG00000280734,30
ENSG00000203441,4
ENSG00000234168,0
ENSG00000234239,0
ENSG00000287746,0
ENSG00000263615,0
ENSG00000227659,0
ENSG00000234303,0
ENSG00000125246,83
ENSG00000198542,0
ENSG00000102710,1661
ENSG00000102595,1265
ENSG00000226792,0
ENSG00000172915,1834
ENSG00000136169,557
ENSG00000236577,0
ENSG00000136147,12
ENSG00000136144,3264
ENSG00000252128,0
ENSG00000165480,1341
ENSG00000173141,1190
ENSG00000271250,0
ENSG00000233405,0
ENSG00000215571,0
ENSG00000235076,0
ENSG00000222747,0
ENSG00000236953,0
ENSG00000226908,0
ENSG00000165487,3256
ENSG00000230022,0
ENSG00000207518,0
ENSG00000226525,42
ENSG00000102678,56
ENSG00000244197,0
ENSG00000226722,0
ENSG00000235438,2
ENSG00000120697,2027
ENSG00000120699,1589
ENSG00000229928,0
ENSG00000276569,0
ENSG00000120658,229
ENSG00000232540,0
ENSG00000238189,0
ENSG00000233821,0
ENSG00000287842,0
ENSG00000287029,0
ENSG00000270522,0
ENSG00000151773,2
ENSG00000274001,0
ENSG00000179630,18
ENSG00000280060,0
ENSG00000179611,0
ENSG00000277942,0
ENSG00000232662,0
ENSG00000185896,9577
ENSG00000139835,34
ENSG00000276434,0
ENSG00000225083,0
ENSG00000150401,704
ENSG00000233613,0
ENSG00000202347,0
ENSG00000150403,2752
ENSG00000276916,0
ENSG00000276248,34
ENSG00000198176,5598
ENSG00000153531,45
ENSG00000123200,5786
ENSG00000281026,8
ENSG00000197168,116
ENSG00000132953,4285
ENSG00000276476,0
ENSG00000289302,0
ENSG00000225039,0
ENSG00000289454,0
ENSG00000262198,269
ENSG00000238121,6
ENSG00000289594,38
ENSG00000288768,0
ENSG00000122043,0
ENSG00000230490,11
ENSG00000289235,2
ENSG00000233610,0
ENSG00000289125,0
ENSG00000289381,0
ENSG00000288743,24
ENSG00000229520,55
ENSG00000289204,0
ENSG00000289617,0
ENSG00000288765,25
ENSG00000005810,1777
ENSG00000289688,0
ENSG00000260509,0
ENSG00000215349,0
ENSG00000236834,0
ENSG00000224976,6
ENSG00000231184,0
ENSG00000229791,0
ENSG00000237164,0
ENSG00000223625,0
ENSG00000232894,0
ENSG00000215572,0
ENSG00000225316,0
ENSG00000238132,2
ENSG00000196199,1386
ENSG00000226352,0
ENSG00000121390,3656
ENSG00000275014,0
ENSG00000233469,0
ENSG00000139668,1557
ENSG00000102796,0
ENSG00000236044,2
ENSG00000231061,0
ENSG00000285764,0
ENSG00000197991,0
ENSG00000279797,0
ENSG00000234033,0
ENSG00000270856,0
ENSG00000229578,0
ENSG00000230142,0
ENSG00000227611,0
ENSG00000229307,0
ENSG00000232105,0
ENSG00000276586,0
ENSG00000271465,0
ENSG00000286469,0
ENSG00000228669,0
ENSG00000273550,0
ENSG00000227564,0
ENSG00000287996,0
ENSG00000202478,0
ENSG00000213232,0
ENSG00000287128,0
ENSG00000227674,0
ENSG00000237849,0
ENSG00000214269,0
ENSG00000214266,0
ENSG00000236565,57
ENSG00000234767,0
ENSG00000286395,0
ENSG00000263581,0
ENSG00000263561,0
ENSG00000235737,0
ENSG00000237378,0
ENSG00000136153,62
ENSG00000178734,0
ENSG00000223458,0
ENSG00000261206,0
ENSG00000224933,0
ENSG00000132958,3
ENSG00000235472,10
ENSG00000273964,0
ENSG00000289569,0
ENSG00000139508,104
ENSG00000202237,0
ENSG00000233588,6
ENSG00000277227,0
ENSG00000236339,0
ENSG00000132963,6272
ENSG00000120659,0
ENSG00000134900,2979
ENSG00000123191,633
ENSG00000253710,663
ENSG00000217576,0
ENSG00000285323,0
ENSG00000139496,5491
ENSG00000244754,2867
ENSG00000240654,2
ENSG00000173988,0
ENSG00000285566,0
ENSG00000280165,3
ENSG00000150459,6167
ENSG00000255874,12
ENSG00000286757,0
ENSG00000226519,0
ENSG00000235903,196
ENSG00000231856,6
ENSG00000212293,0
ENSG00000139618,874
ENSG00000285806,0
ENSG00000231417,0
ENSG00000287887,0
ENSG00000226695,0
ENSG00000075673,0
ENSG00000207474,0
ENSG00000225404,0
ENSG00000132972,0
ENSG00000102606,3378
ENSG00000132964,2074
ENSG00000278413,0
ENSG00000285929,0
ENSG00000234031,0
ENSG00000232487,0
ENSG00000283361,2
ENSG00000283347,0
ENSG00000130177,2612
ENSG00000264539,0
ENSG00000265450,3
ENSG00000285672,1
ENSG00000169062,2060
ENSG00000226158,0
ENSG00000198824,3922
ENSG00000229723,5
ENSG00000260615,2
ENSG00000224429,9
ENSG00000289814,0
ENSG00000215483,8
ENSG00000289827,0
ENSG00000226903,0
ENSG00000238230,164
ENSG00000272274,6
ENSG00000227640,912
ENSG00000223685,3
ENSG00000224743,0
ENSG00000275964,34
ENSG00000289852,0
ENSG00000275830,26
ENSG00000247400,380
ENSG00000237361,8
ENSG00000231473,4
ENSG00000234377,5
ENSG00000228824,6
ENSG00000235366,0
ENSG00000228889,62
ENSG00000289860,0
ENSG00000289217,0
ENSG00000286286,0
ENSG00000289861,0
ENSG00000273507,29
ENSG00000289332,0
ENSG00000289475,0
ENSG00000288767,0
ENSG00000289878,0
ENSG00000289887,0
ENSG00000262619,6
ENSG00000274605,182
ENSG00000288016,41
ENSG00000289894,0
ENSG00000277368,0
ENSG00000227258,2
ENSG00000289900,0
ENSG00000289901,22
ENSG00000236094,0
ENSG00000289904,0
ENSG00000278390,23
ENSG00000232132,0
ENSG00000227676,0
ENSG00000285902,0
ENSG00000102471,4562
ENSG00000229918,0
ENSG00000275919,0
ENSG00000231981,0
ENSG00000207298,0
ENSG00000260992,8
ENSG00000230871,0
ENSG00000234005,0
ENSG00000088387,274
ENSG00000235137,0
ENSG00000234267,0
ENSG00000272329,0
ENSG00000222472,0
ENSG00000120694,12722
ENSG00000187676,1730
ENSG00000229427,0
ENSG00000290234,0
ENSG00000289010,0
ENSG00000180776,5630
ENSG00000228295,0
ENSG00000280348,0
ENSG00000279463,2
ENSG00000235532,0
ENSG00000206617,0
ENSG00000289644,0
ENSG00000118922,5607
ENSG00000139793,2002
ENSG00000274922,0
ENSG00000289354,0
ENSG00000057593,0
ENSG00000126218,0
ENSG00000231882,0
ENSG00000230371,0
ENSG00000283828,44
ENSG00000126231,3
ENSG00000269125,0
ENSG00000126226,1277
ENSG00000139842,5996
ENSG00000186009,7
ENSG00000126217,881
ENSG00000186047,0
ENSG00000231607,271
ENSG00000268486,0
ENSG00000290438,0
ENSG00000205822,0
ENSG00000290443,0
ENSG00000239827,0
ENSG00000290464,27
ENSG00000290476,16
ENSG00000272281,0
ENSG00000290490,0
ENSG00000196593,0
ENSG00000290660,0
ENSG00000285576,0
ENSG00000290704,0
ENSG00000275989,0
ENSG00000290807,0
ENSG00000225760,0
ENSG00000290808,0
ENSG00000244471,0
ENSG00000250299,5
ENSG00000289133,0
ENSG00000290911,20
ENSG00000250878,0
ENSG00000274052,0
ENSG00000290963,0
ENSG00000219926,0
ENSG00000290964,0
ENSG00000243406,0
ENSG00000291010,13
ENSG00000253771,0
ENSG00000291041,6
ENSG00000233325,0
ENSG00000291046,120
ENSG00000227922,0
ENSG00000285746,0
ENSG00000266325,0
ENSG00000225579,0
ENSG00000136160,33412
ENSG00000233379,0
ENSG00000243035,0
ENSG00000236133,0
ENSG00000139737,3641
ENSG00000227604,0
ENSG00000133116,2
ENSG00000133121,362
ENSG00000230300,0
ENSG00000236581,10
ENSG00000287274,0
ENSG00000227911,0
ENSG00000285621,0
ENSG00000277386,0
ENSG00000234535,0
ENSG00000176882,0
ENSG00000123179,2053
ENSG00000271564,0
ENSG00000278238,30
ENSG00000290855,0
ENSG00000291255,0
ENSG00000290856,0
ENSG00000273723,22
ENSG00000136110,8
ENSG00000211579,0
ENSG00000150276,0
ENSG00000136099,3724
ENSG00000233905,0
ENSG00000229788,0
ENSG00000235876,0
ENSG00000231914,0
ENSG00000226361,0
ENSG00000228797,6
ENSG00000230931,0
ENSG00000204718,0
ENSG00000227784,0
ENSG00000244155,0
ENSG00000227568,0
ENSG00000225016,0
ENSG00000206192,0
ENSG00000242756,0
ENSG00000223024,0
ENSG00000206787,0
ENSG00000235500,0
ENSG00000226250,0
ENSG00000231358,0
ENSG00000226057,0
ENSG00000291256,0
ENSG00000290620,0
ENSG00000232685,0
ENSG00000229375,0
ENSG00000187721,0
ENSG00000226619,0
ENSG00000287861,0
ENSG00000252287,0
ENSG00000224778,0
ENSG00000234894,0
ENSG00000229147,0
ENSG00000278337,0
ENSG00000198033,0
ENSG00000290437,0
ENSG00000121388,0
ENSG00000227879,12
ENSG00000237636,0
ENSG00000276644,257
ENSG00000236534,6
ENSG00000237816,0
ENSG00000233460,0
ENSG00000232881,0
ENSG00000152213,0
ENSG00000102466,12
ENSG00000276012,0
ENSG00000201155,0
ENSG00000215399,0
ENSG00000265164,0
ENSG00000229975,0
ENSG00000201690,0
ENSG00000264482,0
ENSG00000236860,0
ENSG00000243319,0
ENSG00000279702,0
ENSG00000234445,0
ENSG00000272143,116
ENSG00000290918,0
ENSG00000134901,796
ENSG00000271026,0
ENSG00000235115,0
ENSG00000261485,28
ENSG00000152520,1979
ENSG00000232587,0
ENSG00000200840,0
ENSG00000102755,0
ENSG00000279393,0
ENSG00000083635,1223
ENSG00000223732,0
ENSG00000133114,1040
ENSG00000265802,0
ENSG00000223341,0
ENSG00000188342,3298
ENSG00000271818,0
ENSG00000277358,0
ENSG00000180332,76
ENSG00000133112,58068
ENSG00000170919,225
ENSG00000174032,2158
ENSG00000229303,0
ENSG00000151846,0
ENSG00000289006,0
ENSG00000279695,0
ENSG00000165566,3215
ENSG00000238169,62
ENSG00000234056,6
ENSG00000279550,0
ENSG00000225105,0
ENSG00000235315,0
ENSG00000139505,4852
ENSG00000207719,0
ENSG00000228808,0
ENSG00000290577,0
ENSG00000238241,0
ENSG00000285448,0
ENSG00000125304,12690
ENSG00000120669,0
ENSG00000250709,0
ENSG00000242715,19
ENSG00000133083,10285
ENSG00000261517,0
ENSG00000271652,0
ENSG00000283126,0
ENSG00000234787,28
ENSG00000229456,0
ENSG00000211491,0
ENSG00000102738,711
ENSG00000277794,0
ENSG00000102743,1472
ENSG00000207652,0
ENSG00000168852,0
ENSG00000176268,0
ENSG00000287837,14
ENSG00000180660,51
ENSG00000257356,0
ENSG00000257721,0
ENSG00000257825,0
ENSG00000257635,0
ENSG00000257731,0
ENSG00000257558,0
ENSG00000258367,0
ENSG00000257959,0
ENSG00000257224,0
ENSG00000258076,0
ENSG00000239200,0
ENSG00000244306,0
ENSG00000211825,12
ENSG00000211821,2
ENSG00000257175,0
ENSG00000249446,0
ENSG00000257171,0
ENSG00000223997,0
ENSG00000211836,0
ENSG00000211840,0
ENSG00000211828,0
ENSG00000228985,0
ENSG00000139910,4305
ENSG00000211841,0
ENSG00000211832,0
ENSG00000256221,0
ENSG00000258364,0
ENSG00000211831,0
ENSG00000211829,93
ENSG00000211833,0
ENSG00000211826,2
ENSG00000259135,0
ENSG00000258655,234
ENSG00000257185,0
ENSG00000211842,0
ENSG00000211827,0
ENSG00000257636,0
ENSG00000211835,0
ENSG00000259086,2
ENSG00000286527,0
ENSG00000257155,0
ENSG00000257845,0
ENSG00000250365,8
ENSG00000151413,698
ENSG00000257672,0
ENSG00000258894,0
ENSG00000237235,0
ENSG00000258487,0
ENSG00000129515,5448
ENSG00000286099,0
ENSG00000211837,0
ENSG00000258828,0
ENSG00000211844,0
ENSG00000258509,0
ENSG00000259157,0
ENSG00000258401,0
ENSG00000211838,0
ENSG00000250688,0
ENSG00000258619,0
ENSG00000258381,0
ENSG00000258901,0
ENSG00000258548,394
ENSG00000288100,0
ENSG00000258196,0
ENSG00000257472,0
ENSG00000271424,4
ENSG00000287492,0
ENSG00000258233,0
ENSG00000258850,0
ENSG00000087301,2042
ENSG00000256590,0
ENSG00000259042,31
ENSG00000259129,146
ENSG00000168229,0
ENSG00000258098,0
ENSG00000258387,0
ENSG00000251363,97
ENSG00000258969,0
ENSG00000258948,0
ENSG00000189139,0
ENSG00000258868,2
ENSG00000258474,0
ENSG00000258636,90
ENSG00000073712,6772
ENSG00000129480,648
ENSG00000100519,5308
ENSG00000258803,0
ENSG00000258955,6
ENSG00000248366,0
ENSG00000257179,6
ENSG00000270359,0
ENSG00000223593,8
ENSG00000258932,0
ENSG00000258782,0
ENSG00000226132,0
ENSG00000258747,0
ENSG00000285608,0
ENSG00000259072,0
ENSG00000258563,0
ENSG00000259046,0
ENSG00000258592,0
ENSG00000258996,0
ENSG00000271468,0
ENSG00000287156,8
ENSG00000211834,0
ENSG00000258445,16
ENSG00000258556,0
ENSG00000257842,4
ENSG00000259117,0
ENSG00000259169,8
ENSG00000213598,18
ENSG00000258854,0
ENSG00000258670,0
ENSG00000258943,47
ENSG00000180998,1210
ENSG00000231922,0
ENSG00000126773,7293
ENSG00000257612,0
ENSG00000258700,0
ENSG00000241354,0
ENSG00000259111,0
ENSG00000126778,380
ENSG00000262119,8
ENSG00000258638,0
ENSG00000287481,0
ENSG00000258505,0
ENSG00000258386,0
ENSG00000258758,0
ENSG00000259049,0
ENSG00000154001,7786
ENSG00000244756,0
ENSG00000271075,0
ENSG00000235269,0
ENSG00000258847,14
ENSG00000258751,0
ENSG00000258731,0
ENSG00000198252,4189
ENSG00000286730,0
ENSG00000232774,8
ENSG00000224004,0
ENSG00000126790,344
ENSG00000258980,0
ENSG00000258694,0
ENSG00000258535,0
ENSG00000179008,0
ENSG00000242135,0
ENSG00000258502,6
ENSG00000184302,0
ENSG00000258796,0
ENSG00000259047,0
ENSG00000100625,927
ENSG00000247287,0
ENSG00000258583,2
ENSG00000258692,0
ENSG00000100614,5139
ENSG00000239323,0
ENSG00000151838,0
ENSG00000258896,0
ENSG00000100612,2765
ENSG00000100731,5242
ENSG00000179600,0
ENSG00000258877,0
ENSG00000258734,0
ENSG00000258952,0
ENSG00000020426,990
ENSG00000267909,262
ENSG00000250548,0
ENSG00000287833,2
ENSG00000179476,167
ENSG00000258760,0
ENSG00000119599,182
ENSG00000050130,5324
ENSG00000286423,0
ENSG00000126785,3028
ENSG00000258926,0
ENSG00000180008,8106
ENSG00000140015,10
ENSG00000225680,2
ENSG00000258490,0
ENSG00000100647,2603
ENSG00000287310,14
ENSG00000258989,0
ENSG00000258995,0
ENSG00000258764,0
ENSG00000258685,0
ENSG00000277651,0
ENSG00000258930,0
ENSG00000214759,0
ENSG00000259136,0
ENSG00000258571,0
ENSG00000258769,0
ENSG00000258427,18
ENSG00000258406,0
ENSG00000254718,0
ENSG00000258878,0
ENSG00000279423,0
ENSG00000258629,0
ENSG00000259146,39
ENSG00000259124,0
ENSG00000258613,14
ENSG00000259093,6
ENSG00000276116,0
ENSG00000237450,0
ENSG00000244237,0
ENSG00000259055,0
ENSG00000258561,8
ENSG00000259907,0
ENSG00000129521,190
ENSG00000269945,0
ENSG00000203546,0
ENSG00000258750,0
ENSG00000258958,0
ENSG00000269927,0
ENSG00000270000,0
ENSG00000273797,0
ENSG00000258683,0
ENSG00000257986,8
ENSG00000165389,5294
ENSG00000258639,0
ENSG00000259008,0
ENSG00000258426,0
ENSG00000259079,0
ENSG00000170345,846
ENSG00000260046,0
ENSG00000258836,0
ENSG00000258966,0
ENSG00000259051,6
ENSG00000241891,0
ENSG00000175985,6
ENSG00000224861,290
ENSG00000119681,1667
ENSG00000266869,0
ENSG00000285633,0
ENSG00000165898,684
ENSG00000140044,80
ENSG00000042317,828
ENSG00000257585,12
ENSG00000271423,0
ENSG00000198718,730
ENSG00000258935,0
ENSG00000053770,5701
ENSG00000180662,10
ENSG00000258740,0
ENSG00000165548,176
ENSG00000151812,4
ENSG00000286595,0
ENSG00000258600,0
ENSG00000258580,0
ENSG00000259719,2
ENSG00000258622,0
ENSG00000258804,0
ENSG00000125378,169
ENSG00000258859,0
ENSG00000285826,0
ENSG00000258960,0
ENSG00000261208,0
ENSG00000259077,0
ENSG00000259078,0
ENSG00000285612,0
ENSG00000242571,20
ENSG00000259005,1
ENSG00000258849,0
ENSG00000258998,192
ENSG00000258392,0
ENSG00000258746,0
ENSG00000258845,0
ENSG00000258501,0
ENSG00000259019,0
ENSG00000257900,0
ENSG00000259100,0
ENSG00000258549,0
ENSG00000211839,0
ENSG00000258928,0
ENSG00000279521,0
ENSG00000242417,0
ENSG00000258536,0
ENSG00000286464,0
ENSG00000100650,5992
ENSG00000259151,0
ENSG00000286479,0
ENSG00000258558,0
ENSG00000033170,2354
ENSG00000259000,0
ENSG00000240463,8
ENSG00000230997,0
ENSG00000258856,0
ENSG00000287663,0
ENSG00000259061,0
ENSG00000259044,0
ENSG00000197930,2709
ENSG00000119660,0
ENSG00000258550,0
ENSG00000259032,0
ENSG00000243023,0
ENSG00000259137,4
ENSG00000257503,0
ENSG00000139977,3312
ENSG00000286123,2
ENSG00000176435,0
ENSG00000286355,0
ENSG00000182732,447
ENSG00000258757,0
ENSG00000070778,1333
ENSG00000286257,6
ENSG00000183379,0
ENSG00000258985,0
ENSG00000258496,0
ENSG00000100523,1998
ENSG00000214943,0
ENSG00000259045,2
ENSG00000139921,10341
ENSG00000242952,6
ENSG00000259002,0
ENSG00000258791,0
ENSG00000257504,0
ENSG00000259012,0
ENSG00000258841,0
ENSG00000258616,0
ENSG00000198894,2376
ENSG00000259969,441
ENSG00000255002,0
ENSG00000259149,0
ENSG00000258820,1
ENSG00000258934,0
ENSG00000259007,0
ENSG00000277801,0
ENSG00000258633,0
ENSG00000244053,0
ENSG00000213315,6
ENSG00000259126,13
ENSG00000087302,7297
ENSG00000197176,0
ENSG00000259148,0
ENSG00000258920,14
ENSG00000275198,2
ENSG00000258949,0
ENSG00000151320,2850
ENSG00000258752,0
ENSG00000258532,0
ENSG00000139874,0
ENSG00000258788,0
ENSG00000287990,0
ENSG00000258762,0
ENSG00000259035,0
ENSG00000257644,0
ENSG00000100629,430
ENSG00000243388,0
ENSG00000258275,0
ENSG00000258913,0
ENSG00000139971,3255
ENSG00000258798,0
ENSG00000258875,0
ENSG00000258749,0
ENSG00000070367,16344
ENSG00000258506,0
ENSG00000258729,0
ENSG00000258608,8
ENSG00000258792,0
ENSG00000258519,0
ENSG00000214903,0
ENSG00000258766,0
ENSG00000119720,460
ENSG00000258394,0
ENSG00000258424,6
ENSG00000205476,572
ENSG00000248550,161
ENSG00000080823,152
ENSG00000213231,0
ENSG00000196663,694
ENSG00000258390,0
ENSG00000100764,4196
ENSG00000258380,0
ENSG00000258497,0
ENSG00000125384,0
ENSG00000237356,36
ENSG00000286582,0
ENSG00000259036,0
ENSG00000259028,0
ENSG00000258912,0
ENSG00000257976,0
ENSG00000259164,0
ENSG00000258923,0
ENSG00000287501,0
ENSG00000260810,0
ENSG00000270038,0
ENSG00000258572,0
ENSG00000259050,0
ENSG00000259039,0
ENSG00000259084,0
ENSG00000271712,0
ENSG00000287437,0
ENSG00000259053,0
ENSG00000258811,0
ENSG00000240051,0
ENSG00000066739,1936
ENSG00000283948,0
ENSG00000211949,0
ENSG00000100784,672
ENSG00000254045,0
ENSG00000258446,0
ENSG00000211956,0
ENSG00000258770,0
ENSG00000258698,0
ENSG00000258927,0
ENSG00000182512,2862
ENSG00000140057,28
ENSG00000233208,0
ENSG00000088808,148
ENSG00000254174,0
ENSG00000066455,1304
ENSG00000070269,1225
ENSG00000258994,0
ENSG00000054983,706
ENSG00000253491,0
ENSG00000253458,0
ENSG00000259789,0
ENSG00000100739,0
ENSG00000253755,0
ENSG00000211958,0
ENSG00000253957,0
ENSG00000258379,0
ENSG00000258593,0
ENSG00000170779,821
ENSG00000253359,0
ENSG00000258807,0
ENSG00000211952,0
ENSG00000253325,0
ENSG00000254215,0
ENSG00000211947,0
ENSG00000253482,0
ENSG00000282639,0
ENSG00000258793,0
ENSG00000283607,0
ENSG00000254046,0
ENSG00000259059,0
ENSG00000211957,0
ENSG00000259096,0
ENSG00000211943,0
ENSG00000213140,0
ENSG00000254326,0
ENSG00000259163,0
ENSG00000253240,0
ENSG00000259067,0
ENSG00000253441,0
ENSG00000100600,1802
ENSG00000258735,0
ENSG00000090061,773
ENSG00000140104,282
ENSG00000183576,1849
ENSG00000253709,0
ENSG00000258437,0
ENSG00000211946,0
ENSG00000258784,0
ENSG00000258678,0
ENSG00000258534,0
ENSG00000253440,0
ENSG00000258544,0
ENSG00000185567,649
ENSG00000100865,1046
ENSG00000253367,0
ENSG00000211950,0
ENSG00000211955,0
ENSG00000165914,802
ENSG00000253989,0
ENSG00000258385,0
ENSG00000177350,2
ENSG00000270550,0
ENSG00000258598,8
ENSG00000258802,0
ENSG00000119714,4
ENSG00000258716,0
ENSG00000258699,0
ENSG00000211895,0
ENSG00000258423,0
ENSG00000273894,0
ENSG00000282651,0
ENSG00000258691,0
ENSG00000258869,0
ENSG00000152315,3
ENSG00000254289,0
ENSG00000254203,0
ENSG00000258776,112
ENSG00000211951,0
ENSG00000279972,0
ENSG00000042088,1330
ENSG00000253412,0
ENSG00000211945,0
ENSG00000238275,0
ENSG00000258081,5
ENSG00000253883,0
ENSG00000286607,0
ENSG00000231475,0
ENSG00000165496,0
ENSG00000276210,0
ENSG00000131966,3274
ENSG00000258412,0
ENSG00000270474,0
ENSG00000100744,2600
ENSG00000253692,0
ENSG00000259073,0
ENSG00000211942,0
ENSG00000271201,0
ENSG00000253587,0
ENSG00000258718,0
ENSG00000253345,0
ENSG00000253462,0
ENSG00000287346,0
ENSG00000126777,4913
ENSG00000211944,0
ENSG00000285518,0
ENSG00000140025,188
ENSG00000288459,0
ENSG00000100599,56
ENSG00000211941,0
ENSG00000253149,0
ENSG00000211843,0
ENSG00000258981,0
ENSG00000100522,2150
ENSG00000258440,0
ENSG00000285664,8
ENSG00000283274,0
ENSG00000206906,0
ENSG00000206596,0
ENSG00000278746,0
ENSG00000202337,6
ENSG00000212270,0
ENSG00000223087,0
ENSG00000263945,0
ENSG00000251858,0
ENSG00000207412,0
ENSG00000265165,0
ENSG00000264657,0
ENSG00000253003,0
ENSG00000251735,0
ENSG00000251756,0
ENSG00000201654,0
ENSG00000207004,0
ENSG00000275978,0
ENSG00000266431,0
ENSG00000201376,0
ENSG00000201820,0
ENSG00000266740,0
ENSG00000243700,0
ENSG00000252837,0
ENSG00000263629,0
ENSG00000222985,0
ENSG00000207366,0
ENSG00000207444,0
ENSG00000242330,0
ENSG00000206588,0
ENSG00000199739,0
ENSG00000276782,0
ENSG00000200860,0
ENSG00000201351,0
ENSG00000283519,0
ENSG00000207781,0
ENSG00000251895,0
ENSG00000238561,0
ENSG00000283944,0
ENSG00000252644,0
ENSG00000221102,0
ENSG00000201027,0
ENSG00000252655,0
ENSG00000200312,0
ENSG00000252481,0
ENSG00000200298,0
ENSG00000241757,0
ENSG00000222761,0
ENSG00000222276,0
ENSG00000272439,0
ENSG00000252369,0
ENSG00000275033,0
ENSG00000277468,0
ENSG00000211845,0
ENSG00000211846,0
ENSG00000211847,0
ENSG00000211848,0
ENSG00000211849,0
ENSG00000211850,0
ENSG00000278661,0
ENSG00000276699,0
ENSG00000211854,0
ENSG00000211855,0
ENSG00000211856,0
ENSG00000211857,0
ENSG00000211858,0
ENSG00000211859,0
ENSG00000211860,0
ENSG00000211861,0
ENSG00000211862,0
ENSG00000211863,0
ENSG00000211864,0
ENSG00000211865,0
ENSG00000211866,0
ENSG00000211867,0
ENSG00000211868,0
ENSG00000211869,0
ENSG00000211870,0
ENSG00000211871,0
ENSG00000211872,0
ENSG00000211873,0
ENSG00000211875,0
ENSG00000211876,0
ENSG00000211877,0
ENSG00000211878,0
ENSG00000211879,0
ENSG00000211880,0
ENSG00000211881,0
ENSG00000211882,0
ENSG00000211883,0
ENSG00000211884,0
ENSG00000211885,0
ENSG00000211886,0
ENSG00000211887,0
ENSG00000211888,0
ENSG00000277734,19
ENSG00000259054,0
ENSG00000129562,4458
ENSG00000275552,0
ENSG00000242061,0
ENSG00000258458,16
ENSG00000235213,0
ENSG00000258823,0
ENSG00000212302,0
ENSG00000155463,3479
ENSG00000199716,0
ENSG00000197324,2388
ENSG00000139890,14
ENSG00000100461,2951
ENSG00000237054,0
ENSG00000100462,1670
ENSG00000259132,0
ENSG00000129474,1039
ENSG00000258457,31
ENSG00000100802,188
ENSG00000280129,8
ENSG00000100804,6077
ENSG00000279656,15
ENSG00000222028,0
ENSG00000179933,2081
ENSG00000283654,0
ENSG00000240131,0
ENSG00000235194,268
ENSG00000100842,288
ENSG00000259018,0
ENSG00000166091,0
ENSG00000092054,368
ENSG00000258444,0
ENSG00000157306,12
ENSG00000273618,0
ENSG00000259431,385
ENSG00000213983,34
ENSG00000258727,1
ENSG00000274002,0
ENSG00000258464,0
ENSG00000259043,0
ENSG00000270618,0
ENSG00000222931,0
ENSG00000258887,0
ENSG00000285727,0
ENSG00000259334,0
ENSG00000157326,265
ENSG00000211851,0
ENSG00000212335,0
ENSG00000100721,0
ENSG00000257275,0
ENSG00000258516,0
ENSG00000271358,0
ENSG00000258742,0
ENSG00000258499,0
ENSG00000100604,250
ENSG00000100605,1456
ENSG00000258730,0
ENSG00000258595,0
ENSG00000165943,2630
ENSG00000153485,349
ENSG00000259066,0
ENSG00000170270,921
ENSG00000012963,3098
ENSG00000240096,0
ENSG00000241499,0
ENSG00000258668,0
ENSG00000100601,670
ENSG00000239272,0
ENSG00000258917,0
ENSG00000119705,1414
ENSG00000063761,200
ENSG00000199440,0
ENSG00000258795,0
ENSG00000176605,0
ENSG00000237342,0
ENSG00000278990,0
ENSG00000259119,0
ENSG00000259113,0
ENSG00000201573,0
ENSG00000273675,0
ENSG00000258577,0
ENSG00000151748,2026
ENSG00000243103,0
ENSG00000269906,27
ENSG00000258491,0
ENSG00000270062,13
ENSG00000258843,0
ENSG00000285747,0
ENSG00000252945,0
ENSG00000258687,0
ENSG00000100504,489
ENSG00000131969,1
ENSG00000258745,0
ENSG00000258711,24
ENSG00000258587,0
ENSG00000119689,4422
ENSG00000198208,97
ENSG00000119630,18
ENSG00000119718,1193
ENSG00000258646,0
ENSG00000279594,0
ENSG00000119684,620
ENSG00000206924,0
ENSG00000119640,256
ENSG00000119703,2
ENSG00000258978,0
ENSG00000259138,0
ENSG00000170348,35961
ENSG00000252013,0
ENSG00000287668,0
ENSG00000100665,0
ENSG00000188488,4
ENSG00000273259,0
ENSG00000288028,0
ENSG00000196136,0
ENSG00000259140,0
ENSG00000239269,8
ENSG00000285205,0
ENSG00000240914,34
ENSG00000274379,0
ENSG00000258805,2
ENSG00000100528,18367
ENSG00000258753,0
ENSG00000197045,21776
ENSG00000020577,1346
ENSG00000252019,0
ENSG00000265432,0
ENSG00000258872,0
ENSG00000198554,2267
ENSG00000233924,0
ENSG00000187105,2
ENSG00000139926,624
ENSG00000156411,3086
ENSG00000100867,34
ENSG00000119655,2167
ENSG00000100603,2760
ENSG00000179454,3410
ENSG00000166428,0
ENSG00000258899,0
ENSG00000176246,0
ENSG00000252999,0
ENSG00000258641,0
ENSG00000259074,0
ENSG00000259095,0
ENSG00000258468,0
ENSG00000284742,0
ENSG00000176219,0
ENSG00000258806,0
ENSG00000136319,1909
ENSG00000258768,62
ENSG00000258459,0
ENSG00000100814,5724
ENSG00000287735,0
ENSG00000222489,0
ENSG00000238344,0
ENSG00000259001,0
ENSG00000277209,0
ENSG00000254846,0
ENSG00000129566,254
ENSG00000200225,0
ENSG00000185271,0
ENSG00000092094,722
ENSG00000258515,0
ENSG00000100823,13359
ENSG00000258908,0
ENSG00000258456,0
ENSG00000258863,0
ENSG00000188655,0
ENSG00000259060,0
ENSG00000258573,0
ENSG00000239327,0
ENSG00000181803,0
ENSG00000199461,0
ENSG00000258818,0
ENSG00000259171,0
ENSG00000258451,0
ENSG00000259144,0
ENSG00000258963,0
ENSG00000181562,0
ENSG00000181552,0
ENSG00000169413,0
ENSG00000258810,0
ENSG00000129538,0
ENSG00000259130,0
ENSG00000258642,0
ENSG00000258918,0
ENSG00000258772,0
ENSG00000169385,0
ENSG00000243817,0
ENSG00000258599,0
ENSG00000258471,0
ENSG00000165794,0
ENSG00000284122,0
ENSG00000179636,0
ENSG00000258604,0
ENSG00000255472,0
ENSG00000206150,0
ENSG00000165799,0
ENSG00000173431,0
ENSG00000165801,1577
ENSG00000165804,1076
ENSG00000178107,0
ENSG00000258722,0
ENSG00000200102,0
ENSG00000169327,0
ENSG00000259102,0
ENSG00000258906,0
ENSG00000258441,2617
ENSG00000092201,15255
ENSG00000199436,4
ENSG00000214274,8
ENSG00000259428,0
ENSG00000243904,2
ENSG00000244691,0
ENSG00000260285,26
ENSG00000166166,249
ENSG00000252469,0
ENSG00000258851,4
ENSG00000256500,0
ENSG00000201184,0
ENSG00000246451,44
ENSG00000270108,16
ENSG00000269910,6
ENSG00000269940,18
ENSG00000269958,106
ENSG00000126215,176
ENSG00000253096,0
ENSG00000270591,0
ENSG00000202275,0
ENSG00000258175,2
ENSG00000257662,0
ENSG00000258282,0
ENSG00000257126,298
ENSG00000257056,37
ENSG00000257748,0
ENSG00000258065,0
ENSG00000207164,0
ENSG00000259103,0
ENSG00000242488,0
ENSG00000119699,858
ENSG00000258876,0
ENSG00000258578,0
ENSG00000213176,0
ENSG00000283071,0
ENSG00000288610,0
ENSG00000259717,0
ENSG00000185215,18
ENSG00000259374,0
ENSG00000259535,0
ENSG00000259525,0
ENSG00000251533,0
ENSG00000270705,0
ENSG00000278071,0
ENSG00000242837,0
ENSG00000270938,0
ENSG00000240624,0
ENSG00000259775,90
ENSG00000272533,0
ENSG00000258933,0
ENSG00000258866,0
ENSG00000264607,0
ENSG00000165959,90
ENSG00000259143,0
ENSG00000258615,0
ENSG00000287111,0
ENSG00000258630,0
ENSG00000213159,0
ENSG00000258986,166
ENSG00000259037,0
ENSG00000258736,0
ENSG00000260792,0
ENSG00000265291,0
ENSG00000258858,0
ENSG00000184990,627
ENSG00000258430,0
ENSG00000179627,66
ENSG00000258983,0
ENSG00000222990,0
ENSG00000258789,30
ENSG00000100722,2777
ENSG00000278576,68
ENSG00000274492,6
ENSG00000200653,0
ENSG00000207342,0
ENSG00000283627,0
ENSG00000258990,0
ENSG00000165533,1611
ENSG00000203485,376
ENSG00000131979,474
ENSG00000261242,10
ENSG00000205767,0
ENSG00000270878,7
ENSG00000258800,0
ENSG00000258645,2
ENSG00000202490,0
ENSG00000206822,0
ENSG00000207172,0
ENSG00000200693,0
ENSG00000258778,0
ENSG00000252749,0
ENSG00000258411,0
ENSG00000270912,0
ENSG00000202182,0
ENSG00000221537,0
ENSG00000214770,2
ENSG00000284664,0
ENSG00000271511,0
ENSG00000196273,0
ENSG00000258717,0
ENSG00000185559,198
ENSG00000214548,2360
ENSG00000266461,0
ENSG00000275161,0
ENSG00000274884,0
ENSG00000276919,0
ENSG00000258663,0
ENSG00000211574,0
ENSG00000207989,0
ENSG00000199151,0
ENSG00000283159,0
ENSG00000208001,0
ENSG00000207569,0
ENSG00000207608,0
ENSG00000272458,0
ENSG00000207942,0
ENSG00000225746,161
ENSG00000276225,0
ENSG00000275662,0
ENSG00000275134,0
ENSG00000199005,0
ENSG00000202191,0
ENSG00000212384,0
ENSG00000201700,16
ENSG00000201672,0
ENSG00000272474,0
ENSG00000200215,0
ENSG00000200632,0
ENSG00000200367,0
ENSG00000201950,0
ENSG00000199575,0
ENSG00000200823,0
ENSG00000201839,0
ENSG00000200832,0
ENSG00000199798,0
ENSG00000200150,0
ENSG00000201263,0
ENSG00000199390,0
ENSG00000201240,0
ENSG00000200279,0
ENSG00000200608,0
ENSG00000202270,0
ENSG00000201247,0
ENSG00000199593,0
ENSG00000201557,0
ENSG00000199914,0
ENSG00000201569,0
ENSG00000202142,0
ENSG00000199942,0
ENSG00000201500,0
ENSG00000201036,0
ENSG00000201710,0
ENSG00000202048,0
ENSG00000272344,0
ENSG00000202293,0
ENSG00000200406,0
ENSG00000201899,0
ENSG00000200612,0
ENSG00000200413,0
ENSG00000200636,0
ENSG00000200480,0
ENSG00000201689,0
ENSG00000201318,0
ENSG00000200089,0
ENSG00000222095,0
ENSG00000222185,0
ENSG00000199088,0
ENSG00000199109,0
ENSG00000207749,0
ENSG00000198982,0
ENSG00000221745,0
ENSG00000199069,0
ENSG00000211582,0
ENSG00000207761,0
ENSG00000207762,0
ENSG00000194717,0
ENSG00000221036,0
ENSG00000212040,0
ENSG00000207743,0
ENSG00000283279,0
ENSG00000283561,0
ENSG00000207934,0
ENSG00000283556,0
ENSG00000283588,0
ENSG00000215957,0
ENSG00000221525,0
ENSG00000221614,0
ENSG00000199020,0
ENSG00000207754,0
ENSG00000202560,0
ENSG00000216099,0
ENSG00000207587,0
ENSG00000207646,0
ENSG00000207742,0
ENSG00000283170,0
ENSG00000207993,0
ENSG00000276352,0
ENSG00000208027,0
ENSG00000208004,0
ENSG00000207978,0
ENSG00000207961,0
ENSG00000199015,0
ENSG00000216179,0
ENSG00000199107,0
ENSG00000199012,0
ENSG00000199025,0
ENSG00000199092,0
ENSG00000207959,1
ENSG00000259004,0
ENSG00000286551,0
ENSG00000277754,0
ENSG00000288252,0
ENSG00000288245,0
ENSG00000258681,0
ENSG00000287515,0
ENSG00000274827,0
ENSG00000278301,0
ENSG00000187537,0
ENSG00000276888,0
ENSG00000212516,0
ENSG00000257162,0
ENSG00000274649,0
ENSG00000257432,0
ENSG00000273558,0
ENSG00000258324,0
ENSG00000257493,0
ENSG00000257751,0
ENSG00000257846,0
ENSG00000259069,0
ENSG00000257884,0
ENSG00000257395,0
ENSG00000258080,0
ENSG00000257142,0
ENSG00000176294,0
ENSG00000258438,0
ENSG00000176312,0
ENSG00000258564,0
ENSG00000228304,0
ENSG00000258541,0
ENSG00000259016,0
ENSG00000285467,0
ENSG00000129535,13
ENSG00000100889,100
ENSG00000100897,2502
ENSG00000259371,0
ENSG00000092010,1591
ENSG00000100908,146
ENSG00000259321,31
ENSG00000100911,1270
ENSG00000283856,0
ENSG00000259529,0
ENSG00000199804,0
ENSG00000196497,0
ENSG00000259522,0
ENSG00000287765,0
ENSG00000100926,225
ENSG00000254692,0
ENSG00000276698,8
ENSG00000278784,81
ENSG00000139908,36
ENSG00000254505,4
ENSG00000260669,3
ENSG00000213920,0
ENSG00000255526,0
ENSG00000129559,1076
ENSG00000092295,0
ENSG00000286825,0
ENSG00000157379,211
ENSG00000196943,1516
ENSG00000213906,22
ENSG00000213903,41
ENSG00000258973,0
ENSG00000129465,0
ENSG00000283290,0
ENSG00000100968,722
ENSG00000273639,0
ENSG00000100888,3752
ENSG00000200785,0
ENSG00000241035,0
ENSG00000258870,0
ENSG00000274475,0
ENSG00000129472,3420
ENSG00000258481,0
ENSG00000201097,0
ENSG00000286630,0
ENSG00000140090,0
ENSG00000100567,5342
ENSG00000258682,2
ENSG00000180189,0
ENSG00000279636,0
ENSG00000252782,0
ENSG00000032219,1652
ENSG00000258658,0
ENSG00000196860,1
ENSG00000258378,4
ENSG00000100575,953
ENSG00000100578,1081
ENSG00000252198,0
ENSG00000258650,0
ENSG00000258900,0
ENSG00000239510,0
ENSG00000184601,0
ENSG00000197616,0
ENSG00000100711,343
ENSG00000165782,782
ENSG00000140153,1043
ENSG00000100592,1440
ENSG00000100557,4
ENSG00000171723,756
ENSG00000185100,136
ENSG00000165792,455
ENSG00000133937,0
ENSG00000256737,0
ENSG00000256081,0
ENSG00000273586,0
ENSG00000256385,0
ENSG00000255569,0
ENSG00000255582,0
ENSG00000256553,0
ENSG00000255664,0
ENSG00000256350,0
ENSG00000211776,0
ENSG00000248358,0
ENSG00000211777,0
ENSG00000211778,0
ENSG00000211779,0
ENSG00000240954,0
ENSG00000182652,0
ENSG00000129473,642
ENSG00000258452,0
ENSG00000165409,0
ENSG00000258915,0
ENSG00000271705,0
ENSG00000271656,0
ENSG00000259167,0
ENSG00000286686,0
ENSG00000165417,11991
ENSG00000221303,0
ENSG00000205579,22
ENSG00000270343,0
ENSG00000242163,0
ENSG00000258605,2
ENSG00000258675,0
ENSG00000254656,23
ENSG00000199755,0
ENSG00000134001,10053
ENSG00000100558,0
ENSG00000265993,0
ENSG00000156127,0
ENSG00000119686,6
ENSG00000242951,18
ENSG00000201096,0
ENSG00000280494,0
ENSG00000119685,1590
ENSG00000133935,3693
ENSG00000283629,0
ENSG00000089916,3517
ENSG00000258454,0
ENSG00000280078,0
ENSG00000258402,0
ENSG00000119650,1021
ENSG00000054690,243
ENSG00000100564,380
ENSG00000259502,0
ENSG00000259648,0
ENSG00000201529,0
ENSG00000081181,92
ENSG00000286861,0
ENSG00000100568,2649
ENSG00000258626,0
ENSG00000272253,0
ENSG00000258466,0
ENSG00000072042,6083
ENSG00000139988,0
ENSG00000241542,0
ENSG00000258618,0
ENSG00000271697,0
ENSG00000239820,0
ENSG00000258759,2
ENSG00000274666,0
ENSG00000226677,0
ENSG00000279434,12
ENSG00000283098,8
ENSG00000238540,0
ENSG00000257520,0
ENSG00000229415,0
ENSG00000253563,0
ENSG00000258467,0
ENSG00000243730,0
ENSG00000136327,0
ENSG00000201395,0
ENSG00000258661,0
ENSG00000198807,0
ENSG00000258988,0
ENSG00000072415,3205
ENSG00000286319,0
ENSG00000100554,6182
ENSG00000100883,3626
ENSG00000211959,0
ENSG00000253467,0
ENSG00000228757,0
ENSG00000253294,0
ENSG00000278473,0
ENSG00000228966,0
ENSG00000254228,0
ENSG00000232216,0
ENSG00000283195,0
ENSG00000283562,0
ENSG00000283464,0
ENSG00000270816,0
ENSG00000253465,0
ENSG00000253895,0
ENSG00000211961,0
ENSG00000211962,0
ENSG00000253808,0
ENSG00000229092,0
ENSG00000253862,0
ENSG00000211964,0
ENSG00000211965,0
ENSG00000253386,0
ENSG00000253241,0
ENSG00000211966,0
ENSG00000253941,0
ENSG00000253545,0
ENSG00000211967,0
ENSG00000253714,0
ENSG00000275475,0
ENSG00000254395,0
ENSG00000253131,0
ENSG00000253759,0
ENSG00000211968,0
ENSG00000224373,0
ENSG00000253742,0
ENSG00000254167,0
ENSG00000119638,322
ENSG00000279140,13
ENSG00000258701,6
ENSG00000239365,0
ENSG00000196183,8
ENSG00000075413,2923
ENSG00000205978,1360
ENSG00000139899,30
ENSG00000100441,440
ENSG00000092009,0
ENSG00000258657,0
ENSG00000100450,0
ENSG00000100448,0
ENSG00000258421,0
ENSG00000021645,818
ENSG00000199454,0
ENSG00000239438,0
ENSG00000258723,0
ENSG00000258719,0
ENSG00000258874,0
ENSG00000258478,0
ENSG00000258829,4
ENSG00000258419,0
ENSG00000258662,0
ENSG00000259106,0
ENSG00000287118,0
ENSG00000258637,0
ENSG00000258416,0
ENSG00000287913,0
ENSG00000207089,0
ENSG00000270975,2
ENSG00000258565,0
ENSG00000258967,0
ENSG00000258531,0
ENSG00000259062,0
ENSG00000242293,0
ENSG00000139990,3289
ENSG00000259165,0
ENSG00000206768,0
ENSG00000276063,0
ENSG00000278587,0
ENSG00000258350,0
ENSG00000092140,4350
ENSG00000258648,0
ENSG00000243855,0
ENSG00000092108,2138
ENSG00000280281,0
ENSG00000140093,0
ENSG00000170099,0
ENSG00000197249,0
ENSG00000256357,0
ENSG00000186910,0
ENSG00000170054,0
ENSG00000165953,0
ENSG00000129484,1200
ENSG00000133943,1014
ENSG00000129467,0
ENSG00000227051,4040
ENSG00000119715,2
ENSG00000168398,0
ENSG00000053254,2273
ENSG00000157227,4282
ENSG00000252800,0
ENSG00000258962,0
ENSG00000275154,0
ENSG00000260711,0
ENSG00000165929,0
ENSG00000100815,1703
ENSG00000259020,2
ENSG00000183648,743
ENSG00000165934,8113
ENSG00000092203,2949
ENSG00000165819,942
ENSG00000165821,4120
ENSG00000257096,0
ENSG00000201358,0
ENSG00000251792,0
ENSG00000100483,330
ENSG00000100485,3440
ENSG00000087299,936
ENSG00000264712,0
ENSG00000259071,0
ENSG00000258857,5
ENSG00000100490,196
ENSG00000092200,37
ENSG00000272444,2
ENSG00000259013,0
ENSG00000133983,491
ENSG00000258644,0
ENSG00000222640,0
ENSG00000213463,2619
ENSG00000139985,16
ENSG00000257759,0
ENSG00000252263,0
ENSG00000134007,2
ENSG00000274397,0
ENSG00000133997,949
ENSG00000259115,0
ENSG00000258951,0
ENSG00000245466,0
ENSG00000240837,0
ENSG00000133985,2171
ENSG00000275630,2
ENSG00000287153,0
ENSG00000287777,0
ENSG00000258897,0
ENSG00000223299,0
ENSG00000287350,0
ENSG00000258979,0
ENSG00000287772,0
ENSG00000280070,0
ENSG00000288034,0
ENSG00000259026,0
ENSG00000258393,0
ENSG00000006432,1275
ENSG00000258680,0
ENSG00000270713,0
ENSG00000199285,0
ENSG00000100934,8027
ENSG00000259121,0
ENSG00000258651,0
ENSG00000258591,2
ENSG00000182400,467
ENSG00000285830,0
ENSG00000241984,0
ENSG00000259083,2
ENSG00000100941,5988
ENSG00000258671,0
ENSG00000270503,8
ENSG00000258940,8
ENSG00000258425,0
ENSG00000258976,3
ENSG00000119682,3832
ENSG00000258439,4
ENSG00000222604,0
ENSG00000119616,2355
ENSG00000119596,6347
ENSG00000168175,10541
ENSG00000131981,661
ENSG00000126787,4202
ENSG00000258050,0
ENSG00000279392,2
ENSG00000271180,0
ENSG00000258413,0
ENSG00000178974,956
ENSG00000239686,0
ENSG00000278818,0
ENSG00000258469,0
ENSG00000258455,0
ENSG00000126775,643
ENSG00000259318,0
ENSG00000213641,0
ENSG00000271484,0
ENSG00000200742,0
ENSG00000072121,947
ENSG00000258837,0
ENSG00000244677,0
ENSG00000243546,0
ENSG00000240210,0
ENSG00000258477,0
ENSG00000287385,0
ENSG00000258623,5
ENSG00000242941,0
ENSG00000287167,0
ENSG00000260806,51
ENSG00000259110,0
ENSG00000258860,0
ENSG00000240023,0
ENSG00000259022,2
ENSG00000259017,44
ENSG00000259105,0
ENSG00000258783,0
ENSG00000168348,336
ENSG00000253059,0
ENSG00000257957,0
ENSG00000258938,4
ENSG00000258300,0
ENSG00000100916,1426
ENSG00000257272,0
ENSG00000257307,0
ENSG00000257614,0
ENSG00000257720,0
ENSG00000257826,0
ENSG00000022976,131
ENSG00000100949,477
ENSG00000100796,3839
ENSG00000140009,33
ENSG00000092036,198
ENSG00000139914,2
ENSG00000165762,0
ENSG00000165379,44
ENSG00000176299,0
ENSG00000169484,0
ENSG00000255804,0
ENSG00000176253,0
ENSG00000155249,0
ENSG00000169208,0
ENSG00000197734,1
ENSG00000258027,0
ENSG00000278184,0
ENSG00000174373,3323
ENSG00000012983,2528
ENSG00000197102,23446
ENSG00000100813,4262
ENSG00000252497,0
ENSG00000125954,0
ENSG00000139998,554
ENSG00000257365,160
ENSG00000272158,0
ENSG00000125952,2579
ENSG00000266531,0
ENSG00000259118,0
ENSG00000172590,858
ENSG00000196553,0
ENSG00000177108,754
ENSG00000269883,4
ENSG00000258552,0
ENSG00000201384,0
ENSG00000221754,0
ENSG00000100577,828
ENSG00000100580,2483
ENSG00000258510,0
ENSG00000183828,100
ENSG00000258500,0
ENSG00000253075,0
ENSG00000259031,0
ENSG00000258576,0
ENSG00000197358,16
ENSG00000240179,0
ENSG00000258038,0
ENSG00000257523,0
ENSG00000258028,0
ENSG00000252065,0
ENSG00000257522,60
ENSG00000258107,0
ENSG00000286040,0
ENSG00000212518,0
ENSG00000257120,0
ENSG00000252686,0
ENSG00000287142,0
ENSG00000259116,0
ENSG00000259160,0
ENSG00000165807,88
ENSG00000259076,0
ENSG00000259010,2
ENSG00000126822,230
ENSG00000070182,0
ENSG00000284269,0
ENSG00000009830,1838
ENSG00000184394,0
ENSG00000142208,3496
ENSG00000221977,0
ENSG00000207952,0
ENSG00000184887,690
ENSG00000176198,0
ENSG00000198513,1040
ENSG00000240513,0
ENSG00000213867,0
ENSG00000100473,55
ENSG00000258525,4
ENSG00000196792,2364
ENSG00000258886,0
ENSG00000258968,0
ENSG00000258640,0
ENSG00000207440,0
ENSG00000202402,0
ENSG00000257831,0
ENSG00000199291,0
ENSG00000072110,7453
ENSG00000100478,344
ENSG00000258814,0
ENSG00000259107,0
ENSG00000185070,522
ENSG00000286333,0
ENSG00000273830,0
ENSG00000258871,0
ENSG00000285936,0
ENSG00000206751,0
ENSG00000176043,0
ENSG00000090060,13742
ENSG00000258289,3420
ENSG00000092208,830
ENSG00000205683,578
ENSG00000257115,0
ENSG00000196832,0
ENSG00000100836,338
ENSG00000276240,0
ENSG00000100445,179
ENSG00000165553,0
ENSG00000258453,0
ENSG00000139915,241
ENSG00000169397,0
ENSG00000211780,0
ENSG00000211781,0
ENSG00000211782,0
ENSG00000211783,0
ENSG00000211784,0
ENSG00000256474,0
ENSG00000211785,0
ENSG00000211786,0
ENSG00000211787,0
ENSG00000211788,0
ENSG00000211789,0
ENSG00000211790,0
ENSG00000256379,0
ENSG00000211791,0
ENSG00000211792,0
ENSG00000211793,0
ENSG00000258482,0
ENSG00000258557,0
ENSG00000211794,0
ENSG00000211795,0
ENSG00000211796,0
ENSG00000211797,0
ENSG00000211798,0
ENSG00000211799,0
ENSG00000258705,0
ENSG00000211800,0
ENSG00000211801,0
ENSG00000276428,0
ENSG00000211802,0
ENSG00000211803,0
ENSG00000211804,0
ENSG00000211805,0
ENSG00000211806,0
ENSG00000211807,0
ENSG00000211808,0
ENSG00000211809,0
ENSG00000258835,0
ENSG00000211810,0
ENSG00000259092,0
ENSG00000249048,0
ENSG00000258905,0
ENSG00000258812,2
ENSG00000211812,0
ENSG00000211813,0
ENSG00000211814,0
ENSG00000211815,0
ENSG00000259068,0
ENSG00000211816,0
ENSG00000211817,0
ENSG00000211818,0
ENSG00000211819,0
ENSG00000211820,0
ENSG00000211896,0
ENSG00000211897,0
ENSG00000270371,0
ENSG00000211898,0
ENSG00000211899,0
ENSG00000265612,0
ENSG00000264024,0
ENSG00000263413,0
ENSG00000264781,0
ENSG00000211900,0
ENSG00000237111,0
ENSG00000242472,0
ENSG00000240041,0
ENSG00000242887,0
ENSG00000237547,0
ENSG00000211904,0
ENSG00000211905,0
ENSG00000236597,0
ENSG00000227335,0
ENSG00000211907,0
ENSG00000225825,0
ENSG00000211909,0
ENSG00000227196,0
ENSG00000211911,0
ENSG00000211912,0
ENSG00000244620,0
ENSG00000237020,0
ENSG00000211914,0
ENSG00000211915,0
ENSG00000227800,0
ENSG00000211917,0
ENSG00000211918,0
ENSG00000227108,0
ENSG00000211920,0
ENSG00000211921,0
ENSG00000232543,0
ENSG00000211925,0
ENSG00000237197,0
ENSG00000228131,0
ENSG00000211928,0
ENSG00000233655,0
ENSG00000211930,0
ENSG00000211931,0
ENSG00000236170,0
ENSG00000211933,0
ENSG00000254279,0
ENSG00000225200,30
ENSG00000211934,0
ENSG00000253780,0
ENSG00000211935,0
ENSG00000276775,0
ENSG00000282122,0
ENSG00000211937,0
ENSG00000253387,0
ENSG00000254053,0
ENSG00000253763,0
ENSG00000211938,0
ENSG00000199480,0
ENSG00000254329,0
ENSG00000211970,0
ENSG00000253132,0
ENSG00000253747,0
ENSG00000253936,0
ENSG00000223648,0
ENSG00000253209,0
ENSG00000253169,0
ENSG00000211972,0
ENSG00000253274,0
ENSG00000223506,0
ENSG00000253820,0
ENSG00000254036,0
ENSG00000253635,0
ENSG00000254052,0
ENSG00000253703,0
ENSG00000211973,0
ENSG00000211974,0
ENSG00000282600,0
ENSG00000281990,0
ENSG00000283571,0
ENSG00000280411,0
ENSG00000274576,0
ENSG00000254056,0
ENSG00000225698,0
ENSG00000211976,0
ENSG00000224650,0
ENSG00000254134,0
ENSG00000254176,0
ENSG00000253247,0
ENSG00000253310,0
ENSG00000265929,0
ENSG00000211978,0
ENSG00000253674,0
ENSG00000275747,0
ENSG00000283906,0
ENSG00000211979,0
ENSG00000253303,0
ENSG00000176438,142
ENSG00000119608,10
ENSG00000197555,2890
ENSG00000126804,3148
ENSG00000100505,862
ENSG00000100644,16907
ENSG00000258964,0
ENSG00000023608,958
ENSG00000279633,0
ENSG00000258956,0
ENSG00000258842,0
ENSG00000258903,0
ENSG00000259142,0
ENSG00000270852,0
ENSG00000257869,0
ENSG00000100918,2220
ENSG00000100884,0
ENSG00000176473,343
ENSG00000258620,0
ENSG00000279593,0
ENSG00000258584,102
ENSG00000100628,0
ENSG00000258987,0
ENSG00000175699,0
ENSG00000089723,207
ENSG00000165948,557
ENSG00000119632,266
ENSG00000119698,42
ENSG00000126803,186
ENSG00000136352,2
ENSG00000258428,0
ENSG00000259133,0
ENSG00000242995,0
ENSG00000258703,0
ENSG00000243801,0
ENSG00000200818,0
ENSG00000165588,6756
ENSG00000183484,2
ENSG00000286636,0
ENSG00000280244,0
ENSG00000258154,0
ENSG00000287459,0
ENSG00000184916,27
ENSG00000273778,0
ENSG00000257622,0
ENSG00000179364,1494
ENSG00000279495,38
ENSG00000242085,0
ENSG00000226174,22
ENSG00000251602,23
ENSG00000182979,1768
ENSG00000257270,2
ENSG00000182809,3185
ENSG00000213145,0
ENSG00000257341,0
ENSG00000185347,113
ENSG00000184986,33
ENSG00000230157,0
ENSG00000234402,0
ENSG00000211890,0
ENSG00000211891,0
ENSG00000211892,0
ENSG00000274172,0
ENSG00000211893,0
ENSG00000277030,0
ENSG00000253364,0
ENSG00000183092,19
ENSG00000258566,0
ENSG00000258569,0
ENSG00000071246,1791
ENSG00000259081,4
ENSG00000258610,0
ENSG00000258301,0
ENSG00000013523,556
ENSG00000286437,0
ENSG00000241081,10
ENSG00000223174,0
ENSG00000259058,14
ENSG00000285966,8
ENSG00000266553,0
ENSG00000243225,0
ENSG00000119669,3069
ENSG00000273729,64
ENSG00000246548,2
ENSG00000258473,0
ENSG00000258819,2
ENSG00000287004,0
ENSG00000100565,0
ENSG00000166165,13652
ENSG00000256053,591
ENSG00000184304,608
ENSG00000257904,0
ENSG00000248975,0
ENSG00000240201,0
ENSG00000279032,0
ENSG00000125375,329
ENSG00000211448,16
ENSG00000139970,17610
ENSG00000100526,3044
ENSG00000100852,8320
ENSG00000165795,1291
ENSG00000100453,0
ENSG00000054654,7488
ENSG00000156414,0
ENSG00000099814,538
ENSG00000187630,238
ENSG00000185024,923
ENSG00000087303,42
ENSG00000136367,733
ENSG00000092051,494
ENSG00000015133,1304
ENSG00000100938,948
ENSG00000139880,397
ENSG00000151332,2282
ENSG00000066427,784
ENSG00000089737,9418
ENSG00000027075,6
ENSG00000092068,346
ENSG00000176153,0
ENSG00000198668,18849
ENSG00000129518,1918
ENSG00000092199,44592
ENSG00000176230,0
ENSG00000150527,779
ENSG00000136305,0
ENSG00000100439,1954
ENSG00000181619,135
ENSG00000186469,24505
ENSG00000165521,90
ENSG00000250366,70
ENSG00000156050,146
ENSG00000119723,161
ENSG00000187097,887
ENSG00000279461,0
ENSG00000119636,84
ENSG00000119711,2693
ENSG00000239910,0
ENSG00000258513,0
ENSG00000119614,22
ENSG00000119688,992
ENSG00000258559,15
ENSG00000133980,0
ENSG00000258737,0
ENSG00000177776,0
ENSG00000205659,1423
ENSG00000259155,0
ENSG00000258462,0
ENSG00000221114,0
ENSG00000197776,68
ENSG00000258400,0
ENSG00000165525,1501
ENSG00000277634,0
ENSG00000252474,0
ENSG00000278771,2
ENSG00000274012,0
ENSG00000278002,0
ENSG00000251929,0
ENSG00000274704,0
ENSG00000278038,0
ENSG00000270788,0
ENSG00000243038,0
ENSG00000165527,8464
ENSG00000241582,0
ENSG00000165410,6954
ENSG00000243824,13
ENSG00000198604,3241
ENSG00000251726,0
ENSG00000258738,171
ENSG00000258493,0
ENSG00000092020,1374
ENSG00000100890,199
ENSG00000258790,2
ENSG00000241052,0
ENSG00000259090,0
ENSG00000282625,0
ENSG00000282308,0
ENSG00000256243,0
ENSG00000240392,10
ENSG00000100902,154
ENSG00000288045,24
ENSG00000258503,0
ENSG00000258993,0
ENSG00000139973,50
ENSG00000289503,0
ENSG00000186369,16
ENSG00000169488,0
ENSG00000196383,0
ENSG00000151445,1265
ENSG00000100591,3174
ENSG00000212371,0
ENSG00000100593,14
ENSG00000100596,5462
ENSG00000240233,0
ENSG00000258957,2
ENSG00000258520,0
ENSG00000100626,1367
ENSG00000280073,0
ENSG00000100632,7187
ENSG00000029364,8681
ENSG00000286424,2
ENSG00000081177,210
ENSG00000140006,1813
ENSG00000198133,28
ENSG00000215277,1
ENSG00000071537,9682
ENSG00000258977,0
ENSG00000140022,2574
ENSG00000265768,0
ENSG00000165949,70
ENSG00000205436,0
ENSG00000129493,1996
ENSG00000283016,0
ENSG00000258443,0
ENSG00000258695,2
ENSG00000184227,0
ENSG00000258408,0
ENSG00000119673,2
ENSG00000258524,0
ENSG00000279026,0
ENSG00000177465,6
ENSG00000205669,0
ENSG00000258972,0
ENSG00000119661,2998
ENSG00000251907,0
ENSG00000258660,0
ENSG00000176903,13486
ENSG00000264741,0
ENSG00000258586,0
ENSG00000270576,4
ENSG00000140043,8
ENSG00000258653,0
ENSG00000223300,0
ENSG00000273711,0
ENSG00000119725,12
ENSG00000258891,6
ENSG00000270140,0
ENSG00000199472,0
ENSG00000100583,74
ENSG00000165555,22
ENSG00000168952,204
ENSG00000182185,123
ENSG00000165355,1119
ENSG00000289442,0
ENSG00000289436,4
ENSG00000258945,0
ENSG00000289290,0
ENSG00000289531,0
ENSG00000288797,0
ENSG00000289541,0
ENSG00000259319,14
ENSG00000273783,32
ENSG00000258511,0
ENSG00000289495,0
ENSG00000259038,0
ENSG00000258602,0
ENSG00000288762,20
ENSG00000289195,0
ENSG00000289523,18
ENSG00000288802,0
ENSG00000246223,22
ENSG00000289208,0
ENSG00000257621,788
ENSG00000092148,7596
ENSG00000166170,5932
ENSG00000126214,584
ENSG00000241494,30
ENSG00000289049,0
ENSG00000259088,54
ENSG00000207208,0
ENSG00000256705,0
ENSG00000259161,0
ENSG00000289482,0
ENSG00000258959,0
ENSG00000240457,0
ENSG00000080824,84796
ENSG00000078304,8791
ENSG00000258827,0
ENSG00000258708,50
ENSG00000252746,0
ENSG00000207046,0
ENSG00000259087,0
ENSG00000129514,0
ENSG00000011114,3869
ENSG00000278396,39
ENSG00000187581,16
ENSG00000202306,0
ENSG00000252720,0
ENSG00000277826,0
ENSG00000175785,0
ENSG00000140067,66
ENSG00000186615,81
ENSG00000239199,0
ENSG00000182521,0
ENSG00000133958,264
ENSG00000183032,42
ENSG00000258690,0
ENSG00000258601,0
ENSG00000266327,0
ENSG00000289687,0
ENSG00000156030,1352
ENSG00000288931,0
ENSG00000202229,0
ENSG00000252347,0
ENSG00000092096,2561
ENSG00000199157,0
ENSG00000215991,0
ENSG00000092067,0
ENSG00000200385,0
ENSG00000201431,0
ENSG00000259091,0
ENSG00000258696,0
ENSG00000259048,0
ENSG00000139865,0
ENSG00000278147,0
ENSG00000249163,0
ENSG00000185246,1107
ENSG00000212615,0
ENSG00000239043,0
ENSG00000100442,4240
ENSG00000129534,1358
ENSG00000187790,740
ENSG00000182545,5
ENSG00000258436,0
ENSG00000172717,0
ENSG00000289723,0
ENSG00000100532,1677
ENSG00000200506,0
ENSG00000247970,0
ENSG00000182218,11
ENSG00000036530,38
ENSG00000258672,0
ENSG00000066629,1584
ENSG00000199836,0
ENSG00000271198,0
ENSG00000242888,0
ENSG00000258693,0
ENSG00000258560,0
ENSG00000227729,0
ENSG00000242894,0
ENSG00000166183,0
ENSG00000207568,0
ENSG00000283165,0
ENSG00000066735,278
ENSG00000258748,0
ENSG00000258824,12
ENSG00000272909,0
ENSG00000089775,529
ENSG00000179841,174
ENSG00000100714,4781
ENSG00000100697,3396
ENSG00000258479,0
ENSG00000258893,0
ENSG00000252400,0
ENSG00000258942,0
ENSG00000258537,30
ENSG00000198805,1369
ENSG00000258431,0
ENSG00000274818,26
ENSG00000287643,0
ENSG00000259023,0
ENSG00000259082,0
ENSG00000259166,0
ENSG00000283857,0
ENSG00000258919,0
ENSG00000258404,0
ENSG00000259015,0
ENSG00000239544,0
ENSG00000165861,2235
ENSG00000241487,0
ENSG00000258813,12
ENSG00000119707,6358
ENSG00000258448,0
ENSG00000259109,0
ENSG00000100767,12
ENSG00000258376,0
ENSG00000252839,0
ENSG00000258944,0
ENSG00000133961,918
ENSG00000285006,0
ENSG00000284930,0
ENSG00000170468,410
ENSG00000100906,376
ENSG00000258777,75
ENSG00000288928,0
ENSG00000258667,5
ENSG00000151338,64
ENSG00000284118,0
ENSG00000288795,2
ENSG00000155465,181
ENSG00000213928,3
ENSG00000289757,0
ENSG00000232573,84
ENSG00000234648,52
ENSG00000287991,0
ENSG00000229402,0
ENSG00000127152,404
ENSG00000235785,0
ENSG00000258383,0
ENSG00000258399,0
ENSG00000223403,4
ENSG00000258744,162
ENSG00000092330,1153
ENSG00000092098,5
ENSG00000212330,0
ENSG00000156381,445
ENSG00000266015,0
ENSG00000259230,0
ENSG00000239224,0
ENSG00000089902,2551
ENSG00000230988,0
ENSG00000202459,0
ENSG00000259508,0
ENSG00000206969,0
ENSG00000166126,4
ENSG00000259515,1
ENSG00000289207,18
ENSG00000131323,1811
ENSG00000151322,2877
ENSG00000232070,8
ENSG00000259003,0
ENSG00000251002,401
ENSG00000258517,0
ENSG00000224721,0
ENSG00000205562,10
ENSG00000234911,6
ENSG00000252424,0
ENSG00000213741,5580
ENSG00000244270,0
ENSG00000276168,118
ENSG00000252919,0
ENSG00000165501,900
ENSG00000258568,2
ENSG00000278009,11
ENSG00000165502,4638
ENSG00000168282,51
ENSG00000258377,0
ENSG00000165506,1988
ENSG00000258450,0
ENSG00000100479,232
ENSG00000165516,2138
ENSG00000258498,0
ENSG00000080815,6688
ENSG00000258643,0
ENSG00000198752,3060
ENSG00000289840,0
ENSG00000251393,0
ENSG00000289844,7
ENSG00000136315,0
ENSG00000258342,10
ENSG00000282885,18
ENSG00000289862,0
ENSG00000273565,0
ENSG00000289424,0
ENSG00000289347,12
ENSG00000289903,0
ENSG00000271780,28
ENSG00000258884,0
ENSG00000289918,0
ENSG00000284959,0
ENSG00000259687,10
ENSG00000258902,0
ENSG00000289340,0
ENSG00000288779,0
ENSG00000289278,0
ENSG00000258460,0
ENSG00000230805,0
ENSG00000286931,2
ENSG00000257556,0
ENSG00000260830,4
ENSG00000214900,0
ENSG00000258649,0
ENSG00000285774,0
ENSG00000258743,18
ENSG00000259065,10
ENSG00000259097,0
ENSG00000187621,0
ENSG00000289979,4
ENSG00000288044,0
ENSG00000246084,0
ENSG00000257285,31
ENSG00000258526,26
ENSG00000259070,24
ENSG00000258733,4
ENSG00000235706,87
ENSG00000289137,0
ENSG00000247092,213
ENSG00000274015,8
ENSG00000215256,1033
ENSG00000289111,0
ENSG00000289180,0
ENSG00000258603,0
ENSG00000289598,0
ENSG00000288302,0
ENSG00000258892,0
ENSG00000258485,0
ENSG00000126814,2328
ENSG00000258656,0
ENSG00000206870,0
ENSG00000139974,797
ENSG00000182107,0
ENSG00000258704,22
ENSG00000151327,4374
ENSG00000129460,1230
ENSG00000252783,0
ENSG00000140030,0
ENSG00000258407,0
ENSG00000258826,0
ENSG00000258867,0
ENSG00000258975,0
ENSG00000259998,0
ENSG00000258538,0
ENSG00000100433,758
ENSG00000289973,0
ENSG00000277367,0
ENSG00000278143,0
ENSG00000257891,0
ENSG00000258265,0
ENSG00000222036,0
ENSG00000275563,0
ENSG00000212612,0
ENSG00000258314,0
ENSG00000274369,0
ENSG00000225210,0
ENSG00000286614,0
ENSG00000277128,0
ENSG00000277710,0
ENSG00000278594,0
ENSG00000196143,0
ENSG00000271632,0
ENSG00000277252,0
ENSG00000258781,0
ENSG00000285990,0
ENSG00000257310,0
ENSG00000277156,0
ENSG00000258689,0
ENSG00000259153,189
ENSG00000289968,0
ENSG00000265154,0
ENSG00000199082,0
ENSG00000258982,5
ENSG00000258904,0
ENSG00000283840,0
ENSG00000259052,0
ENSG00000197119,429
ENSG00000258504,0
ENSG00000198984,0
ENSG00000243976,0
ENSG00000140107,0
ENSG00000258666,0
ENSG00000140105,2674
ENSG00000258521,0
ENSG00000258581,0
ENSG00000258597,0
ENSG00000100811,5559
ENSG00000290292,819
ENSG00000259868,16
ENSG00000277763,11
ENSG00000259483,5
ENSG00000275569,0
ENSG00000139946,2088
ENSG00000100652,0
ENSG00000221060,0
ENSG00000198732,3545
ENSG00000242071,372
ENSG00000258422,0
ENSG00000274330,0
ENSG00000270610,0
ENSG00000235812,0
ENSG00000259033,0
ENSG00000100678,42
ENSG00000277529,0
ENSG00000290346,0
ENSG00000215398,0
ENSG00000290354,0
ENSG00000275002,0
ENSG00000290393,0
ENSG00000270433,0
ENSG00000187483,0
ENSG00000290676,0
ENSG00000258822,0
ENSG00000290702,0
ENSG00000258625,0
ENSG00000290703,0
ENSG00000188831,0
ENSG00000290759,0
ENSG00000259158,0
ENSG00000290783,0
ENSG00000271968,0
ENSG00000259162,0
ENSG00000225766,0
ENSG00000257853,0
ENSG00000291204,0
ENSG00000228294,0
ENSG00000291205,0
ENSG00000289583,0
ENSG00000185650,2504
ENSG00000289626,0
ENSG00000196405,2883
ENSG00000176290,0
ENSG00000176281,0
ENSG00000176165,7846
ENSG00000186960,3296
ENSG00000258512,0
ENSG00000126821,1494
ENSG00000290642,0
ENSG00000166090,0
ENSG00000278342,0
ENSG00000279286,0
ENSG00000133962,0
ENSG00000268295,0
ENSG00000258774,0
ENSG00000140092,112
ENSG00000289866,9
ENSG00000100503,3786
ENSG00000288855,0
ENSG00000261120,2
ENSG00000131951,113
ENSG00000258553,0
ENSG00000289098,0
ENSG00000258844,0
ENSG00000252312,0
ENSG00000259104,0
ENSG00000168350,0
ENSG00000289917,0
ENSG00000100664,10731
ENSG00000291313,0
ENSG00000291039,0
ENSG00000186648,72
ENSG00000288820,12
ENSG00000289536,0
ENSG00000226777,0
ENSG00000211923,0
ENSG00000211924,0
ENSG00000288730,0
ENSG00000290844,0
ENSG00000291038,0
ENSG00000173464,0
ENSG00000165617,1022
ENSG00000197406,2
ENSG00000258702,0
ENSG00000100749,2344
ENSG00000285584,0
ENSG00000259383,0
ENSG00000259769,4
ENSG00000259152,6
ENSG00000286884,0
ENSG00000214265,0
ENSG00000258771,0
ENSG00000271336,0
ENSG00000259698,3
ENSG00000278541,0
ENSG00000279445,0
ENSG00000270961,0
ENSG00000258712,1
ENSG00000258916,0
ENSG00000287922,0
ENSG00000259905,0
ENSG00000258721,0
ENSG00000285405,0
ENSG00000282599,0
ENSG00000270505,0
ENSG00000287482,0
ENSG00000223877,2
ENSG00000261426,0
ENSG00000260780,0
ENSG00000277505,0
ENSG00000284988,0
ENSG00000259168,0
ENSG00000206187,30
ENSG00000237161,4
ENSG00000277988,0
ENSG00000235731,0
ENSG00000257647,0
ENSG00000260739,0
ENSG00000259443,0
ENSG00000281179,0
ENSG00000259025,0
ENSG00000285472,0
ENSG00000287345,0
ENSG00000278552,0
ENSG00000287122,0
ENSG00000258767,0
ENSG00000260986,0
ENSG00000281113,0
ENSG00000280703,0
ENSG00000259324,0
ENSG00000278263,0
ENSG00000273976,0
ENSG00000259150,0
ENSG00000270824,0
ENSG00000258853,0
ENSG00000258707,0
ENSG00000259435,0
ENSG00000241061,64
ENSG00000283524,0
ENSG00000258710,24
ENSG00000258463,0
ENSG00000271288,0
ENSG00000258594,0
ENSG00000259490,0
ENSG00000258970,0
ENSG00000270685,1
ENSG00000215567,0
ENSG00000279735,0
ENSG00000286110,12
ENSG00000268531,2
ENSG00000258848,0
ENSG00000279595,0
ENSG00000282268,0
ENSG00000259089,0
ENSG00000284500,0
ENSG00000260959,0
ENSG00000258797,0
ENSG00000279639,0
ENSG00000274499,1
ENSG00000277322,0
ENSG00000258624,0
ENSG00000258420,0
ENSG00000242088,8
ENSG00000224078,23278
ENSG00000247765,0
ENSG00000281550,0
ENSG00000270451,0
ENSG00000258684,0
ENSG00000278621,0
ENSG00000280655,0
ENSG00000258997,0
ENSG00000188403,0
ENSG00000258654,0
ENSG00000259690,0
ENSG00000259269,0
ENSG00000259751,0
ENSG00000282520,0
ENSG00000228992,0
ENSG00000166140,139
ENSG00000278626,40
ENSG00000260551,0
ENSG00000274099,0
ENSG00000259011,0
ENSG00000181984,0
ENSG00000270185,0
ENSG00000259214,0
ENSG00000273786,8
ENSG00000259516,6
ENSG00000104081,536
ENSG00000198146,4617
ENSG00000259380,0
ENSG00000259239,0
ENSG00000259245,0
ENSG00000258706,0
ENSG00000137801,1394
ENSG00000021776,5424
ENSG00000279364,0
ENSG00000258585,0
ENSG00000159248,22
ENSG00000104044,30
ENSG00000287888,0
ENSG00000280709,0
ENSG00000285491,0
ENSG00000284788,0
ENSG00000258799,0
ENSG00000128829,2218
ENSG00000281087,2
ENSG00000259278,0
ENSG00000258415,0
ENSG00000284892,0
ENSG00000230031,0
ENSG00000259337,0
ENSG00000259731,0
ENSG00000259587,0
ENSG00000134146,526
ENSG00000244705,0
ENSG00000274347,0
ENSG00000258494,0
ENSG00000259409,0
ENSG00000188277,0
ENSG00000280881,0
ENSG00000259345,1
ENSG00000166068,8033
ENSG00000223628,0
ENSG00000259639,0
ENSG00000260648,0
ENSG00000224055,0
ENSG00000232394,0
ENSG00000248905,288
ENSG00000276107,0
ENSG00000258488,0
ENSG00000270831,0
ENSG00000259710,0
ENSG00000285934,0
ENSG00000282089,0
ENSG00000280118,0
ENSG00000259181,0
ENSG00000243122,0
ENSG00000285410,1440
ENSG00000150667,150
ENSG00000182256,54
ENSG00000259588,0
ENSG00000261048,2
ENSG00000259686,0
ENSG00000284834,0
ENSG00000259434,0
ENSG00000259730,0
ENSG00000259743,0
ENSG00000259671,0
ENSG00000259592,0
ENSG00000259390,0
ENSG00000258883,0
ENSG00000261771,0
ENSG00000259554,0
ENSG00000279958,0
ENSG00000259580,0
ENSG00000259584,0
ENSG00000259446,4
ENSG00000259188,0
ENSG00000259198,0
ENSG00000231409,12
ENSG00000225798,0
ENSG00000259688,0
ENSG00000166450,1157
ENSG00000276473,0
ENSG00000051180,758
ENSG00000245975,4
ENSG00000159251,2
ENSG00000185607,6
ENSG00000259397,8
ENSG00000258461,0
ENSG00000213862,20
ENSG00000285116,0
ENSG00000166734,6523
ENSG00000279537,0
ENSG00000283680,0
ENSG00000259388,16
ENSG00000259509,0
ENSG00000259674,0
ENSG00000185634,92
ENSG00000261069,0
ENSG00000279628,0
ENSG00000259369,0
ENSG00000259572,0
ENSG00000280396,0
ENSG00000259346,0
ENSG00000259255,0
ENSG00000138613,2612
ENSG00000171877,1679
ENSG00000285135,0
ENSG00000259336,0
ENSG00000137770,6890
ENSG00000270490,0
ENSG00000157456,3628
ENSG00000273855,0
ENSG00000240934,0
ENSG00000171989,0
ENSG00000275636,0
ENSG00000166200,9442
ENSG00000270690,0
ENSG00000245719,0
ENSG00000137834,65
ENSG00000284540,0
ENSG00000137776,1999
ENSG00000250130,0
ENSG00000138593,4682
ENSG00000103657,2049
ENSG00000259585,0
ENSG00000287020,0
ENSG00000287439,0
ENSG00000259393,0
ENSG00000280515,0
ENSG00000259477,0
ENSG00000188779,15
ENSG00000129028,731
ENSG00000259252,0
ENSG00000259309,0
ENSG00000259715,0
ENSG00000171956,0
ENSG00000277144,2
ENSG00000259411,0
ENSG00000258855,0
ENSG00000259558,0
ENSG00000259616,0
ENSG00000137880,0
ENSG00000074410,11107
ENSG00000259673,125
ENSG00000215296,0
ENSG00000259217,0
ENSG00000270964,68
ENSG00000157483,2296
ENSG00000259496,0
ENSG00000259335,0
ENSG00000259447,0
ENSG00000259470,0
ENSG00000259452,0
ENSG00000259288,0
ENSG00000260392,2
ENSG00000277152,0
ENSG00000166128,7436
ENSG00000259650,0
ENSG00000166233,5635
ENSG00000259232,0
ENSG00000137841,0
ENSG00000137809,40
ENSG00000074696,23313
ENSG00000261702,0
ENSG00000259307,0
ENSG00000183324,0
ENSG00000281183,0
ENSG00000259591,0
ENSG00000259410,0
ENSG00000259473,0
ENSG00000167139,0
ENSG00000260109,0
ENSG00000156642,3094
ENSG00000274297,0
ENSG00000178802,974
ENSG00000169018,10905
ENSG00000140464,741
ENSG00000103599,183
ENSG00000285805,34
ENSG00000259499,0
ENSG00000281264,0
ENSG00000259503,0
ENSG00000259223,6
ENSG00000235420,0
ENSG00000178741,3644
ENSG00000261632,0
ENSG00000259656,0
ENSG00000286770,0
ENSG00000128918,0
ENSG00000067141,10174
ENSG00000140382,2303
ENSG00000260892,0
ENSG00000259512,0
ENSG00000140505,0
ENSG00000140284,40
ENSG00000261813,0
ENSG00000259467,0
ENSG00000136381,9758
ENSG00000189227,111
ENSG00000138621,150
ENSG00000259440,0
ENSG00000287741,0
ENSG00000259624,0
ENSG00000260096,0
ENSG00000138622,156
ENSG00000259221,0
ENSG00000179151,1455
ENSG00000259595,0
ENSG00000137764,4919
ENSG00000259186,0
ENSG00000230183,0
ENSG00000203392,4
ENSG00000260689,0
ENSG00000274515,0
ENSG00000259771,0
ENSG00000260576,0
ENSG00000136378,986
ENSG00000259600,0
ENSG00000282100,0
ENSG00000176753,0
ENSG00000287543,2
ENSG00000041357,8788
ENSG00000259360,0
ENSG00000259691,0
ENSG00000276524,0
ENSG00000273958,0
ENSG00000213578,0
ENSG00000159289,0
ENSG00000140474,558
ENSG00000173546,1042
ENSG00000274719,0
ENSG00000259474,0
ENSG00000166035,0
ENSG00000067221,209
ENSG00000259545,0
ENSG00000260483,0
ENSG00000259353,0
ENSG00000081014,941
ENSG00000259459,6
ENSG00000285331,25
ENSG00000287596,0
ENSG00000104043,0
ENSG00000259293,0
ENSG00000129038,1303
ENSG00000259268,0
ENSG00000279033,0
ENSG00000103742,3040
ENSG00000242747,0
ENSG00000280639,0
ENSG00000277790,0
ENSG00000259362,2
ENSG00000259740,0
ENSG00000285253,0
ENSG00000259200,0
ENSG00000259528,0
ENSG00000140506,0
ENSG00000259593,0
ENSG00000138587,202
ENSG00000156958,464
ENSG00000080644,668
ENSG00000066933,1519
ENSG00000092529,12
ENSG00000259423,0
ENSG00000241640,0
ENSG00000277229,0
ENSG00000261606,0
ENSG00000259195,0
ENSG00000256061,71
ENSG00000279421,0
ENSG00000279409,0
ENSG00000259379,0
ENSG00000178761,418
ENSG00000260409,12
ENSG00000137824,1538
ENSG00000279373,0
ENSG00000278513,0
ENSG00000279694,0
ENSG00000276651,0
ENSG00000286457,0
ENSG00000259738,0
ENSG00000198794,1535
ENSG00000213527,0
ENSG00000259285,0
ENSG00000259692,0
ENSG00000259248,4
ENSG00000169684,406
ENSG00000259378,0
ENSG00000174498,296
ENSG00000259432,0
ENSG00000166426,4
ENSG00000259722,0
ENSG00000259476,0
ENSG00000137831,858
ENSG00000259413,0
ENSG00000259227,0
ENSG00000140497,1174
ENSG00000261136,8
ENSG00000169371,541
ENSG00000166415,216
ENSG00000259569,0
ENSG00000287408,0
ENSG00000259481,0
ENSG00000274128,0
ENSG00000259735,0
ENSG00000140386,451
ENSG00000259389,0
ENSG00000188266,28
ENSG00000259180,0
ENSG00000260206,0
ENSG00000104129,232
ENSG00000259543,0
ENSG00000258010,0
ENSG00000259651,0
ENSG00000140455,1856
ENSG00000259530,0
ENSG00000136379,1322
ENSG00000166557,1745
ENSG00000271236,0
ENSG00000259732,0
ENSG00000287508,0
ENSG00000271317,0
ENSG00000287391,0
ENSG00000225625,0
ENSG00000259482,0
ENSG00000271195,0
ENSG00000259361,0
ENSG00000275343,0
ENSG00000271983,0
ENSG00000103888,66
ENSG00000166073,359
ENSG00000117971,100
ENSG00000140557,3374
ENSG00000246863,0
ENSG00000103569,0
ENSG00000259420,18
ENSG00000169609,374
ENSG00000213307,0
ENSG00000259594,0
ENSG00000259544,0
ENSG00000279683,0
ENSG00000196547,885
ENSG00000259762,24
ENSG00000103942,698
ENSG00000245534,9
ENSG00000260351,1
ENSG00000073417,345
ENSG00000259575,0
ENSG00000259419,0
ENSG00000259532,0
ENSG00000258726,0
ENSG00000258954,0
ENSG00000259700,0
ENSG00000286897,1
ENSG00000260235,0
ENSG00000259560,0
ENSG00000259175,0
ENSG00000169330,48
ENSG00000274667,12
ENSG00000259665,0
ENSG00000258765,0
ENSG00000259229,0
ENSG00000181991,1095
ENSG00000259805,0
ENSG00000274281,0
ENSG00000166831,220
ENSG00000259170,10
ENSG00000259626,0
ENSG00000259609,0
ENSG00000261762,277
ENSG00000277135,0
ENSG00000258489,0
ENSG00000166173,606
ENSG00000258540,0
ENSG00000069667,237
ENSG00000261554,0
ENSG00000259284,0
ENSG00000140319,11937
ENSG00000287813,0
ENSG00000074603,3733
ENSG00000275016,0
ENSG00000287108,0
ENSG00000270986,0
ENSG00000255302,24511
ENSG00000273512,0
ENSG00000279192,0
ENSG00000156218,30
ENSG00000140287,106
ENSG00000259173,0
ENSG00000258925,2
ENSG00000259407,236
ENSG00000287321,0
ENSG00000140450,6534
ENSG00000258739,0
ENSG00000259416,0
ENSG00000259057,0
ENSG00000285663,0
ENSG00000258631,13
ENSG00000270017,0
ENSG00000270919,0
ENSG00000169612,410
ENSG00000273771,0
ENSG00000259744,0
ENSG00000259702,0
ENSG00000259250,28
ENSG00000259208,0
ENSG00000249487,44
ENSG00000272639,0
ENSG00000183655,1290
ENSG00000259666,0
ENSG00000259579,0
ENSG00000259763,0
ENSG00000176463,594
ENSG00000278022,0
ENSG00000181026,2706
ENSG00000260608,24
ENSG00000182625,0
ENSG00000259602,0
ENSG00000250825,0
ENSG00000259478,0
ENSG00000259724,0
ENSG00000261665,0
ENSG00000259495,164
ENSG00000185787,36551
ENSG00000173867,0
ENSG00000137845,10738
ENSG00000232386,0
ENSG00000277654,0
ENSG00000258754,48
ENSG00000140600,30
ENSG00000259376,0
ENSG00000259582,0
ENSG00000259754,4
ENSG00000275454,0
ENSG00000279588,0
ENSG00000278146,0
ENSG00000260674,0
ENSG00000259494,53
ENSG00000280291,0
ENSG00000259755,0
ENSG00000259199,0
ENSG00000272808,0
ENSG00000242295,0
ENSG00000259527,22
ENSG00000154237,0
ENSG00000259542,0
ENSG00000259500,0
ENSG00000283597,0
ENSG00000260661,0
ENSG00000287267,0
ENSG00000258895,0
ENSG00000258627,0
ENSG00000259266,0
ENSG00000259614,0
ENSG00000259041,0
ENSG00000287892,0
ENSG00000168904,984
ENSG00000259604,0
ENSG00000280048,0
ENSG00000259359,0
ENSG00000259257,1
ENSG00000275443,0
ENSG00000259281,0
ENSG00000183643,1
ENSG00000259611,0
ENSG00000259485,0
ENSG00000274312,0
ENSG00000259312,0
ENSG00000140443,4022
ENSG00000259586,0
ENSG00000279945,0
ENSG00000259870,0
ENSG00000259367,3
ENSG00000259123,0
ENSG00000128923,3251
ENSG00000185551,1627
ENSG00000258831,0
ENSG00000279091,0
ENSG00000259403,0
ENSG00000273792,2
ENSG00000259507,0
ENSG00000259276,0
ENSG00000259590,0
ENSG00000103995,154
ENSG00000157470,237
ENSG00000259402,0
ENSG00000275322,8
ENSG00000259375,0
ENSG00000259453,0
ENSG00000258483,0
ENSG00000259750,0
ENSG00000259670,0
ENSG00000258888,34
ENSG00000258761,0
ENSG00000259493,0
ENSG00000287000,0
ENSG00000259534,0
ENSG00000259573,0
ENSG00000258971,0
ENSG00000064726,7307
ENSG00000286917,0
ENSG00000259340,0
ENSG00000259664,16
ENSG00000259320,2
ENSG00000184254,4
ENSG00000258965,0
ENSG00000258931,0
ENSG00000278456,0
ENSG00000259767,4
ENSG00000273747,0
ENSG00000259555,0
ENSG00000230459,0
ENSG00000201241,0
ENSG00000278497,0
ENSG00000207289,0
ENSG00000277243,0
ENSG00000238478,0
ENSG00000265322,0
ENSG00000238489,0
ENSG00000266545,0
ENSG00000243059,0
ENSG00000275174,0
ENSG00000264902,0
ENSG00000200790,0
ENSG00000277841,0
ENSG00000273981,0
ENSG00000222123,0
ENSG00000266517,0
ENSG00000212604,0
ENSG00000265793,0
ENSG00000276941,0
ENSG00000207191,0
ENSG00000200661,0
ENSG00000206609,0
ENSG00000206656,0
ENSG00000276314,0
ENSG00000276610,0
ENSG00000239014,0
ENSG00000274640,0
ENSG00000207063,0
ENSG00000207001,0
ENSG00000207014,0
ENSG00000275529,0
ENSG00000207442,0
ENSG00000207133,0
ENSG00000207093,0
ENSG00000206727,0
ENSG00000207197,0
ENSG00000207137,0
ENSG00000206621,0
ENSG00000207174,0
ENSG00000207263,0
ENSG00000206688,0
ENSG00000207460,0
ENSG00000278715,0
ENSG00000277785,0
ENSG00000275127,0
ENSG00000207375,0
ENSG00000207279,0
ENSG00000252326,0
ENSG00000251815,0
ENSG00000251896,0
ENSG00000278123,0
ENSG00000212415,0
ENSG00000265098,0
ENSG00000265102,0
ENSG00000200305,0
ENSG00000201077,0
ENSG00000238456,0
ENSG00000223308,0
ENSG00000212424,0
ENSG00000222343,0
ENSG00000238819,0
ENSG00000201086,0
ENSG00000200605,0
ENSG00000207105,0
ENSG00000265942,0
ENSG00000200120,0
ENSG00000264210,0
ENSG00000243338,0
ENSG00000271819,0
ENSG00000284284,0
ENSG00000241175,0
ENSG00000252066,0
ENSG00000239703,0
ENSG00000199730,0
ENSG00000200318,0
ENSG00000212625,0
ENSG00000253030,0
ENSG00000200070,0
ENSG00000199512,0
ENSG00000200252,0
ENSG00000277413,0
ENSG00000276696,0
ENSG00000252217,0
ENSG00000200156,0
ENSG00000206625,0
ENSG00000200216,0
ENSG00000207965,0
ENSG00000278604,0
ENSG00000275411,0
ENSG00000207449,0
ENSG00000199580,0
ENSG00000222094,0
ENSG00000222139,0
ENSG00000264386,0
ENSG00000284059,0
ENSG00000207695,0
ENSG00000212374,0
ENSG00000200444,0
ENSG00000266449,0
ENSG00000201510,0
ENSG00000221634,3
ENSG00000221630,0
ENSG00000207150,0
ENSG00000202081,0
ENSG00000207703,0
ENSG00000283484,0
ENSG00000242863,0
ENSG00000251729,0
ENSG00000283888,0
ENSG00000222617,0
ENSG00000239197,1
ENSG00000274079,0
ENSG00000283372,0
ENSG00000222361,0
ENSG00000222076,0
ENSG00000166716,1176
ENSG00000259415,0
ENSG00000200991,0
ENSG00000207245,0
ENSG00000252277,0
ENSG00000279050,0
ENSG00000212428,0
ENSG00000270814,0
ENSG00000201831,0
ENSG00000199712,0
ENSG00000199970,0
ENSG00000200680,0
ENSG00000200503,0
ENSG00000200812,0
ENSG00000278089,0
ENSG00000200726,0
ENSG00000199782,0
ENSG00000201943,0
ENSG00000200486,0
ENSG00000199453,0
ENSG00000273835,0
ENSG00000199960,0
ENSG00000201679,0
ENSG00000200757,0
ENSG00000201482,0
ENSG00000200163,0
ENSG00000199968,0
ENSG00000201969,0
ENSG00000199833,0
ENSG00000201326,0
ENSG00000201331,0
ENSG00000200398,0
ENSG00000199489,0
ENSG00000275524,0
ENSG00000201300,0
ENSG00000200801,0
ENSG00000199704,0
ENSG00000200987,0
ENSG00000202188,0
ENSG00000200949,0
ENSG00000200593,0
ENSG00000199311,0
ENSG00000201992,0
ENSG00000202499,0
ENSG00000200638,0
ENSG00000201907,0
ENSG00000200564,0
ENSG00000272460,0
ENSG00000200478,0
ENSG00000201143,0
ENSG00000202373,0
ENSG00000202261,0
ENSG00000280234,0
ENSG00000212380,0
ENSG00000276844,0
ENSG00000212528,0
ENSG00000201634,0
ENSG00000239169,0
ENSG00000261529,0
ENSG00000274954,0
ENSG00000277677,0
ENSG00000259632,0
ENSG00000207484,0
ENSG00000259201,0
ENSG00000272337,0
ENSG00000259185,0
ENSG00000259556,6
ENSG00000166477,1269
ENSG00000138594,2827
ENSG00000237289,82
ENSG00000242866,0
ENSG00000222398,0
ENSG00000284772,0
ENSG00000206991,0
ENSG00000275601,1
ENSG00000224677,1
ENSG00000249839,9
ENSG00000223572,20
ENSG00000201136,0
ENSG00000206589,0
ENSG00000128886,4
ENSG00000262560,0
ENSG00000221792,0
ENSG00000140259,2783
ENSG00000074621,128
ENSG00000275638,0
ENSG00000174485,977
ENSG00000238311,0
ENSG00000264737,0
ENSG00000103769,12836
ENSG00000261544,0
ENSG00000259924,2
ENSG00000249271,0
ENSG00000283249,0
ENSG00000201084,0
ENSG00000279912,0
ENSG00000271078,0
ENSG00000207257,2
ENSG00000260211,8
ENSG00000260642,0
ENSG00000288627,0
ENSG00000261491,0
ENSG00000275776,0
ENSG00000215304,0
ENSG00000206987,0
ENSG00000261708,0
ENSG00000206127,0
ENSG00000274076,0
ENSG00000270789,0
ENSG00000261375,0
ENSG00000254912,0
ENSG00000223509,6
ENSG00000280359,0
ENSG00000259213,0
ENSG00000261244,0
ENSG00000242066,0
ENSG00000261403,0
ENSG00000259792,0
ENSG00000199633,0
ENSG00000136425,702
ENSG00000166411,761
ENSG00000260988,8
ENSG00000242276,10
ENSG00000259781,1317
ENSG00000280038,0
ENSG00000259694,0
ENSG00000259726,0
ENSG00000278422,0
ENSG00000259633,0
ENSG00000259683,0
ENSG00000244056,0
ENSG00000259570,0
ENSG00000272887,0
ENSG00000259538,0
ENSG00000259774,0
ENSG00000278785,0
ENSG00000092470,1422
ENSG00000200391,0
ENSG00000227973,8
ENSG00000156970,3245
ENSG00000233917,0
ENSG00000255192,0
ENSG00000137872,4582
ENSG00000170776,2848
ENSG00000166143,0
ENSG00000178718,110
ENSG00000185823,0
ENSG00000173548,1020
ENSG00000166762,34
ENSG00000140262,30943
ENSG00000259358,0
ENSG00000277500,0
ENSG00000206849,0
ENSG00000175344,88
ENSG00000134153,2374
ENSG00000243094,0
ENSG00000182405,104
ENSG00000134152,2527
ENSG00000128463,2616
ENSG00000259468,0
ENSG00000207091,0
ENSG00000184507,0
ENSG00000259904,0
ENSG00000221649,0
ENSG00000260639,0
ENSG00000261081,0
ENSG00000279092,4
ENSG00000260275,0
ENSG00000260123,0
ENSG00000261407,0
ENSG00000140526,7682
ENSG00000239151,0
ENSG00000259699,0
ENSG00000259948,0
ENSG00000140522,42
ENSG00000275101,0
ENSG00000261441,0
ENSG00000279708,0
ENSG00000287717,0
ENSG00000284329,0
ENSG00000140199,933
ENSG00000259539,0
ENSG00000259519,3
ENSG00000259932,0
ENSG00000260035,0
ENSG00000279014,0
ENSG00000261709,0
ENSG00000259338,0
ENSG00000259520,2
ENSG00000137860,0
ENSG00000285597,0
ENSG00000235390,0
ENSG00000259433,0
ENSG00000238941,0
ENSG00000171766,779
ENSG00000275672,0
ENSG00000171763,380
ENSG00000259342,0
ENSG00000284386,0
ENSG00000259354,0
ENSG00000104154,201
ENSG00000179362,8
ENSG00000207516,0
ENSG00000259681,0
ENSG00000259427,0
ENSG00000275709,2
ENSG00000104164,8041
ENSG00000260170,0
ENSG00000200419,0
ENSG00000137767,8
ENSG00000273972,0
ENSG00000259465,0
ENSG00000138592,1999
ENSG00000252376,0
ENSG00000242737,0
ENSG00000170236,0
ENSG00000092439,2648
ENSG00000259684,0
ENSG00000288645,0
ENSG00000243027,0
ENSG00000279665,0
ENSG00000259773,0
ENSG00000241130,0
ENSG00000208003,0
ENSG00000259546,0
ENSG00000259649,0
ENSG00000117899,2676
ENSG00000260619,0
ENSG00000265855,0
ENSG00000277782,37
ENSG00000156206,0
ENSG00000279834,0
ENSG00000259461,0
ENSG00000285667,0
ENSG00000156222,0
ENSG00000286505,0
ENSG00000207037,0
ENSG00000212388,0
ENSG00000271044,0
ENSG00000114062,11336
ENSG00000136383,0
ENSG00000200008,0
ENSG00000276702,0
ENSG00000259408,2
ENSG00000259287,0
ENSG00000169857,1050
ENSG00000184984,0
ENSG00000278472,0
ENSG00000287840,0
ENSG00000259505,0
ENSG00000166262,308
ENSG00000275580,22
ENSG00000276593,12
ENSG00000259531,0
ENSG00000104047,1538
ENSG00000259589,0
ENSG00000199156,0
ENSG00000275785,0
ENSG00000259351,0
ENSG00000166797,2097
ENSG00000028528,3184
ENSG00000201071,0
ENSG00000157734,9
ENSG00000169118,1895
ENSG00000166803,1149
ENSG00000103671,952
ENSG00000259682,0
ENSG00000248415,6
ENSG00000259316,0
ENSG00000260784,0
ENSG00000260693,0
ENSG00000277031,0
ENSG00000259890,0
ENSG00000207430,0
ENSG00000270016,2
ENSG00000277467,0
ENSG00000269930,0
ENSG00000247728,0
ENSG00000187951,0
ENSG00000206846,0
ENSG00000103832,0
ENSG00000278696,0
ENSG00000259845,0
ENSG00000254793,6
ENSG00000159459,2384
ENSG00000285080,0
ENSG00000281269,0
ENSG00000205871,100
ENSG00000137842,265
ENSG00000260928,0
ENSG00000285117,0
ENSG00000261687,0
ENSG00000166946,1096
ENSG00000202211,0
ENSG00000261679,0
ENSG00000159495,0
ENSG00000260406,0
ENSG00000168806,1122
ENSG00000166947,0
ENSG00000259701,0
ENSG00000283614,0
ENSG00000278098,0
ENSG00000259306,0
ENSG00000186417,12
ENSG00000270378,0
ENSG00000259194,0
ENSG00000259678,0
ENSG00000104093,1064
ENSG00000259668,0
ENSG00000104112,728
ENSG00000259241,0
ENSG00000259296,0
ENSG00000140280,142
ENSG00000259377,0
ENSG00000198838,78
ENSG00000168803,573
ENSG00000197361,6
ENSG00000033800,3681
ENSG00000138617,286
ENSG00000140543,20
ENSG00000128739,231
ENSG00000242028,1
ENSG00000157450,2458
ENSG00000137821,2239
ENSG00000278522,0
ENSG00000166819,0
ENSG00000166821,222
ENSG00000241362,0
ENSG00000288625,0
ENSG00000250379,0
ENSG00000243789,0
ENSG00000168970,20
ENSG00000137877,12
ENSG00000200293,0
ENSG00000264850,0
ENSG00000259563,0
ENSG00000104131,7229
ENSG00000259659,0
ENSG00000206957,0
ENSG00000185880,1296
ENSG00000276121,0
ENSG00000259187,0
ENSG00000238845,0
ENSG00000103855,6775
ENSG00000276807,0
ENSG00000260469,49
ENSG00000260624,0
ENSG00000287915,38
ENSG00000240163,1
ENSG00000242667,0
ENSG00000273721,0
ENSG00000128915,4100
ENSG00000259274,0
ENSG00000259513,0
ENSG00000140527,4
ENSG00000259561,0
ENSG00000206590,0
ENSG00000259441,0
ENSG00000188095,6
ENSG00000166825,0
ENSG00000157823,1057
ENSG00000250021,0
ENSG00000264966,0
ENSG00000259677,0
ENSG00000264796,0
ENSG00000212420,0
ENSG00000242498,946
ENSG00000252645,0
ENSG00000259273,0
ENSG00000280377,0
ENSG00000182718,557
ENSG00000252995,0
ENSG00000259548,0
ENSG00000136371,0
ENSG00000261229,0
ENSG00000259332,0
ENSG00000279394,0
ENSG00000286813,0
ENSG00000278600,76
ENSG00000259642,101
ENSG00000288604,0
ENSG00000259770,0
ENSG00000271364,0
ENSG00000279705,0
ENSG00000275460,0
ENSG00000086666,6494
ENSG00000140379,0
ENSG00000275332,0
ENSG00000274383,0
ENSG00000090487,6464
ENSG00000103707,606
ENSG00000270218,0
ENSG00000186198,0
ENSG00000277351,0
ENSG00000103710,0
ENSG00000278737,0
ENSG00000259258,0
ENSG00000090470,1596
ENSG00000166855,2578
ENSG00000138615,28
ENSG00000279268,0
ENSG00000201709,0
ENSG00000206903,0
ENSG00000199568,6
ENSG00000265673,0
ENSG00000254585,458
ENSG00000182636,2868
ENSG00000286973,0
ENSG00000206616,0
ENSG00000261634,0
ENSG00000259504,0
ENSG00000137819,0
ENSG00000259645,2
ENSG00000259426,39
ENSG00000207395,0
ENSG00000259191,0
ENSG00000137818,28154
ENSG00000207119,0
ENSG00000259215,0
ENSG00000259457,0
ENSG00000137807,2418
ENSG00000259438,6
ENSG00000274528,12
ENSG00000259398,0
ENSG00000259712,14
ENSG00000259178,0
ENSG00000242327,0
ENSG00000259327,0
ENSG00000259709,0
ENSG00000206995,0
ENSG00000259577,0
ENSG00000128833,541
ENSG00000221052,0
ENSG00000231169,8
ENSG00000128989,33024
ENSG00000260618,0
ENSG00000259935,0
ENSG00000287500,0
ENSG00000214896,0
ENSG00000259612,22
ENSG00000131871,2172
ENSG00000259172,2
ENSG00000279970,0
ENSG00000259764,0
ENSG00000234438,0
ENSG00000259365,0
ENSG00000259182,4
ENSG00000131873,5570
ENSG00000274139,0
ENSG00000277210,0
ENSG00000282793,0
ENSG00000259464,0
ENSG00000259695,0
ENSG00000286733,0
ENSG00000184277,1411
ENSG00000252614,0
ENSG00000185418,672
ENSG00000140479,23
ENSG00000260937,0
ENSG00000279145,98
ENSG00000276533,0
ENSG00000225973,88
ENSG00000069943,173
ENSG00000274765,0
ENSG00000277548,0
ENSG00000283891,0
ENSG00000137876,9702
ENSG00000187446,5132
ENSG00000285920,0
ENSG00000104147,0
ENSG00000137804,2
ENSG00000259396,0
ENSG00000137806,1281
ENSG00000200407,0
ENSG00000137825,24
ENSG00000062524,0
ENSG00000103932,740
ENSG00000259838,8
ENSG00000092445,1050
ENSG00000260926,0
ENSG00000259448,0
ENSG00000169926,2514
ENSG00000259179,0
ENSG00000259696,0
ENSG00000288561,0
ENSG00000243711,4
ENSG00000252061,3
ENSG00000279235,0
ENSG00000058335,0
ENSG00000177699,0
ENSG00000103811,168
ENSG00000179455,242
ENSG00000140285,42
ENSG00000259814,0
ENSG00000259300,0
ENSG00000287334,0
ENSG00000259644,0
ENSG00000234664,382
ENSG00000259523,14
ENSG00000259749,2
ENSG00000259647,0
ENSG00000140264,3321
ENSG00000103994,12255
ENSG00000171016,3004
ENSG00000069966,662
ENSG00000104064,1813
ENSG00000169783,218
ENSG00000166920,0
ENSG00000259676,0
ENSG00000140511,142
ENSG00000259350,0
ENSG00000259489,0
ENSG00000157766,0
ENSG00000259655,0
ENSG00000241588,0
ENSG00000259363,16
ENSG00000254744,0
ENSG00000259219,0
ENSG00000252957,0
ENSG00000259356,0
ENSG00000189419,0
ENSG00000259430,0
ENSG00000270127,22
ENSG00000251819,2
ENSG00000259205,0
ENSG00000259540,0
ENSG00000200095,0
ENSG00000259437,0
ENSG00000259289,0
ENSG00000259246,0
ENSG00000166949,1414
ENSG00000259202,0
ENSG00000103591,5226
ENSG00000242634,0
ENSG00000104067,6090
ENSG00000140470,8
ENSG00000140471,532
ENSG00000183475,1174
ENSG00000212306,0
ENSG00000259381,24
ENSG00000154227,0
ENSG00000278370,0
ENSG00000245479,0
ENSG00000200677,0
ENSG00000287061,0
ENSG00000241869,0
ENSG00000182511,0
ENSG00000197299,1119
ENSG00000140564,723
ENSG00000172183,18
ENSG00000166794,5104
ENSG00000259462,0
ENSG00000103723,676
ENSG00000259707,1
ENSG00000228141,0
ENSG00000259315,0
ENSG00000279758,0
ENSG00000259442,0
ENSG00000286817,0
ENSG00000250988,48
ENSG00000252690,2
ENSG00000186628,0
ENSG00000277864,0
ENSG00000156232,224
ENSG00000166192,363
ENSG00000243568,0
ENSG00000260173,0
ENSG00000175318,14
ENSG00000137817,937
ENSG00000273025,0
ENSG00000261460,0
ENSG00000140488,0
ENSG00000260729,0
ENSG00000243007,2
ENSG00000179361,256
ENSG00000275527,0
ENSG00000260919,1
ENSG00000252931,0
ENSG00000264406,0
ENSG00000259608,0
ENSG00000260477,0
ENSG00000252964,0
ENSG00000261077,0
ENSG00000200206,0
ENSG00000260125,0
ENSG00000259734,0
ENSG00000259636,0
ENSG00000259620,0
ENSG00000273540,3
ENSG00000128872,1332
ENSG00000260007,18
ENSG00000128973,421
ENSG00000260602,0
ENSG00000260657,0
ENSG00000252117,0
ENSG00000252475,0
ENSG00000252288,0
ENSG00000212550,0
ENSG00000259742,0
ENSG00000259231,0
ENSG00000167014,0
ENSG00000259304,0
ENSG00000205363,129
ENSG00000178997,2
ENSG00000243708,8
ENSG00000137871,1121
ENSG00000137875,2
ENSG00000069869,758
ENSG00000270301,0
ENSG00000287894,0
ENSG00000259277,0
ENSG00000259299,0
ENSG00000252868,0
ENSG00000185115,1160
ENSG00000034053,1594
ENSG00000140263,2026
ENSG00000259418,0
ENSG00000252171,0
ENSG00000259352,0
ENSG00000140279,0
ENSG00000140274,0
ENSG00000137857,47
ENSG00000259395,0
ENSG00000259737,0
ENSG00000270500,0
ENSG00000261635,0
ENSG00000261315,0
ENSG00000260582,0
ENSG00000261191,0
ENSG00000223518,0
ENSG00000212511,0
ENSG00000277202,0
ENSG00000186073,472
ENSG00000283798,0
ENSG00000260534,0
ENSG00000278313,0
ENSG00000260144,0
ENSG00000259783,0
ENSG00000260672,0
ENSG00000259909,0
ENSG00000274350,0
ENSG00000175202,0
ENSG00000261281,0
ENSG00000140463,1178
ENSG00000260898,0
ENSG00000285729,0
ENSG00000259259,0
ENSG00000159322,1426
ENSG00000259308,0
ENSG00000263643,1
ENSG00000286872,21
ENSG00000136404,15
ENSG00000166503,8942
ENSG00000260579,0
ENSG00000169594,2
ENSG00000207766,0
ENSG00000270702,0
ENSG00000260814,0
ENSG00000137802,682
ENSG00000169856,0
ENSG00000104133,2697
ENSG00000271725,0
ENSG00000172345,0
ENSG00000286488,0
ENSG00000188869,2
ENSG00000273920,0
ENSG00000284709,0
ENSG00000275995,0
ENSG00000225193,0
ENSG00000284626,0
ENSG00000261147,0
ENSG00000182768,1489
ENSG00000275674,0
ENSG00000228998,10
ENSG00000270322,0
ENSG00000275345,8
ENSG00000271396,18
ENSG00000259646,0
ENSG00000275771,0
ENSG00000248893,0
ENSG00000259553,4
ENSG00000284557,0
ENSG00000275449,0
ENSG00000103876,370
ENSG00000259967,0
ENSG00000259417,12
ENSG00000259488,0
ENSG00000202542,0
ENSG00000128951,4329
ENSG00000166147,1510
ENSG00000286947,0
ENSG00000274654,4
ENSG00000259705,0
ENSG00000273925,0
ENSG00000259216,0
ENSG00000259469,0
ENSG00000261333,0
ENSG00000181827,6914
ENSG00000261072,0
ENSG00000275417,0
ENSG00000199784,0
ENSG00000261174,0
ENSG00000260382,0
ENSG00000198690,1035
ENSG00000261628,0
ENSG00000166912,1652
ENSG00000212526,0
ENSG00000259720,0
ENSG00000207702,0
ENSG00000187806,0
ENSG00000271072,0
ENSG00000261187,0
ENSG00000213614,496
ENSG00000140548,308
ENSG00000265871,0
ENSG00000273691,0
ENSG00000259291,220
ENSG00000276376,0
ENSG00000182054,4833
ENSG00000259685,0
ENSG00000279980,0
ENSG00000238244,0
ENSG00000196391,84
ENSG00000259262,0
ENSG00000140575,11512
ENSG00000259177,0
ENSG00000259212,2
ENSG00000259314,0
ENSG00000285560,6
ENSG00000259746,4
ENSG00000166145,0
ENSG00000179335,890
ENSG00000129007,1
ENSG00000183476,0
ENSG00000184716,0
ENSG00000167202,482
ENSG00000104059,265
ENSG00000230778,8
ENSG00000103653,1524
ENSG00000183208,80
ENSG00000214433,0
ENSG00000279719,0
ENSG00000206641,0
ENSG00000259301,0
ENSG00000280362,2
ENSG00000259669,0
ENSG00000259619,0
ENSG00000259550,0
ENSG00000137766,36
ENSG00000173517,3828
ENSG00000047346,3177
ENSG00000140254,0
ENSG00000177971,769
ENSG00000214575,6
ENSG00000229474,0
ENSG00000235711,0
ENSG00000259917,10
ENSG00000261559,0
ENSG00000278582,0
ENSG00000215252,79
ENSG00000221065,0
ENSG00000259892,0
ENSG00000252425,0
ENSG00000261304,0
ENSG00000287973,0
ENSG00000236914,49
ENSG00000166069,0
ENSG00000258397,0
ENSG00000239471,0
ENSG00000258410,0
ENSG00000278935,0
ENSG00000258780,0
ENSG00000258628,0
ENSG00000184206,0
ENSG00000261318,0
ENSG00000166938,1390
ENSG00000260773,0
ENSG00000075131,630
ENSG00000252712,0
ENSG00000223271,0
ENSG00000240821,0
ENSG00000169032,1705
ENSG00000261102,0
ENSG00000243404,0
ENSG00000261351,31
ENSG00000174446,405
ENSG00000266589,0
ENSG00000174444,79986
ENSG00000199574,0
ENSG00000280554,0
ENSG00000202529,0
ENSG00000199673,0
ENSG00000200623,0
ENSG00000174442,2837
ENSG00000259471,0
ENSG00000274995,0
ENSG00000261064,0
ENSG00000276724,0
ENSG00000262728,14
ENSG00000277464,0
ENSG00000198826,2437
ENSG00000285948,0
ENSG00000241818,0
ENSG00000259721,0
ENSG00000166923,60
ENSG00000259392,0
ENSG00000261794,0
ENSG00000188467,0
ENSG00000233932,0
ENSG00000074803,66
ENSG00000259235,0
ENSG00000259385,0
ENSG00000246922,6
ENSG00000259993,0
ENSG00000270955,0
ENSG00000279417,0
ENSG00000263070,0
ENSG00000274966,0
ENSG00000270055,4
ENSG00000283345,0
ENSG00000166664,6
ENSG00000289455,0
ENSG00000256338,46
ENSG00000261401,0
ENSG00000261561,0
ENSG00000261497,0
ENSG00000153684,0
ENSG00000261524,0
ENSG00000276928,0
ENSG00000274532,0
ENSG00000284628,0
ENSG00000260159,0
ENSG00000261365,0
ENSG00000274814,0
ENSG00000260053,0
ENSG00000261041,0
ENSG00000260444,0
ENSG00000261581,0
ENSG00000128731,2918
ENSG00000254398,0
ENSG00000274632,0
ENSG00000261480,0
ENSG00000260844,0
ENSG00000256951,0
ENSG00000271616,0
ENSG00000260399,0
ENSG00000286598,0
ENSG00000261418,0
ENSG00000140406,483
ENSG00000157890,819
ENSG00000263512,4
ENSG00000284783,0
ENSG00000259330,1722
ENSG00000252714,0
ENSG00000233041,0
ENSG00000140323,89
ENSG00000259368,0
ENSG00000140320,1250
ENSG00000259364,0
ENSG00000259211,0
ENSG00000169105,535
ENSG00000244251,0
ENSG00000128928,2463
ENSG00000197535,4262
ENSG00000104177,6403
ENSG00000140332,1194
ENSG00000176454,232
ENSG00000172379,4839
ENSG00000131876,2320
ENSG00000140465,2
ENSG00000104055,0
ENSG00000274102,0
ENSG00000215186,0
ENSG00000206190,781
ENSG00000128944,1449
ENSG00000259760,0
ENSG00000274294,0
ENSG00000259341,4
ENSG00000286893,0
ENSG00000279846,0
ENSG00000241562,0
ENSG00000201724,14
ENSG00000183060,91
ENSG00000258570,0
ENSG00000140563,0
ENSG00000258632,0
ENSG00000287328,0
ENSG00000287950,0
ENSG00000285866,0
ENSG00000259331,0
ENSG00000069956,10639
ENSG00000289025,0
ENSG00000288864,14
ENSG00000188626,0
ENSG00000271333,0
ENSG00000289397,0
ENSG00000138606,424
ENSG00000261649,0
ENSG00000225362,0
ENSG00000260586,0
ENSG00000212664,80
ENSG00000278408,0
ENSG00000278570,0
ENSG00000260037,4
ENSG00000200873,0
ENSG00000259736,34
ENSG00000140577,1612
ENSG00000167004,29970
ENSG00000284906,4
ENSG00000259414,0
ENSG00000174450,0
ENSG00000183629,0
ENSG00000227717,0
ENSG00000273756,0
ENSG00000237850,0
ENSG00000169758,18
ENSG00000259422,0
ENSG00000196274,0
ENSG00000259581,2
ENSG00000287503,0
ENSG00000159556,0
ENSG00000259514,0
ENSG00000270036,0
ENSG00000169918,188
ENSG00000252774,0
ENSG00000206781,0
ENSG00000180357,4152
ENSG00000243403,0
ENSG00000239465,0
ENSG00000207223,0
ENSG00000207162,0
ENSG00000180304,7048
ENSG00000265967,0
ENSG00000264937,3
ENSG00000259635,0
ENSG00000289083,4
ENSG00000187720,389
ENSG00000275451,0
ENSG00000259557,0
ENSG00000274340,4
ENSG00000259458,0
ENSG00000259756,0
ENSG00000211137,0
ENSG00000259370,0
ENSG00000259727,8
ENSG00000171914,1546
ENSG00000166922,2
ENSG00000138614,2603
ENSG00000137815,4894
ENSG00000166823,14
ENSG00000214013,449
ENSG00000185033,568
ENSG00000188549,70
ENSG00000277987,0
ENSG00000259237,0
ENSG00000260232,10
ENSG00000287704,51
ENSG00000258476,0
ENSG00000175746,2
ENSG00000258551,0
ENSG00000257060,281
ENSG00000259704,0
ENSG00000259583,0
ENSG00000288850,30
ENSG00000289522,4
ENSG00000288745,0
ENSG00000261549,8
ENSG00000188501,346
ENSG00000177693,0
ENSG00000140545,2576
ENSG00000278222,0
ENSG00000260978,102
ENSG00000185043,644
ENSG00000259941,0
ENSG00000261823,0
ENSG00000277245,68
ENSG00000151575,554
ENSG00000103966,740
ENSG00000278493,2
ENSG00000259883,0
ENSG00000246740,0
ENSG00000257797,0
ENSG00000159337,0
ENSG00000188089,0
ENSG00000259394,6
ENSG00000259498,0
ENSG00000259627,0
ENSG00000259672,0
ENSG00000103642,661
ENSG00000185088,11700
ENSG00000259622,0
ENSG00000183496,1724
ENSG00000259518,0
ENSG00000287872,0
ENSG00000212170,0
ENSG00000285974,0
ENSG00000188659,72
ENSG00000278662,34
ENSG00000278202,0
ENSG00000197978,128
ENSG00000278603,3
ENSG00000259637,0
ENSG00000284803,0
ENSG00000182774,120
ENSG00000260836,0
ENSG00000278013,0
ENSG00000289703,0
ENSG00000140598,1263
ENSG00000289704,0
ENSG00000289128,12
ENSG00000259218,12
ENSG00000261478,15
ENSG00000259713,0
ENSG00000140534,921
ENSG00000259615,0
ENSG00000166813,171
ENSG00000140525,3820
ENSG00000104140,0
ENSG00000274798,0
ENSG00000104142,1168
ENSG00000251161,14
ENSG00000128917,14
ENSG00000259405,0
ENSG00000128965,40
ENSG00000259617,0
ENSG00000259463,0
ENSG00000259521,0
ENSG00000280036,0
ENSG00000259547,0
ENSG00000283133,0
ENSG00000157021,4
ENSG00000240847,0
ENSG00000128908,748
ENSG00000117906,21374
ENSG00000243365,0
ENSG00000259565,0
ENSG00000140391,19112
ENSG00000259652,0
ENSG00000278991,16
ENSG00000269951,0
ENSG00000140368,3
ENSG00000260916,500
ENSG00000260036,0
ENSG00000069974,398
ENSG00000178115,0
ENSG00000171262,7172
ENSG00000259192,0
ENSG00000286786,24
ENSG00000259326,8
ENSG00000259598,0
ENSG00000172575,1190
ENSG00000179938,0
ENSG00000273818,0
ENSG00000207432,0
ENSG00000261247,4
ENSG00000277637,0
ENSG00000260897,0
ENSG00000261747,0
ENSG00000259906,0
ENSG00000225930,4
ENSG00000206972,0
ENSG00000238783,0
ENSG00000238519,0
ENSG00000274424,0
ENSG00000240470,0
ENSG00000213471,0
ENSG00000275803,0
ENSG00000273674,14
ENSG00000138600,4015
ENSG00000180953,13
ENSG00000288592,0
ENSG00000289464,0
ENSG00000258433,0
ENSG00000258773,0
ENSG00000280304,0
ENSG00000285700,0
ENSG00000243780,0
ENSG00000240238,0
ENSG00000201704,0
ENSG00000140297,0
ENSG00000140307,4374
ENSG00000227161,0
ENSG00000259657,0
ENSG00000259238,0
ENSG00000234797,568
ENSG00000286495,0
ENSG00000259601,0
ENSG00000289148,0
ENSG00000259536,6
ENSG00000128891,352
ENSG00000223313,2
ENSG00000166133,512
ENSG00000203573,0
ENSG00000137812,1370
ENSG00000265814,0
ENSG00000259254,0
ENSG00000245849,36
ENSG00000067225,71117
ENSG00000259261,0
ENSG00000270356,0
ENSG00000271507,0
ENSG00000221641,0
ENSG00000259098,0
ENSG00000258732,0
ENSG00000274835,8
ENSG00000273679,10
ENSG00000274279,0
ENSG00000274568,0
ENSG00000275363,0
ENSG00000281909,0
ENSG00000277515,0
ENSG00000277865,0
ENSG00000182950,0
ENSG00000246877,8
ENSG00000260815,0
ENSG00000261043,0
ENSG00000284385,0
ENSG00000241807,0
ENSG00000261820,0
ENSG00000140367,6133
ENSG00000266308,0
ENSG00000167196,2383
ENSG00000169752,18
ENSG00000260685,0
ENSG00000140374,3974
ENSG00000261232,0
ENSG00000261739,0
ENSG00000175265,101
ENSG00000259280,0
ENSG00000206676,0
ENSG00000259460,0
ENSG00000288808,2
ENSG00000274444,0
ENSG00000274216,0
ENSG00000270304,0
ENSG00000182117,2458
ENSG00000035664,24
ENSG00000183706,0
ENSG00000273173,28
ENSG00000279408,0
ENSG00000182974,0
ENSG00000137843,44
ENSG00000259424,22
ENSG00000288991,6
ENSG00000289162,0
ENSG00000259251,18
ENSG00000198535,0
ENSG00000259466,0
ENSG00000205502,0
ENSG00000289547,0
ENSG00000259697,0
ENSG00000259878,0
ENSG00000276713,0
ENSG00000260375,0
ENSG00000260957,0
ENSG00000277919,0
ENSG00000221033,0
ENSG00000140451,50
ENSG00000241839,335
ENSG00000249240,0
ENSG00000287494,0
ENSG00000166839,102
ENSG00000249931,0
ENSG00000258562,0
ENSG00000260361,2
ENSG00000258527,0
ENSG00000258922,0
ENSG00000274215,0
ENSG00000272888,2479
ENSG00000289200,0
ENSG00000288872,0
ENSG00000284324,0
ENSG00000289017,0
ENSG00000182175,1508
ENSG00000258611,7
ENSG00000140299,4870
ENSG00000259661,0
ENSG00000184508,92
ENSG00000140553,1705
ENSG00000258384,0
ENSG00000166965,20
ENSG00000198901,19
ENSG00000284946,32
ENSG00000258725,2
ENSG00000200142,0
ENSG00000184056,39
ENSG00000214432,0
ENSG00000278514,6
ENSG00000258542,0
ENSG00000275929,0
ENSG00000258665,0
ENSG00000285661,0
ENSG00000185518,14
ENSG00000285883,0
ENSG00000289066,0
ENSG00000197627,0
ENSG00000259551,0
ENSG00000259302,0
ENSG00000259244,0
ENSG00000275120,10
ENSG00000176371,363
ENSG00000256278,3
ENSG00000276278,0
ENSG00000254779,0
ENSG00000177082,192
ENSG00000277578,0
ENSG00000197696,150
ENSG00000259654,0
ENSG00000259275,0
ENSG00000288726,0
ENSG00000251209,0
ENSG00000259134,0
ENSG00000289277,8
ENSG00000289896,0
ENSG00000259343,4
ENSG00000289028,0
ENSG00000256802,34
ENSG00000255571,471
ENSG00000248441,0
ENSG00000261423,57
ENSG00000248079,24
ENSG00000259203,0
ENSG00000258785,0
ENSG00000260288,0
ENSG00000250007,0
ENSG00000259675,0
ENSG00000259234,0
ENSG00000247809,0
ENSG00000289289,0
ENSG00000289948,0
ENSG00000245750,6
ENSG00000248508,116
ENSG00000175779,0
ENSG00000259986,0
ENSG00000289561,0
ENSG00000261183,0
ENSG00000289525,0
ENSG00000259347,0
ENSG00000289992,0
ENSG00000174171,0
ENSG00000179523,346
ENSG00000259964,0
ENSG00000261801,369
ENSG00000289271,0
ENSG00000260339,2
ENSG00000259225,0
ENSG00000244879,411
ENSG00000237550,3396
ENSG00000170113,3486
ENSG00000140157,4716
ENSG00000275835,1234
ENSG00000273749,6641
ENSG00000276891,0
ENSG00000266039,0
ENSG00000263964,0
ENSG00000276955,0
ENSG00000258647,4
ENSG00000258676,0
ENSG00000260337,0
ENSG00000271763,0
ENSG00000185442,149
ENSG00000259064,0
ENSG00000275965,0
ENSG00000272298,0
ENSG00000253954,16
ENSG00000258741,19
ENSG00000240484,0
ENSG00000214424,0
ENSG00000291301,0
ENSG00000259282,0
ENSG00000185594,0
ENSG00000223120,0
ENSG00000258909,0
ENSG00000258787,0
ENSG00000265195,0
ENSG00000258484,0
ENSG00000259286,0
ENSG00000285919,0
ENSG00000288068,0
ENSG00000273851,0
ENSG00000259265,0
ENSG00000212766,10
ENSG00000240927,0
ENSG00000184140,0
ENSG00000182854,0
ENSG00000232459,0
ENSG00000257109,0
ENSG00000259454,0
ENSG00000239035,0
ENSG00000247982,34
ENSG00000260172,0
ENSG00000260870,0
ENSG00000128849,129
ENSG00000252984,0
ENSG00000261489,0
ENSG00000261265,0
ENSG00000276772,0
ENSG00000240874,0
ENSG00000263155,0
ENSG00000255529,3025
ENSG00000261219,0
ENSG00000137878,6
ENSG00000259240,0
ENSG00000183578,0
ENSG00000259204,0
ENSG00000137869,4
ENSG00000266593,0
ENSG00000260174,0
ENSG00000186399,0
ENSG00000092531,576
ENSG00000261684,0
ENSG00000285942,0
ENSG00000180979,628
ENSG00000137814,1183
ENSG00000261822,0
ENSG00000260490,21
ENSG00000159433,202
ENSG00000260282,0
ENSG00000140326,286
ENSG00000278769,0
ENSG00000274403,0
ENSG00000286877,0
ENSG00000260799,0
ENSG00000128881,1086
ENSG00000246283,0
ENSG00000259270,0
ENSG00000259449,0
ENSG00000277582,0
ENSG00000188388,0
ENSG00000259317,0
ENSG00000284160,0
ENSG00000251891,0
ENSG00000259630,2
ENSG00000261792,0
ENSG00000174197,3166
ENSG00000259236,0
ENSG00000289571,0
ENSG00000260152,0
ENSG00000203411,0
ENSG00000252722,0
ENSG00000288901,0
ENSG00000240366,0
ENSG00000167173,389
ENSG00000261779,0
ENSG00000287926,0
ENSG00000260660,0
ENSG00000260104,0
ENSG00000261205,0
ENSG00000167195,0
ENSG00000277295,0
ENSG00000140478,0
ENSG00000275992,0
ENSG00000259790,0
ENSG00000140365,1108
ENSG00000275645,0
ENSG00000140398,20
ENSG00000140400,438
ENSG00000284343,0
ENSG00000260274,18
ENSG00000241890,0
ENSG00000261714,0
ENSG00000276744,0
ENSG00000169410,3138
ENSG00000260165,0
ENSG00000259931,0
ENSG00000260269,0
ENSG00000169375,3753
ENSG00000168907,0
ENSG00000166887,3144
ENSG00000207712,0
ENSG00000261002,2
ENSG00000103978,3240
ENSG00000260571,7
ENSG00000103647,5543
ENSG00000271232,0
ENSG00000289998,0
ENSG00000140350,15165
ENSG00000255346,0
ENSG00000259222,0
ENSG00000138604,2052
ENSG00000290203,0
ENSG00000258590,0
ENSG00000290326,14
ENSG00000276172,0
ENSG00000290335,0
ENSG00000281347,0
ENSG00000290347,0
ENSG00000175676,0
ENSG00000290359,0
ENSG00000180229,0
ENSG00000290376,240
ENSG00000259479,0
ENSG00000290387,3
ENSG00000238166,0
ENSG00000290424,0
ENSG00000261303,0
ENSG00000290426,0
ENSG00000260139,0
ENSG00000260776,0
ENSG00000214646,2
ENSG00000261143,0
ENSG00000259511,0
ENSG00000290688,0
ENSG00000225151,0
ENSG00000290689,70
ENSG00000235370,0
ENSG00000166763,0
ENSG00000260128,0
ENSG00000290723,0
ENSG00000259658,0
ENSG00000290760,0
ENSG00000229389,0
ENSG00000290766,0
ENSG00000182397,0
ENSG00000183909,0
ENSG00000290822,0
ENSG00000185596,0
ENSG00000290823,3
ENSG00000248472,0
ENSG00000290824,0
ENSG00000259156,0
ENSG00000290857,0
ENSG00000215302,0
ENSG00000290876,0
ENSG00000248334,0
ENSG00000232431,0
ENSG00000285035,0
ENSG00000274471,13
ENSG00000290912,0
ENSG00000274376,0
ENSG00000290944,0
ENSG00000259429,0
ENSG00000290945,16
ENSG00000275695,0
ENSG00000290946,0
ENSG00000276710,0
ENSG00000290947,47
ENSG00000255769,0
ENSG00000290948,173
ENSG00000277741,0
ENSG00000290949,0
ENSG00000178081,0
ENSG00000290997,0
ENSG00000185182,0
ENSG00000276550,0
ENSG00000277561,0
ENSG00000187812,0
ENSG00000291009,0
ENSG00000166104,0
ENSG00000261279,0
ENSG00000291023,7
ENSG00000230373,6
ENSG00000189136,0
ENSG00000259728,0
ENSG00000205771,0
ENSG00000261377,0
ENSG00000259404,0
ENSG00000291062,0
ENSG00000206149,0
ENSG00000176700,0
ENSG00000259425,0
ENSG00000214344,0
ENSG00000291191,0
ENSG00000229212,0
ENSG00000291210,5
ENSG00000259295,4
ENSG00000291211,10
ENSG00000218052,0
ENSG00000291212,0
ENSG00000259660,0
ENSG00000291225,0
ENSG00000260062,0
ENSG00000260357,0
ENSG00000291229,0
ENSG00000140416,12042
ENSG00000214702,0
ENSG00000167178,521
ENSG00000248540,3
ENSG00000261543,7
ENSG00000278348,0
ENSG00000129009,1686
ENSG00000137868,685
ENSG00000140481,12
ENSG00000280309,4
ENSG00000261384,0
ENSG00000277749,32
ENSG00000140459,0
ENSG00000260266,0
ENSG00000261821,0
ENSG00000274937,0
ENSG00000277718,0
ENSG00000138623,395
ENSG00000277391,0
ENSG00000286696,0
ENSG00000138629,1855
ENSG00000247240,67
ENSG00000260103,0
ENSG00000261775,0
ENSG00000212279,0
ENSG00000290767,1
ENSG00000068305,1264
ENSG00000264480,0
ENSG00000287191,0
ENSG00000259621,0
ENSG00000259475,0
ENSG00000183571,0
ENSG00000278090,0
ENSG00000182253,7913
ENSG00000261054,0
ENSG00000103852,593
ENSG00000261616,32
ENSG00000259921,0
ENSG00000259706,14
ENSG00000259228,0
ENSG00000134138,3188
ENSG00000291257,0
ENSG00000291227,0
ENSG00000261296,0
ENSG00000290879,0
ENSG00000290880,0
ENSG00000291058,0
ENSG00000291258,21
ENSG00000289209,10
ENSG00000291259,0
ENSG00000291082,13
ENSG00000290690,0
ENSG00000291026,0
ENSG00000291260,0
ENSG00000291027,2
ENSG00000291028,0
ENSG00000291159,5
ENSG00000140612,13268
ENSG00000291002,0
ENSG00000291003,79
ENSG00000291261,0
ENSG00000291004,0
ENSG00000276141,0
ENSG00000290399,9
ENSG00000277435,0
ENSG00000283273,0
ENSG00000277867,0
ENSG00000275325,0
ENSG00000290368,0
ENSG00000277755,0
ENSG00000274253,14
ENSG00000291163,3
ENSG00000290664,0
ENSG00000291296,0
ENSG00000290665,0
ENSG00000290666,0
ENSG00000290667,0
ENSG00000103740,98
ENSG00000259708,0
ENSG00000140403,14
ENSG00000140395,2306
ENSG00000272418,0
ENSG00000259562,1
ENSG00000259322,0
ENSG00000277482,0
ENSG00000291297,0
ENSG00000291020,0
ENSG00000173575,3367
ENSG00000235160,0
ENSG00000287280,0
ENSG00000166206,9174
ENSG00000278840,9
ENSG00000235518,0
ENSG00000242793,0
ENSG00000186297,4523
ENSG00000259122,0
ENSG00000228740,0
ENSG00000214254,0
ENSG00000200326,0
ENSG00000140519,1
ENSG00000285077,7
ENSG00000290886,0
ENSG00000140521,673
ENSG00000291307,0
ENSG00000261652,96
ENSG00000172349,2
ENSG00000232653,8
ENSG00000259564,0
ENSG00000129003,2508
ENSG00000285863,0
ENSG00000166710,6009
ENSG00000247556,11229
ENSG00000140538,7785
ENSG00000259183,0
ENSG00000260305,0
ENSG00000140265,1315
ENSG00000137822,830
ENSG00000243871,0
ENSG00000067369,4471
ENSG00000166963,5337
ENSG00000290691,0
ENSG00000291053,6
ENSG00000168781,171
ENSG00000134160,0
ENSG00000259772,8
ENSG00000260532,0
ENSG00000287855,6
ENSG00000261732,0
ENSG00000197562,251
ENSG00000257108,5
ENSG00000280327,6
ENSG00000206168,27
ENSG00000127578,30
ENSG00000260803,0
ENSG00000262482,0
ENSG00000167930,3476
ENSG00000275438,0
ENSG00000268836,0
ENSG00000103126,592
ENSG00000260989,0
ENSG00000260954,12
ENSG00000167972,2230
ENSG00000280231,11
ENSG00000231439,0
ENSG00000260379,0
ENSG00000262959,0
ENSG00000267795,0
ENSG00000286901,0
ENSG00000226942,6
ENSG00000282907,0
ENSG00000261319,0
ENSG00000261394,0
ENSG00000260022,0
ENSG00000226890,0
ENSG00000261066,0
ENSG00000261442,1
ENSG00000234769,36
ENSG00000131634,0
ENSG00000168096,85
ENSG00000260242,0
ENSG00000059145,170
ENSG00000242173,39
ENSG00000260058,0
ENSG00000278434,2
ENSG00000187535,1177
ENSG00000275056,0
ENSG00000261789,0
ENSG00000280062,0
ENSG00000140632,3559
ENSG00000260289,0
ENSG00000286849,0
ENSG00000267077,0
ENSG00000260723,0
ENSG00000260003,0
ENSG00000260342,0
ENSG00000261555,0
ENSG00000263159,0
ENSG00000089486,1593
ENSG00000103489,267
ENSG00000162104,604
ENSG00000262516,0
ENSG00000103381,596
ENSG00000103199,132
ENSG00000287522,0
ENSG00000275927,0
ENSG00000261090,0
ENSG00000260017,2
ENSG00000262185,6
ENSG00000283213,0
ENSG00000261612,4
ENSG00000182601,0
ENSG00000278979,0
ENSG00000103534,6
ENSG00000005339,3672
ENSG00000285869,0
ENSG00000134419,5794
ENSG00000228071,14
ENSG00000260601,0
ENSG00000260071,0
ENSG00000260316,0
ENSG00000261075,0
ENSG00000076344,19
ENSG00000007376,209
ENSG00000127588,0
ENSG00000168447,0
ENSG00000262801,0
ENSG00000102858,2638
ENSG00000262116,0
ENSG00000103528,489
ENSG00000166828,0
ENSG00000285952,0
ENSG00000262267,0
ENSG00000261448,0
ENSG00000260690,0
ENSG00000122254,74
ENSG00000231876,0
ENSG00000170537,167
ENSG00000130731,434
ENSG00000259876,0
ENSG00000090905,2268
ENSG00000259899,0
ENSG00000261158,0
ENSG00000048471,846
ENSG00000058600,634
ENSG00000259929,0
ENSG00000260580,0
ENSG00000153443,288
ENSG00000127586,175
ENSG00000285613,0
ENSG00000260741,0
ENSG00000259871,38
ENSG00000261397,0
ENSG00000279410,0
ENSG00000260378,0
ENSG00000260681,0
ENSG00000259925,0
ENSG00000170540,37313
ENSG00000261636,0
ENSG00000280283,0
ENSG00000261465,0
ENSG00000261617,2
ENSG00000261482,0
ENSG00000241932,0
ENSG00000260934,0
ENSG00000260087,0
ENSG00000266994,0
ENSG00000280400,0
ENSG00000274834,0
ENSG00000283110,0
ENSG00000278389,0
ENSG00000286790,0
ENSG00000279165,0
ENSG00000261759,0
ENSG00000283065,0
ENSG00000261486,0
ENSG00000259996,0
ENSG00000260846,0
ENSG00000260680,0
ENSG00000260611,0
ENSG00000259979,0
ENSG00000261752,0
ENSG00000261009,0
ENSG00000259987,0
ENSG00000260522,0
ENSG00000261053,0
ENSG00000261445,0
ENSG00000259990,0
ENSG00000261461,2
ENSG00000260958,0
ENSG00000260967,0
ENSG00000260067,0
ENSG00000091651,1482
ENSG00000262885,0
ENSG00000259856,0
ENSG00000179755,0
ENSG00000261800,0
ENSG00000260207,0
ENSG00000171208,7715
ENSG00000262561,0
ENSG00000261084,0
ENSG00000261350,0
ENSG00000260281,0
ENSG00000196470,1073
ENSG00000069345,4425
ENSG00000067365,349
ENSG00000261440,0
ENSG00000261507,0
ENSG00000205452,0
ENSG00000287905,0
ENSG00000261608,0
ENSG00000262011,0
ENSG00000260994,0
ENSG00000287353,0
ENSG00000155330,2410
ENSG00000260675,0
ENSG00000260857,0
ENSG00000259821,0
ENSG00000069329,12976
ENSG00000260427,0
ENSG00000260724,0
ENSG00000278138,0
ENSG00000260889,0
ENSG00000261470,0
ENSG00000260590,0
ENSG00000279415,0
ENSG00000278681,0
ENSG00000214581,0
ENSG00000280376,6
ENSG00000237515,10
ENSG00000198555,0
ENSG00000261557,4
ENSG00000261427,0
ENSG00000261197,0
ENSG00000261217,0
ENSG00000261122,0
ENSG00000228480,0
ENSG00000287448,0
ENSG00000260605,0
ENSG00000261130,0
ENSG00000260126,0
ENSG00000280067,8
ENSG00000282973,0
ENSG00000282946,0
ENSG00000216671,0
ENSG00000103485,94
ENSG00000260809,0
ENSG00000261782,0
ENSG00000260352,0
ENSG00000261725,0
ENSG00000261566,0
ENSG00000260909,0
ENSG00000260975,0
ENSG00000260598,0
ENSG00000140795,0
ENSG00000280180,0
ENSG00000261637,0
ENSG00000261620,1
ENSG00000260184,0
ENSG00000260854,0
ENSG00000260984,0
ENSG00000261512,66
ENSG00000260405,2
ENSG00000262235,0
ENSG00000260746,0
ENSG00000261046,0
ENSG00000287469,0
ENSG00000256642,0
ENSG00000102910,2294
ENSG00000280265,0
ENSG00000261131,0
ENSG00000286712,0
ENSG00000279620,0
ENSG00000261231,0
ENSG00000259897,0
ENSG00000260251,0
ENSG00000260134,0
ENSG00000260480,0
ENSG00000279779,0
ENSG00000260073,0
ENSG00000261802,0
ENSG00000239840,0
ENSG00000260033,0
ENSG00000230330,285
ENSG00000156968,12
ENSG00000260620,0
ENSG00000287163,0
ENSG00000261398,0
ENSG00000260153,0
ENSG00000261267,0
ENSG00000259983,0
ENSG00000260291,0
ENSG00000260478,0
ENSG00000166123,2952
ENSG00000261045,0
ENSG00000102921,1733
ENSG00000260566,0
ENSG00000285882,0
ENSG00000279509,0
ENSG00000279729,0
ENSG00000260688,0
ENSG00000259836,0
ENSG00000129636,3480
ENSG00000261689,0
ENSG00000102900,4559
ENSG00000261356,0
ENSG00000279666,0
ENSG00000261049,2
ENSG00000261274,0
ENSG00000150394,498
ENSG00000261515,0
ENSG00000171241,1994
ENSG00000167186,1149
ENSG00000169181,30
ENSG00000286357,0
ENSG00000259841,0
ENSG00000279747,0
ENSG00000260268,0
ENSG00000240793,0
ENSG00000122299,2358
ENSG00000261748,0
ENSG00000259819,0
ENSG00000087245,13316
ENSG00000249231,0
ENSG00000159398,0
ENSG00000237140,0
ENSG00000259517,0
ENSG00000261357,2
ENSG00000279030,0
ENSG00000261421,0
ENSG00000261047,0
ENSG00000261590,0
ENSG00000260255,0
ENSG00000261815,0
ENSG00000260744,0
ENSG00000261210,173
ENSG00000260341,0
ENSG00000261178,0
ENSG00000102970,0
ENSG00000259940,2
ENSG00000260012,0
ENSG00000260600,0
ENSG00000261742,0
ENSG00000283304,0
ENSG00000261234,0
ENSG00000166246,22
ENSG00000261299,0
ENSG00000279490,0
ENSG00000285800,0
ENSG00000260347,0
ENSG00000260430,0
ENSG00000259912,0
ENSG00000272545,0
ENSG00000260004,0
ENSG00000007545,576
ENSG00000258122,0
ENSG00000261028,0
ENSG00000260240,0
ENSG00000006007,4133
ENSG00000259759,0
ENSG00000261803,0
ENSG00000243609,0
ENSG00000102962,0
ENSG00000256812,0
ENSG00000260782,0
ENSG00000261014,0
ENSG00000261190,0
ENSG00000260068,0
ENSG00000278499,0
ENSG00000263207,0
ENSG00000260052,0
ENSG00000260450,2
ENSG00000274508,0
ENSG00000244043,0
ENSG00000260187,0
ENSG00000260364,0
ENSG00000260818,0
ENSG00000260345,0
ENSG00000261502,8
ENSG00000261807,2
ENSG00000241808,0
ENSG00000285775,0
ENSG00000224631,228
ENSG00000135720,7038
ENSG00000260887,0
ENSG00000258779,0
ENSG00000269622,0
ENSG00000103460,2185
ENSG00000261261,0
ENSG00000260695,0
ENSG00000141076,2769
ENSG00000261707,0
ENSG00000240760,0
ENSG00000260668,2
ENSG00000261404,0
ENSG00000087253,2605
ENSG00000231589,0
ENSG00000259847,0
ENSG00000168928,0
ENSG00000249961,0
ENSG00000280092,0
ENSG00000103089,0
ENSG00000261278,0
ENSG00000277770,0
ENSG00000213318,0
ENSG00000261376,0
ENSG00000261749,0
ENSG00000285538,0
ENSG00000260135,0
ENSG00000261154,0
ENSG00000260223,0
ENSG00000286845,0
ENSG00000261144,0
ENSG00000259791,0
ENSG00000261227,0
ENSG00000261774,0
ENSG00000261436,0
ENSG00000177508,30
ENSG00000259283,0
ENSG00000271009,12
ENSG00000244485,0
ENSG00000118557,6
ENSG00000260922,0
ENSG00000171724,2887
ENSG00000178573,5615
ENSG00000269986,0
ENSG00000103047,613
ENSG00000260726,0
ENSG00000259873,0
ENSG00000279427,0
ENSG00000279420,0
ENSG00000272330,0
ENSG00000152910,0
ENSG00000159593,5866
ENSG00000261764,0
ENSG00000260393,0
ENSG00000259209,2
ENSG00000278926,0
ENSG00000088682,799
ENSG00000260858,0
ENSG00000261743,0
ENSG00000070761,1639
ENSG00000287946,0
ENSG00000278862,0
ENSG00000261673,0
ENSG00000260983,0
ENSG00000131153,1686
ENSG00000168925,0
ENSG00000260848,0
ENSG00000260706,0
ENSG00000135736,112
ENSG00000260332,0
ENSG00000260896,0
ENSG00000259846,0
ENSG00000268754,0
ENSG00000279120,0
ENSG00000261997,0
ENSG00000234337,6
ENSG00000176692,0
ENSG00000259817,0
ENSG00000279591,0
ENSG00000050820,995
ENSG00000205078,22
ENSG00000286841,0
ENSG00000277214,0
ENSG00000260750,0
ENSG00000283423,0
ENSG00000131149,4437
ENSG00000260737,0
ENSG00000261243,0
ENSG00000279142,0
ENSG00000260795,0
ENSG00000103111,1532
ENSG00000270020,4
ENSG00000184939,2191
ENSG00000279757,0
ENSG00000103175,0
ENSG00000260466,0
ENSG00000287010,0
ENSG00000261458,0
ENSG00000280278,0
ENSG00000261286,0
ENSG00000278058,82
ENSG00000261161,0
ENSG00000268473,0
ENSG00000140948,3286
ENSG00000260671,0
ENSG00000259989,0
ENSG00000260177,0
ENSG00000157423,110
ENSG00000172840,1044
ENSG00000261273,0
ENSG00000277504,0
ENSG00000135686,1570
ENSG00000168404,0
ENSG00000261363,0
ENSG00000260387,0
ENSG00000261175,0
ENSG00000005194,2990
ENSG00000154118,13
ENSG00000270945,2
ENSG00000140937,419
ENSG00000140950,365
ENSG00000103091,838
ENSG00000103248,334
ENSG00000232190,0
ENSG00000243697,0
ENSG00000287161,0
ENSG00000103257,1890
ENSG00000269935,0
ENSG00000104731,789
ENSG00000261653,0
ENSG00000270124,6
ENSG00000261058,0
ENSG00000274478,0
ENSG00000168589,20
ENSG00000259867,199
ENSG00000269826,0
ENSG00000286221,0
ENSG00000159618,0
ENSG00000103335,1080
ENSG00000168748,0
ENSG00000260876,1
ENSG00000260530,0
ENSG00000168367,0
ENSG00000260026,0
ENSG00000261285,0
ENSG00000260880,0
ENSG00000260115,0
ENSG00000226180,14
ENSG00000278893,0
ENSG00000268532,0
ENSG00000247033,0
ENSG00000278716,6
ENSG00000284670,8
ENSG00000260715,0
ENSG00000261199,0
ENSG00000270222,0
ENSG00000273659,0
ENSG00000261063,0
ENSG00000006210,324
ENSG00000259999,0
ENSG00000286653,0
ENSG00000261818,0
ENSG00000260183,0
ENSG00000260594,0
ENSG00000283689,0
ENSG00000153774,2015
ENSG00000250514,0
ENSG00000245768,4
ENSG00000260417,6
ENSG00000140876,55
ENSG00000287885,0
ENSG00000260504,0
ENSG00000284675,0
ENSG00000280261,0
ENSG00000176678,0
ENSG00000184517,2084
ENSG00000140836,2669
ENSG00000259995,0
ENSG00000226348,0
ENSG00000168411,3278
ENSG00000261783,15
ENSG00000277559,0
ENSG00000260797,0
ENSG00000261313,0
ENSG00000262904,2
ENSG00000186187,859
ENSG00000140873,17
ENSG00000279856,0
ENSG00000140718,3758
ENSG00000283258,0
ENSG00000283457,0
ENSG00000279225,2
ENSG00000237901,0
ENSG00000288568,0
ENSG00000261082,0
ENSG00000103187,12090
ENSG00000261010,0
ENSG00000103121,797
ENSG00000102978,2930
ENSG00000118900,2251
ENSG00000246777,30
ENSG00000259864,0
ENSG00000259711,0
ENSG00000261471,0
ENSG00000260237,0
ENSG00000260812,0
ENSG00000280152,2
ENSG00000154102,3
ENSG00000268388,0
ENSG00000275040,0
ENSG00000260923,0
ENSG00000279378,0
ENSG00000279206,0
ENSG00000261638,4
ENSG00000103241,0
ENSG00000260701,0
ENSG00000166446,1108
ENSG00000260064,0
ENSG00000287694,0
ENSG00000260945,0
ENSG00000183793,7
ENSG00000285850,0
ENSG00000261310,0
ENSG00000259725,0
ENSG00000259844,0
ENSG00000260147,0
ENSG00000278739,0
ENSG00000263955,6
ENSG00000278700,0
ENSG00000276641,0
ENSG00000276096,0
ENSG00000264733,0
ENSG00000199474,0
ENSG00000222750,0
ENSG00000238685,0
ENSG00000207167,0
ENSG00000265005,0
ENSG00000199929,0
ENSG00000252624,0
ENSG00000251915,0
ENSG00000222170,0
ENSG00000251924,0
ENSG00000252094,0
ENSG00000275909,0
ENSG00000199448,0
ENSG00000252182,0
ENSG00000253055,0
ENSG00000252647,0
ENSG00000252268,0
ENSG00000251760,0
ENSG00000251717,0
ENSG00000252806,0
ENSG00000252673,0
ENSG00000252587,0
ENSG00000252936,0
ENSG00000276599,0
ENSG00000277004,0
ENSG00000274228,0
ENSG00000280454,0
ENSG00000200434,0
ENSG00000222207,0
ENSG00000239555,0
ENSG00000200062,0
ENSG00000207441,0
ENSG00000275808,0
ENSG00000201289,0
ENSG00000238731,0
ENSG00000251868,0
ENSG00000199299,0
ENSG00000252101,0
ENSG00000252814,0
ENSG00000201361,0
ENSG00000252022,0
ENSG00000283564,0
ENSG00000266426,0
ENSG00000278598,0
ENSG00000263968,13
ENSG00000199949,0
ENSG00000131650,25
ENSG00000127564,144
ENSG00000162073,317
ENSG00000274367,0
ENSG00000262152,2
ENSG00000262362,0
ENSG00000272079,42
ENSG00000213937,0
ENSG00000184697,6
ENSG00000131652,289
ENSG00000162069,0
ENSG00000205890,0
ENSG00000252561,0
ENSG00000200204,0
ENSG00000130182,0
ENSG00000085644,268
ENSG00000228146,0
ENSG00000261889,6
ENSG00000262521,0
ENSG00000203581,0
ENSG00000279330,0
ENSG00000279031,0
ENSG00000140993,161
ENSG00000262899,0
ENSG00000262316,0
ENSG00000168158,0
ENSG00000285329,0
ENSG00000262118,0
ENSG00000263177,0
ENSG00000103343,428
ENSG00000167981,410
ENSG00000122390,1101
ENSG00000263212,0
ENSG00000273776,0
ENSG00000215131,0
ENSG00000240311,0
ENSG00000103351,1110
ENSG00000278942,0
ENSG00000167984,55
ENSG00000262312,0
ENSG00000261938,0
ENSG00000263235,4
ENSG00000126602,1622
ENSG00000276754,0
ENSG00000262471,0
ENSG00000263105,0
ENSG00000185739,0
ENSG00000090447,568
ENSG00000126603,397
ENSG00000262686,0
ENSG00000217930,17
ENSG00000262712,4
ENSG00000103426,0
ENSG00000280063,2
ENSG00000262246,18
ENSG00000168140,246
ENSG00000103423,1680
ENSG00000277170,0
ENSG00000277440,0
ENSG00000275515,0
ENSG00000103415,701
ENSG00000206755,0
ENSG00000281991,0
ENSG00000260899,0
ENSG00000156873,334
ENSG00000196118,19
ENSG00000280211,6
ENSG00000102870,2158
ENSG00000274848,0
ENSG00000260082,0
ENSG00000274678,0
ENSG00000265991,0
ENSG00000262721,0
ENSG00000211591,0
ENSG00000230447,0
ENSG00000260852,81
ENSG00000261487,0
ENSG00000175938,134
ENSG00000275263,25
ENSG00000279196,0
ENSG00000099377,10
ENSG00000099365,116
ENSG00000103496,540
ENSG00000260911,0
ENSG00000232748,10
ENSG00000167394,243
ENSG00000261124,0
ENSG00000167395,855
ENSG00000255439,0
ENSG00000167397,122
ENSG00000280160,1
ENSG00000103507,862
ENSG00000103510,521
ENSG00000262766,0
ENSG00000278133,224
ENSG00000261385,0
ENSG00000052344,0
ENSG00000178226,6
ENSG00000263343,0
ENSG00000262366,0
ENSG00000260304,0
ENSG00000260060,0
ENSG00000103490,0
ENSG00000261359,0
ENSG00000177238,0
ENSG00000263331,0
ENSG00000262983,0
ENSG00000103310,0
ENSG00000175311,0
ENSG00000283421,0
ENSG00000189149,0
ENSG00000257403,0
ENSG00000158482,0
ENSG00000276548,0
ENSG00000103174,117
ENSG00000260882,0
ENSG00000118894,253
ENSG00000267070,0
ENSG00000285567,0
ENSG00000273963,0
ENSG00000260431,0
ENSG00000261811,0
ENSG00000260817,0
ENSG00000242278,0
ENSG00000267182,0
ENSG00000261007,0
ENSG00000260338,0
ENSG00000273648,0
ENSG00000270440,0
ENSG00000280000,0
ENSG00000257180,0
ENSG00000286635,0
ENSG00000260835,0
ENSG00000278975,0
ENSG00000259963,0
ENSG00000252080,0
ENSG00000200869,0
ENSG00000212189,0
ENSG00000240419,0
ENSG00000283584,0
ENSG00000261198,0
ENSG00000252138,0
ENSG00000102891,0
ENSG00000125148,116
ENSG00000260823,0
ENSG00000169715,0
ENSG00000205364,0
ENSG00000205362,0
ENSG00000205360,0
ENSG00000259923,0
ENSG00000169688,0
ENSG00000198417,0
ENSG00000187193,1
ENSG00000259827,0
ENSG00000261429,0
ENSG00000103316,4
ENSG00000140749,0
ENSG00000207248,0
ENSG00000207042,0
ENSG00000260306,0
ENSG00000276721,0
ENSG00000140740,8065
ENSG00000260395,0
ENSG00000275445,5
ENSG00000260452,0
ENSG00000200652,0
ENSG00000200138,0
ENSG00000250982,0
ENSG00000283662,0
ENSG00000188322,2359
ENSG00000246465,26
ENSG00000271623,0
ENSG00000275429,0
ENSG00000261089,6
ENSG00000275654,0
ENSG00000270118,0
ENSG00000261832,0
ENSG00000197272,0
ENSG00000271495,0
ENSG00000176476,363
ENSG00000278665,0
ENSG00000278725,0
ENSG00000285020,0
ENSG00000261419,0
ENSG00000259982,0
ENSG00000278340,0
ENSG00000270424,0
ENSG00000278528,0
ENSG00000251417,2
ENSG00000240634,2
ENSG00000260796,0
ENSG00000275807,16
ENSG00000260570,0
ENSG00000178952,5736
ENSG00000283845,0
ENSG00000261766,0
ENSG00000252461,0
ENSG00000177548,241
ENSG00000177455,0
ENSG00000260853,18
ENSG00000284541,0
ENSG00000260367,12
ENSG00000169682,4
ENSG00000261067,0
ENSG00000261552,0
ENSG00000103472,0
ENSG00000284671,0
ENSG00000260517,0
ENSG00000279106,0
ENSG00000259807,12
ENSG00000273582,0
ENSG00000260953,0
ENSG00000277999,0
ENSG00000198106,0
ENSG00000260413,0
ENSG00000278078,0
ENSG00000254634,4
ENSG00000260335,0
ENSG00000260280,0
ENSG00000257691,0
ENSG00000257506,0
ENSG00000277191,0
ENSG00000279583,0
ENSG00000266758,0
ENSG00000260133,0
ENSG00000260514,0
ENSG00000197471,0
ENSG00000288632,2
ENSG00000205534,326
ENSG00000260727,0
ENSG00000149930,1571
ENSG00000149929,1098
ENSG00000169592,775
ENSG00000149927,16
ENSG00000274904,0
ENSG00000149923,3796
ENSG00000090238,206
ENSG00000102886,4
ENSG00000261367,0
ENSG00000275371,0
ENSG00000102882,1441
ENSG00000261416,0
ENSG00000169627,0
ENSG00000213599,0
ENSG00000261444,0
ENSG00000261203,0
ENSG00000273724,0
ENSG00000169217,3059
ENSG00000169221,1052
ENSG00000274653,0
ENSG00000180269,0
ENSG00000132207,0
ENSG00000213648,0
ENSG00000198848,0
ENSG00000090863,14473
ENSG00000260456,54
ENSG00000186260,2476
ENSG00000205609,54
ENSG00000225614,38
ENSG00000184110,740
ENSG00000007541,506
ENSG00000196296,24
ENSG00000089280,14984
ENSG00000205358,0
ENSG00000087250,12
ENSG00000185615,4
ENSG00000006327,538
ENSG00000103145,335
ENSG00000181938,784
ENSG00000103227,425
ENSG00000159387,0
ENSG00000067836,225
ENSG00000155666,89
ENSG00000140623,0
ENSG00000155719,0
ENSG00000169900,0
ENSG00000261052,0
ENSG00000263179,0
ENSG00000175643,446
ENSG00000178279,0
ENSG00000178257,0
ENSG00000212228,0
ENSG00000122304,0
ENSG00000175646,0
ENSG00000287429,0
ENSG00000221801,0
ENSG00000199668,0
ENSG00000263080,0
ENSG00000262703,0
ENSG00000262636,0
ENSG00000262999,0
ENSG00000184602,9255
ENSG00000262420,0
ENSG00000274505,0
ENSG00000278985,14
ENSG00000260213,0
ENSG00000284512,14
ENSG00000261061,0
ENSG00000166454,7140
ENSG00000260643,43
ENSG00000261141,3
ENSG00000261838,4
ENSG00000245059,0
ENSG00000140905,267
ENSG00000252608,0
ENSG00000286759,0
ENSG00000135697,91
ENSG00000280182,0
ENSG00000260495,4
ENSG00000284473,0
ENSG00000279021,0
ENSG00000260229,6
ENSG00000279476,0
ENSG00000277255,0
ENSG00000275109,0
ENSG00000279681,0
ENSG00000279294,0
ENSG00000279841,4
ENSG00000239118,0
ENSG00000241183,0
ENSG00000090857,1999
ENSG00000247228,0
ENSG00000261145,0
ENSG00000223496,2531
ENSG00000265648,0
ENSG00000157349,464
ENSG00000260537,0
ENSG00000261777,17
ENSG00000168872,431
ENSG00000285710,0
ENSG00000157350,879
ENSG00000260111,0
ENSG00000240043,0
ENSG00000200153,0
ENSG00000157353,234
ENSG00000189091,15609
ENSG00000221514,0
ENSG00000221066,0
ENSG00000090861,5764
ENSG00000252122,0
ENSG00000261717,0
ENSG00000274220,44
ENSG00000166822,1966
ENSG00000261476,0
ENSG00000183196,67
ENSG00000203472,0
ENSG00000273971,0
ENSG00000260092,0
ENSG00000259992,0
ENSG00000276408,20
ENSG00000034713,5294
ENSG00000276523,0
ENSG00000287194,0
ENSG00000166848,8371
ENSG00000282757,0
ENSG00000240199,0
ENSG00000261424,2
ENSG00000283755,0
ENSG00000200468,0
ENSG00000252927,0
ENSG00000260362,0
ENSG00000283221,0
ENSG00000287830,0
ENSG00000261810,0
ENSG00000261647,0
ENSG00000285543,0
ENSG00000266439,0
ENSG00000260756,0
ENSG00000279662,0
ENSG00000199482,0
ENSG00000246379,111
ENSG00000279523,0
ENSG00000260041,0
ENSG00000261439,0
ENSG00000265281,0
ENSG00000287866,0
ENSG00000260198,0
ENSG00000279764,0
ENSG00000272372,51
ENSG00000159461,6049
ENSG00000260621,0
ENSG00000087263,2577
ENSG00000065427,10174
ENSG00000261609,1604
ENSG00000007384,152
ENSG00000278995,0
ENSG00000103148,908
ENSG00000269482,0
ENSG00000228779,0
ENSG00000130656,0
ENSG00000206177,0
ENSG00000206178,0
ENSG00000225323,0
ENSG00000188536,0
ENSG00000206172,0
ENSG00000207243,0
ENSG00000086506,12
ENSG00000202336,0
ENSG00000182810,472
ENSG00000261864,0
ENSG00000072736,1400
ENSG00000201850,0
ENSG00000212445,0
ENSG00000262514,0
ENSG00000279621,0
ENSG00000240435,0
ENSG00000260891,0
ENSG00000263276,5
ENSG00000262160,0
ENSG00000103067,0
ENSG00000284259,0
ENSG00000261469,0
ENSG00000103066,288
ENSG00000260441,0
ENSG00000103064,592
ENSG00000252026,1
ENSG00000103061,111
ENSG00000279649,2
ENSG00000259797,0
ENSG00000222177,0
ENSG00000103056,159
ENSG00000279693,11
ENSG00000287760,34
ENSG00000274698,21
ENSG00000199263,0
ENSG00000241334,0
ENSG00000201164,0
ENSG00000260228,0
ENSG00000103150,64
ENSG00000260932,0
ENSG00000140961,0
ENSG00000199350,0
ENSG00000285792,0
ENSG00000274677,2
ENSG00000260410,4
ENSG00000103160,6426
ENSG00000154099,0
ENSG00000140955,0
ENSG00000250685,0
ENSG00000166558,2
ENSG00000169896,0
ENSG00000140678,0
ENSG00000261245,0
ENSG00000156886,0
ENSG00000260757,0
ENSG00000156885,0
ENSG00000277543,0
ENSG00000176723,3
ENSG00000261474,2
ENSG00000260267,31
ENSG00000140691,160
ENSG00000280132,8
ENSG00000140682,180
ENSG00000140675,0
ENSG00000140688,284
ENSG00000260740,0
ENSG00000169877,0
ENSG00000261475,0
ENSG00000261648,0
ENSG00000213547,0
ENSG00000260883,0
ENSG00000278885,0
ENSG00000261614,0
ENSG00000260010,0
ENSG00000237185,0
ENSG00000103502,860
ENSG00000278713,0
ENSG00000174939,12
ENSG00000279789,2
ENSG00000247735,2
ENSG00000149925,62
ENSG00000074071,1237
ENSG00000095906,1011
ENSG00000099769,0
ENSG00000063854,1486
ENSG00000260541,2
ENSG00000281219,0
ENSG00000259947,0
ENSG00000162040,0
ENSG00000279569,0
ENSG00000103043,1001
ENSG00000279412,10
ENSG00000260156,0
ENSG00000214353,2
ENSG00000279815,0
ENSG00000279122,0
ENSG00000279123,0
ENSG00000221725,0
ENSG00000259833,0
ENSG00000259798,0
ENSG00000153060,4
ENSG00000263279,0
ENSG00000263241,0
ENSG00000262107,0
ENSG00000261904,0
ENSG00000262322,0
ENSG00000262259,0
ENSG00000263196,0
ENSG00000262158,0
ENSG00000262381,0
ENSG00000103274,165
ENSG00000166676,0
ENSG00000262488,2
ENSG00000262151,0
ENSG00000182108,134
ENSG00000280153,0
ENSG00000168434,297
ENSG00000280039,0
ENSG00000212593,0
ENSG00000259782,0
ENSG00000260136,20
ENSG00000103365,2051
ENSG00000261528,0
ENSG00000103356,1375
ENSG00000260247,0
ENSG00000103353,9732
ENSG00000260751,10
ENSG00000004779,2490
ENSG00000261723,0
ENSG00000166847,10091
ENSG00000260482,0
ENSG00000166851,1752
ENSG00000261266,0
ENSG00000278912,0
ENSG00000206053,11674
ENSG00000278987,0
ENSG00000275092,10
ENSG00000265820,0
ENSG00000261207,0
ENSG00000243445,0
ENSG00000238098,4
ENSG00000162063,681
ENSG00000285970,0
ENSG00000283180,0
ENSG00000260095,4
ENSG00000260874,0
ENSG00000162062,162
ENSG00000274805,0
ENSG00000259895,0
ENSG00000162068,6
ENSG00000260293,73
ENSG00000260272,0
ENSG00000185883,0
ENSG00000259784,0
ENSG00000279520,2
ENSG00000205923,0
ENSG00000266232,0
ENSG00000140992,1652
ENSG00000261613,0
ENSG00000261288,0
ENSG00000269937,16
ENSG00000261140,0
ENSG00000260436,0
ENSG00000279568,0
ENSG00000280402,0
ENSG00000279162,0
ENSG00000261093,0
ENSG00000279057,0
ENSG00000260176,2
ENSG00000162065,864
ENSG00000166783,3821
ENSG00000257769,0
ENSG00000284184,0
ENSG00000283736,0
ENSG00000262380,0
ENSG00000280206,138
ENSG00000263335,0
ENSG00000263065,0
ENSG00000280429,0
ENSG00000072864,631
ENSG00000259840,0
ENSG00000103260,1201
ENSG00000103254,88
ENSG00000103245,267
ENSG00000102854,0
ENSG00000279136,0
ENSG00000162006,0
ENSG00000207579,0
ENSG00000197912,2136
ENSG00000261118,6
ENSG00000200084,0
ENSG00000178773,0
ENSG00000275734,45
ENSG00000185324,606
ENSG00000260259,0
ENSG00000158792,144
ENSG00000075399,169
ENSG00000261373,4
ENSG00000131165,2243
ENSG00000150281,14
ENSG00000155714,3
ENSG00000103194,4994
ENSG00000064270,24
ENSG00000166455,0
ENSG00000010539,927
ENSG00000007392,1159
ENSG00000162086,252
ENSG00000169180,3222
ENSG00000122386,93
ENSG00000166816,8
ENSG00000059122,310
ENSG00000166164,3066
ENSG00000157335,2
ENSG00000167526,27367
ENSG00000140807,711
ENSG00000260029,0
ENSG00000278909,0
ENSG00000205414,0
ENSG00000260249,0
ENSG00000270120,0
ENSG00000264947,0
ENSG00000260616,0
ENSG00000261703,0
ENSG00000260042,0
ENSG00000199771,0
ENSG00000260828,0
ENSG00000205336,9141
ENSG00000261633,0
ENSG00000182885,0
ENSG00000260467,0
ENSG00000159625,3
ENSG00000260438,0
ENSG00000140854,1180
ENSG00000276166,0
ENSG00000274816,0
ENSG00000187185,0
ENSG00000206833,0
ENSG00000083799,1338
ENSG00000259962,0
ENSG00000262714,0
ENSG00000279741,0
ENSG00000280027,0
ENSG00000252569,0
ENSG00000259926,0
ENSG00000279344,0
ENSG00000279722,6
ENSG00000166971,1026
ENSG00000287909,0
ENSG00000275191,4
ENSG00000261630,0
ENSG00000280392,0
ENSG00000260194,0
ENSG00000204991,156
ENSG00000141002,3578
ENSG00000267048,0
ENSG00000258839,21
ENSG00000198211,0
ENSG00000259006,3
ENSG00000141013,144
ENSG00000221819,0
ENSG00000260507,0
ENSG00000261172,0
ENSG00000277349,0
ENSG00000003249,1532
ENSG00000259843,0
ENSG00000261835,0
ENSG00000273829,0
ENSG00000260298,0
ENSG00000279356,0
ENSG00000202124,0
ENSG00000260381,0
ENSG00000287444,0
ENSG00000260031,1
ENSG00000252526,0
ENSG00000207649,4
ENSG00000070915,0
ENSG00000283471,0
ENSG00000243988,0
ENSG00000051108,3122
ENSG00000261270,0
ENSG00000261114,7
ENSG00000087237,0
ENSG00000259922,0
ENSG00000260145,0
ENSG00000260148,0
ENSG00000140848,2962
ENSG00000279019,4
ENSG00000279803,0
ENSG00000172775,5245
ENSG00000285979,0
ENSG00000102931,109
ENSG00000276663,0
ENSG00000260038,0
ENSG00000260965,0
ENSG00000271456,0
ENSG00000125149,523
ENSG00000237172,46
ENSG00000102871,10
ENSG00000135722,4
ENSG00000265690,0
ENSG00000196123,703
ENSG00000179044,7
ENSG00000205250,636
ENSG00000102890,2
ENSG00000207948,0
ENSG00000280163,0
ENSG00000168701,968
ENSG00000135723,202
ENSG00000135740,0
ENSG00000262691,0
ENSG00000168676,0
ENSG00000201201,0
ENSG00000159708,2
ENSG00000159713,106
ENSG00000239194,0
ENSG00000159714,139
ENSG00000176387,76
ENSG00000261320,0
ENSG00000159723,0
ENSG00000241067,0
ENSG00000262332,0
ENSG00000263029,0
ENSG00000262848,0
ENSG00000257381,0
ENSG00000264722,0
ENSG00000257366,0
ENSG00000265373,0
ENSG00000244257,0
ENSG00000206706,0
ENSG00000183889,4
ENSG00000278221,0
ENSG00000277698,0
ENSG00000277920,0
ENSG00000227827,12
ENSG00000276311,0
ENSG00000265113,0
ENSG00000260914,0
ENSG00000132612,1469
ENSG00000213380,333
ENSG00000258429,21
ENSG00000272617,0
ENSG00000260371,0
ENSG00000259900,0
ENSG00000132603,2459
ENSG00000157315,35
ENSG00000132604,1631
ENSG00000261527,0
ENSG00000260108,0
ENSG00000223109,0
ENSG00000274093,0
ENSG00000176715,257
ENSG00000261546,0
ENSG00000180422,0
ENSG00000205015,0
ENSG00000129910,0
ENSG00000260659,0
ENSG00000268218,1
ENSG00000260279,0
ENSG00000261253,0
ENSG00000170100,1568
ENSG00000103226,458
ENSG00000273551,0
ENSG00000196557,367
ENSG00000260403,9
ENSG00000259910,0
ENSG00000261294,0
ENSG00000277010,0
ENSG00000197253,0
ENSG00000172236,0
ENSG00000095917,0
ENSG00000260182,0
ENSG00000261564,0
ENSG00000260991,0
ENSG00000260284,0
ENSG00000274751,0
ENSG00000261505,2
ENSG00000219274,0
ENSG00000103275,3898
ENSG00000007516,262
ENSG00000007520,664
ENSG00000260425,0
ENSG00000133393,2589
ENSG00000206778,0
ENSG00000262171,0
ENSG00000215003,22
ENSG00000180035,2192
ENSG00000280137,0
ENSG00000179965,414
ENSG00000199787,0
ENSG00000179918,1938
ENSG00000202476,0
ENSG00000222701,0
ENSG00000261346,0
ENSG00000260487,0
ENSG00000251706,0
ENSG00000261332,0
ENSG00000266305,0
ENSG00000169957,565
ENSG00000261459,0
ENSG00000278922,38
ENSG00000235560,2
ENSG00000260494,0
ENSG00000169951,297
ENSG00000239791,0
ENSG00000197162,172
ENSG00000260167,0
ENSG00000261588,0
ENSG00000156853,641
ENSG00000260678,0
ENSG00000261680,0
ENSG00000260113,0
ENSG00000156858,782
ENSG00000156860,1600
ENSG00000252074,0
ENSG00000222287,0
ENSG00000005844,0
ENSG00000260545,0
ENSG00000260927,7
ENSG00000070770,1946
ENSG00000260867,0
ENSG00000240863,0
ENSG00000103023,0
ENSG00000179958,1698
ENSG00000261181,0
ENSG00000261362,0
ENSG00000103222,1982
ENSG00000102924,90
ENSG00000280189,0
ENSG00000166152,0
ENSG00000263110,0
ENSG00000261623,0
ENSG00000102935,3741
ENSG00000260089,0
ENSG00000260024,0
ENSG00000280131,0
ENSG00000259978,0
ENSG00000275155,6
ENSG00000279842,0
ENSG00000261751,0
ENSG00000244551,0
ENSG00000283365,0
ENSG00000121281,4
ENSG00000274969,0
ENSG00000121274,1947
ENSG00000179776,12
ENSG00000260146,0
ENSG00000260755,0
ENSG00000261519,0
ENSG00000275745,0
ENSG00000217555,0
ENSG00000254788,0
ENSG00000277978,0
ENSG00000140932,0
ENSG00000260650,0
ENSG00000140931,1292
ENSG00000183723,2712
ENSG00000260465,0
ENSG00000287965,0
ENSG00000260558,0
ENSG00000188603,21
ENSG00000166780,1056
ENSG00000133392,16
ENSG00000176046,53
ENSG00000197165,0
ENSG00000261656,0
ENSG00000260851,0
ENSG00000166548,424
ENSG00000167977,1556
ENSG00000279901,0
ENSG00000172382,15
ENSG00000205913,46
ENSG00000276791,10
ENSG00000221719,0
ENSG00000007038,0
ENSG00000262154,0
ENSG00000005001,0
ENSG00000263325,0
ENSG00000153446,0
ENSG00000140995,1064
ENSG00000103168,208
ENSG00000011638,252
ENSG00000162066,22
ENSG00000099364,1111
ENSG00000099385,787
ENSG00000103549,2499
ENSG00000153066,569
ENSG00000153406,154
ENSG00000103253,48
ENSG00000089505,0
ENSG00000260084,0
ENSG00000275383,0
ENSG00000252040,0
ENSG00000252640,0
ENSG00000062038,8
ENSG00000260577,0
ENSG00000260860,0
ENSG00000261395,2
ENSG00000039068,6
ENSG00000200558,0
ENSG00000260798,0
ENSG00000260459,0
ENSG00000199979,0
ENSG00000277211,0
ENSG00000263253,0
ENSG00000227624,0
ENSG00000169347,0
ENSG00000169344,0
ENSG00000169340,0
ENSG00000263237,0
ENSG00000183549,0
ENSG00000262995,0
ENSG00000183747,0
ENSG00000280306,0
ENSG00000008516,6
ENSG00000167194,0
ENSG00000212379,0
ENSG00000261078,0
ENSG00000252271,0
ENSG00000276131,0
ENSG00000260186,6
ENSG00000200556,0
ENSG00000103037,54
ENSG00000125107,12041
ENSG00000276259,0
ENSG00000207493,0
ENSG00000206952,0
ENSG00000281910,0
ENSG00000260865,0
ENSG00000103042,842
ENSG00000279889,0
ENSG00000125166,4546
ENSG00000200424,0
ENSG00000244003,0
ENSG00000260451,0
ENSG00000242423,0
ENSG00000103479,1787
ENSG00000103494,1401
ENSG00000258947,85
ENSG00000065457,1103
ENSG00000070729,4
ENSG00000229917,0
ENSG00000274038,0
ENSG00000262020,0
ENSG00000159579,5448
ENSG00000189067,2681
ENSG00000183454,672
ENSG00000260468,0
ENSG00000213853,465
ENSG00000256013,0
ENSG00000260310,0
ENSG00000234186,0
ENSG00000166188,561
ENSG00000229809,154
ENSG00000166451,1288
ENSG00000205423,738
ENSG00000205730,595
ENSG00000126856,0
ENSG00000196155,0
ENSG00000090581,549
ENSG00000066813,0
ENSG00000260201,0
ENSG00000260762,0
ENSG00000005187,6
ENSG00000275315,0
ENSG00000274730,0
ENSG00000066654,3908
ENSG00000283399,0
ENSG00000285303,0
ENSG00000260510,0
ENSG00000200893,0
ENSG00000005189,270
ENSG00000275908,0
ENSG00000166743,0
ENSG00000279357,0
ENSG00000183044,5118
ENSG00000243954,0
ENSG00000238417,0
ENSG00000260764,0
ENSG00000184857,280
ENSG00000260350,0
ENSG00000153048,2915
ENSG00000261481,0
ENSG00000260979,14
ENSG00000288715,0
ENSG00000261692,0
ENSG00000287351,0
ENSG00000252887,0
ENSG00000270832,0
ENSG00000086504,1508
ENSG00000129925,919
ENSG00000236829,14
ENSG00000103202,3632
ENSG00000242612,87
ENSG00000276984,10
ENSG00000125144,0
ENSG00000262120,0
ENSG00000260734,0
ENSG00000262008,0
ENSG00000261611,0
ENSG00000247324,0
ENSG00000157429,201
ENSG00000260520,0
ENSG00000140835,0
ENSG00000260015,0
ENSG00000252339,0
ENSG00000260886,0
ENSG00000198650,0
ENSG00000260593,0
ENSG00000140832,6
ENSG00000040199,1036
ENSG00000260185,4
ENSG00000199301,0
ENSG00000263666,0
ENSG00000261513,9
ENSG00000260612,0
ENSG00000166747,9361
ENSG00000223224,0
ENSG00000283057,0
ENSG00000262140,2
ENSG00000279592,0
ENSG00000260326,0
ENSG00000260258,0
ENSG00000260939,0
ENSG00000261291,0
ENSG00000280227,0
ENSG00000261056,6
ENSG00000279589,6
ENSG00000238645,0
ENSG00000202193,0
ENSG00000103546,0
ENSG00000278928,0
ENSG00000260765,10
ENSG00000261330,0
ENSG00000261540,0
ENSG00000166509,14
ENSG00000260731,0
ENSG00000261776,0
ENSG00000186153,501
ENSG00000276007,14
ENSG00000279991,0
ENSG00000260969,0
ENSG00000287106,0
ENSG00000260014,0
ENSG00000260733,0
ENSG00000279887,0
ENSG00000261837,0
ENSG00000279129,0
ENSG00000286894,0
ENSG00000243101,0
ENSG00000280115,0
ENSG00000280190,0
ENSG00000260816,0
ENSG00000279732,0
ENSG00000261537,4
ENSG00000280274,0
ENSG00000260694,0
ENSG00000260479,0
ENSG00000260511,0
ENSG00000277954,120
ENSG00000285918,31
ENSG00000261722,17
ENSG00000222244,0
ENSG00000261472,0
ENSG00000175595,1144
ENSG00000242307,0
ENSG00000262732,0
ENSG00000263234,0
ENSG00000261856,0
ENSG00000276564,96
ENSG00000262529,0
ENSG00000262470,0
ENSG00000091262,38
ENSG00000118898,2
ENSG00000103184,4
ENSG00000267072,0
ENSG00000033011,573
ENSG00000162004,0
ENSG00000134398,2
ENSG00000261583,0
ENSG00000279756,0
ENSG00000166869,0
ENSG00000166501,10
ENSG00000279276,0
ENSG00000279202,0
ENSG00000274466,0
ENSG00000279554,0
ENSG00000260264,0
ENSG00000006116,0
ENSG00000201541,0
ENSG00000239081,0
ENSG00000260072,0
ENSG00000122257,1701
ENSG00000261392,0
ENSG00000182831,7535
ENSG00000263244,0
ENSG00000260349,0
ENSG00000220793,4
ENSG00000140650,604
ENSG00000167005,4581
ENSG00000288725,0
ENSG00000125124,758
ENSG00000224470,2223
ENSG00000182149,5802
ENSG00000102984,219
ENSG00000261765,0
ENSG00000242176,0
ENSG00000263311,0
ENSG00000263232,0
ENSG00000102967,222
ENSG00000140830,732
ENSG00000260252,0
ENSG00000140829,1709
ENSG00000166589,0
ENSG00000166592,0
ENSG00000166595,1142
ENSG00000172831,1168
ENSG00000265408,0
ENSG00000280416,0
ENSG00000172828,75
ENSG00000280334,0
ENSG00000265918,0
ENSG00000067955,5505
ENSG00000102878,0
ENSG00000099381,969
ENSG00000103024,156
ENSG00000285043,17
ENSG00000159648,0
ENSG00000185338,6
ENSG00000213918,29
ENSG00000168488,2567
ENSG00000197774,115
ENSG00000167523,574
ENSG00000168418,0
ENSG00000103404,952
ENSG00000205832,6
ENSG00000277481,0
ENSG00000008517,2
ENSG00000261284,0
ENSG00000259874,0
ENSG00000185947,818
ENSG00000259950,0
ENSG00000261289,0
ENSG00000197476,0
ENSG00000260218,0
ENSG00000261727,0
ENSG00000261704,0
ENSG00000223931,0
ENSG00000260048,0
ENSG00000270472,0
ENSG00000260584,0
ENSG00000286473,0
ENSG00000279997,0
ENSG00000260847,0
ENSG00000260649,0
ENSG00000260540,0
ENSG00000260344,0
ENSG00000260575,0
ENSG00000260402,0
ENSG00000103355,62
ENSG00000177200,4060
ENSG00000135702,0
ENSG00000174938,414
ENSG00000259803,0
ENSG00000255524,0
ENSG00000180209,0
ENSG00000180917,2050
ENSG00000261260,0
ENSG00000172137,4
ENSG00000261348,0
ENSG00000167377,34
ENSG00000222375,0
ENSG00000185905,0
ENSG00000260719,0
ENSG00000174992,0
ENSG00000275857,0
ENSG00000259952,0
ENSG00000238045,0
ENSG00000280607,0
ENSG00000167371,31
ENSG00000280893,0
ENSG00000280789,252
ENSG00000281348,0
ENSG00000013364,579
ENSG00000079616,1262
ENSG00000138834,1270
ENSG00000285848,0
ENSG00000103196,4
ENSG00000260859,0
ENSG00000279622,0
ENSG00000260340,0
ENSG00000153786,1272
ENSG00000153789,4
ENSG00000278214,0
ENSG00000275088,0
ENSG00000287787,11
ENSG00000270313,0
ENSG00000179219,0
ENSG00000266307,0
ENSG00000135709,354
ENSG00000286808,14
ENSG00000140743,1478
ENSG00000260635,0
ENSG00000260790,0
ENSG00000230872,0
ENSG00000277041,0
ENSG00000260973,0
ENSG00000260905,0
ENSG00000196678,874
ENSG00000188215,787
ENSG00000102897,1902
ENSG00000289491,0
ENSG00000260439,0
ENSG00000276931,9
ENSG00000260807,176
ENSG00000005513,2227
ENSG00000260496,0
ENSG00000261720,0
ENSG00000260702,0
ENSG00000162078,0
ENSG00000289281,0
ENSG00000132600,855
ENSG00000288026,0
ENSG00000261017,0
ENSG00000261538,0
ENSG00000121270,2
ENSG00000176842,122
ENSG00000132613,658
ENSG00000140987,518
ENSG00000184730,0
ENSG00000185864,29
ENSG00000149922,0
ENSG00000167208,0
ENSG00000184471,0
ENSG00000153815,3078
ENSG00000159720,4516
ENSG00000261701,0
ENSG00000103021,196
ENSG00000157106,4010
ENSG00000167522,3210
ENSG00000257017,0
ENSG00000162009,0
ENSG00000287718,0
ENSG00000261282,0
ENSG00000261238,0
ENSG00000280344,0
ENSG00000103449,3078
ENSG00000180096,25
ENSG00000157368,4
ENSG00000116176,10
ENSG00000103154,230
ENSG00000149926,266
ENSG00000140943,5517
ENSG00000279100,0
ENSG00000260471,0
ENSG00000261248,0
ENSG00000275236,0
ENSG00000103035,2337
ENSG00000259972,29
ENSG00000239763,0
ENSG00000260884,9
ENSG00000261079,6
ENSG00000276822,4
ENSG00000140839,230
ENSG00000261170,14
ENSG00000251794,0
ENSG00000207525,0
ENSG00000240861,0
ENSG00000196436,8
ENSG00000140798,0
ENSG00000205084,1979
ENSG00000103363,3619
ENSG00000275504,0
ENSG00000260999,0
ENSG00000266801,0
ENSG00000202497,0
ENSG00000271129,0
ENSG00000244378,0
ENSG00000103044,536
ENSG00000168802,20
ENSG00000207083,0
ENSG00000200164,0
ENSG00000286140,0
ENSG00000198736,600
ENSG00000140986,3
ENSG00000140990,1752
ENSG00000140988,131492
ENSG00000206811,0
ENSG00000207405,0
ENSG00000255513,0
ENSG00000273587,0
ENSG00000179580,0
ENSG00000277602,0
ENSG00000183751,676
ENSG00000196408,0
ENSG00000261790,6
ENSG00000127561,76
ENSG00000260107,0
ENSG00000265386,0
ENSG00000065054,254
ENSG00000065057,384
ENSG00000221656,0
ENSG00000167962,432
ENSG00000103197,1955
ENSG00000260132,0
ENSG00000174109,292
ENSG00000284395,0
ENSG00000279930,0
ENSG00000261641,0
ENSG00000260051,0
ENSG00000197599,0
ENSG00000224310,6
ENSG00000261669,0
ENSG00000140750,1668
ENSG00000103018,8628
ENSG00000158865,0
ENSG00000169955,20
ENSG00000103319,1577
ENSG00000261113,0
ENSG00000260631,0
ENSG00000260472,0
ENSG00000260568,0
ENSG00000276867,0
ENSG00000261731,0
ENSG00000197302,1095
ENSG00000259810,0
ENSG00000260722,0
ENSG00000261457,0
ENSG00000180663,0
ENSG00000161980,913
ENSG00000161981,1756
ENSG00000103152,158
ENSG00000149932,851
ENSG00000015413,0
ENSG00000166669,606
ENSG00000140853,36
ENSG00000155393,917
ENSG00000232258,10
ENSG00000103034,3588
ENSG00000168807,1618
ENSG00000176953,487
ENSG00000289336,0
ENSG00000289067,0
ENSG00000256982,0
ENSG00000260658,0
ENSG00000288801,0
ENSG00000261804,0
ENSG00000289423,0
ENSG00000261713,0
ENSG00000262950,0
ENSG00000261241,0
ENSG00000289119,4
ENSG00000260083,70
ENSG00000288935,2
ENSG00000288821,0
ENSG00000260834,0
ENSG00000289171,12
ENSG00000289023,0
ENSG00000261399,0
ENSG00000140945,0
ENSG00000277387,0
ENSG00000280044,0
ENSG00000260862,0
ENSG00000286528,0
ENSG00000263360,0
ENSG00000260832,0
ENSG00000261410,0
ENSG00000263785,0
ENSG00000261103,0
ENSG00000288554,0
ENSG00000230989,9357
ENSG00000259914,0
ENSG00000288849,0
ENSG00000276571,0
ENSG00000103550,904
ENSG00000261312,0
ENSG00000103540,1981
ENSG00000261939,0
ENSG00000167191,4552
ENSG00000174628,252
ENSG00000177946,402
ENSG00000237718,0
ENSG00000102981,230
ENSG00000124074,138
ENSG00000159761,10
ENSG00000141098,2119
ENSG00000270165,0
ENSG00000289164,8
ENSG00000198156,4
ENSG00000179583,30
ENSG00000270049,32
ENSG00000039523,594
ENSG00000261396,12
ENSG00000259945,0
ENSG00000260894,0
ENSG00000261386,0
ENSG00000280214,0
ENSG00000259804,2
ENSG00000102974,4016
ENSG00000141084,602
ENSG00000102904,46
ENSG00000102901,307
ENSG00000168286,435
ENSG00000262141,0
ENSG00000038358,650
ENSG00000263126,0
ENSG00000188038,0
ENSG00000159792,1451
ENSG00000141086,0
ENSG00000261884,6
ENSG00000205220,25
ENSG00000213398,187
ENSG00000141096,0
ENSG00000167261,0
ENSG00000167264,414
ENSG00000262962,2
ENSG00000263201,0
ENSG00000254609,0
ENSG00000261695,0
ENSG00000254852,2
ENSG00000255037,0
ENSG00000103512,3830
ENSG00000270734,0
ENSG00000257264,0
ENSG00000284305,0
ENSG00000179588,104
ENSG00000263456,0
ENSG00000261744,1
ENSG00000158545,1802
ENSG00000124391,0
ENSG00000051523,4
ENSG00000167508,2678
ENSG00000185669,7
ENSG00000158717,140
ENSG00000259813,0
ENSG00000174177,125
ENSG00000278341,0
ENSG00000284585,0
ENSG00000260121,0
ENSG00000224888,4
ENSG00000260617,0
ENSG00000182376,0
ENSG00000242430,0
ENSG00000103429,4195
ENSG00000238964,0
ENSG00000069764,0
ENSG00000261523,0
ENSG00000224712,1
ENSG00000188897,10
ENSG00000159753,0
ENSG00000102879,97
ENSG00000158805,52
ENSG00000167513,428
ENSG00000198931,1372
ENSG00000141012,422
ENSG00000129993,59
ENSG00000259881,0
ENSG00000261226,0
ENSG00000205018,0
ENSG00000167515,1201
ENSG00000187741,564
ENSG00000259954,0
ENSG00000077235,5712
ENSG00000047578,778
ENSG00000261736,0
ENSG00000261329,2
ENSG00000273553,0
ENSG00000201371,0
ENSG00000212382,0
ENSG00000207266,0
ENSG00000127554,177
ENSG00000261369,0
ENSG00000222767,0
ENSG00000288601,0
ENSG00000222268,0
ENSG00000262038,0
ENSG00000259866,0
ENSG00000261336,0
ENSG00000259918,2
ENSG00000260497,0
ENSG00000275393,0
ENSG00000287125,0
ENSG00000283416,0
ENSG00000269898,0
ENSG00000131148,1231
ENSG00000252311,0
ENSG00000270184,0
ENSG00000270159,0
ENSG00000131143,9345
ENSG00000270698,0
ENSG00000214259,0
ENSG00000286510,0
ENSG00000279907,0
ENSG00000140968,0
ENSG00000274134,0
ENSG00000285163,0
ENSG00000268804,0
ENSG00000285040,0
ENSG00000269667,0
ENSG00000285012,0
ENSG00000279604,0
ENSG00000261177,0
ENSG00000268078,0
ENSG00000268505,0
ENSG00000269186,0
ENSG00000213658,0
ENSG00000162039,0
ENSG00000103313,0
ENSG00000169189,2626
ENSG00000245888,0
ENSG00000274092,0
ENSG00000077238,24
ENSG00000103522,24
ENSG00000169246,41
ENSG00000265462,0
ENSG00000287809,0
ENSG00000258186,0
ENSG00000273956,0
ENSG00000257639,0
ENSG00000271609,0
ENSG00000252798,0
ENSG00000261596,6
ENSG00000172366,170
ENSG00000228201,0
ENSG00000161996,88
ENSG00000262528,0
ENSG00000103269,0
ENSG00000260394,0
ENSG00000279441,0
ENSG00000103266,466
ENSG00000161999,116
ENSG00000127580,91
ENSG00000261659,23
ENSG00000127585,417
ENSG00000140983,672
ENSG00000198064,0
ENSG00000279800,10
ENSG00000284209,0
ENSG00000288300,0
ENSG00000286968,0
ENSG00000083093,571
ENSG00000261644,2
ENSG00000201075,0
ENSG00000262454,30
ENSG00000207639,0
ENSG00000199130,0
ENSG00000260009,0
ENSG00000263257,0
ENSG00000140694,1848
ENSG00000260682,0
ENSG00000276519,0
ENSG00000184860,0
ENSG00000086696,0
ENSG00000261235,0
ENSG00000260161,0
ENSG00000135698,1499
ENSG00000261029,0
ENSG00000251888,0
ENSG00000260327,0
ENSG00000260866,0
ENSG00000260307,0
ENSG00000261541,0
ENSG00000260662,0
ENSG00000261233,0
ENSG00000289734,0
ENSG00000259966,0
ENSG00000262187,0
ENSG00000261111,0
ENSG00000261569,0
ENSG00000261263,0
ENSG00000260311,0
ENSG00000260974,0
ENSG00000261391,0
ENSG00000260864,0
ENSG00000260845,0
ENSG00000261108,0
ENSG00000278950,0
ENSG00000279780,0
ENSG00000279795,0
ENSG00000260158,0
ENSG00000261719,0
ENSG00000259934,0
ENSG00000259303,0
ENSG00000260047,0
ENSG00000214614,0
ENSG00000261834,0
ENSG00000270864,0
ENSG00000277304,0
ENSG00000260610,0
ENSG00000261259,0
ENSG00000259852,0
ENSG00000233732,0
ENSG00000260921,0
ENSG00000259997,0
ENSG00000271130,0
ENSG00000260900,0
ENSG00000261682,0
ENSG00000259800,0
ENSG00000261218,0
ENSG00000289733,0
ENSG00000197943,4
ENSG00000174943,518
ENSG00000188827,418
ENSG00000223168,0
ENSG00000260057,0
ENSG00000262117,0
ENSG00000171490,8066
ENSG00000103342,14449
ENSG00000261560,4
ENSG00000260318,1
ENSG00000261216,0
ENSG00000277458,0
ENSG00000048462,0
ENSG00000260224,0
ENSG00000260488,0
ENSG00000241641,0
ENSG00000175604,0
ENSG00000261293,0
ENSG00000289640,0
ENSG00000158486,4
ENSG00000284685,0
ENSG00000289080,0
ENSG00000289029,0
ENSG00000102996,3237
ENSG00000207173,0
ENSG00000261151,0
ENSG00000103005,1799
ENSG00000254206,0
ENSG00000289754,0
ENSG00000288656,0
ENSG00000196502,4
ENSG00000289755,0
ENSG00000289756,0
ENSG00000102977,322
ENSG00000261393,0
ENSG00000261092,0
ENSG00000260573,0
ENSG00000167207,0
ENSG00000102893,5063
ENSG00000261430,0
ENSG00000219027,0
ENSG00000251692,0
ENSG00000100726,634
ENSG00000260646,0
ENSG00000103249,1552
ENSG00000277639,298
ENSG00000172824,4
ENSG00000180185,1363
ENSG00000168101,807
ENSG00000283516,0
ENSG00000215148,0
ENSG00000261509,0
ENSG00000205456,0
ENSG00000275034,0
ENSG00000243716,22
ENSG00000214967,0
ENSG00000151006,0
ENSG00000205022,0
ENSG00000183632,0
ENSG00000284484,0
ENSG00000125170,430
ENSG00000234719,0
ENSG00000233232,0
ENSG00000260772,0
ENSG00000181019,3211
ENSG00000261602,0
ENSG00000262136,4
ENSG00000141101,1394
ENSG00000260290,56
ENSG00000252443,0
ENSG00000102908,1543
ENSG00000260664,40
ENSG00000174990,0
ENSG00000270385,0
ENSG00000260443,0
ENSG00000261193,0
ENSG00000205037,0
ENSG00000289563,0
ENSG00000260162,0
ENSG00000261327,0
ENSG00000260420,0
ENSG00000261816,0
ENSG00000172530,224
ENSG00000201999,0
ENSG00000286928,0
ENSG00000246898,36
ENSG00000289353,19
ENSG00000166546,6
ENSG00000187555,12789
ENSG00000183336,0
ENSG00000261740,0
ENSG00000102898,6694
ENSG00000289151,0
ENSG00000287256,0
ENSG00000289307,0
ENSG00000260166,0
ENSG00000263307,0
ENSG00000289551,1
ENSG00000285367,12
ENSG00000289889,0
ENSG00000279255,6
ENSG00000263011,0
ENSG00000289907,0
ENSG00000260963,0
ENSG00000279249,8
ENSG00000283003,0
ENSG00000288854,0
ENSG00000260710,0
ENSG00000289930,0
ENSG00000262097,0
ENSG00000289932,0
ENSG00000289937,0
ENSG00000260944,0
ENSG00000262468,48
ENSG00000261008,9
ENSG00000261325,0
ENSG00000260850,0
ENSG00000245694,633
ENSG00000260630,220
ENSG00000236481,0
ENSG00000260498,0
ENSG00000261390,10
ENSG00000261971,14
ENSG00000260625,0
ENSG00000259768,185
ENSG00000260788,0
ENSG00000261302,2
ENSG00000261173,0
ENSG00000260086,26
ENSG00000276075,4
ENSG00000262370,0
ENSG00000260592,0
ENSG00000290010,0
ENSG00000289004,10
ENSG00000259877,172
ENSG00000289978,0
ENSG00000214725,0
ENSG00000255198,2
ENSG00000277369,8
ENSG00000260018,46
ENSG00000290038,0
ENSG00000263072,351
ENSG00000103051,2281
ENSG00000289073,7
ENSG00000038532,836
ENSG00000287121,0
ENSG00000263033,0
ENSG00000285527,0
ENSG00000261095,0
ENSG00000261651,0
ENSG00000261697,0
ENSG00000243705,0
ENSG00000280419,0
ENSG00000131152,0
ENSG00000270006,14
ENSG00000270082,0
ENSG00000103264,1016
ENSG00000269901,0
ENSG00000140941,11403
ENSG00000261592,0
ENSG00000276393,0
ENSG00000276337,28
ENSG00000289722,0
ENSG00000260714,0
ENSG00000262155,2
ENSG00000271105,0
ENSG00000263326,0
ENSG00000260448,16
ENSG00000262700,0
ENSG00000275494,10
ENSG00000205629,1576
ENSG00000260034,0
ENSG00000266166,0
ENSG00000103375,0
ENSG00000155592,1446
ENSG00000259955,0
ENSG00000274925,4
ENSG00000290192,0
ENSG00000166473,4
ENSG00000181625,0
ENSG00000275441,2
ENSG00000196796,0
ENSG00000288983,100
ENSG00000261840,25
ENSG00000282034,0
ENSG00000224578,482
ENSG00000260565,156
ENSG00000008710,671
ENSG00000259933,0
ENSG00000261123,0
ENSG00000284008,0
ENSG00000261240,0
ENSG00000260447,0
ENSG00000200059,0
ENSG00000265867,0
ENSG00000264397,0
ENSG00000167964,18
ENSG00000260260,1877
ENSG00000206630,0
ENSG00000281010,0
ENSG00000131653,3231
ENSG00000167971,91
ENSG00000167965,1469
ENSG00000182685,7
ENSG00000184207,468
ENSG00000261532,0
ENSG00000167967,284
ENSG00000259780,0
ENSG00000167968,8
ENSG00000167969,1098
ENSG00000261663,5
ENSG00000205937,4883
ENSG00000260778,13
ENSG00000266643,0
ENSG00000284346,0
ENSG00000264004,0
ENSG00000102934,119
ENSG00000090565,1107
ENSG00000201034,0
ENSG00000230428,0
ENSG00000277142,4
ENSG00000103326,126
ENSG00000266124,0
ENSG00000266235,2
ENSG00000261691,0
ENSG00000161992,0
ENSG00000289107,0
ENSG00000287340,0
ENSG00000078328,4
ENSG00000289991,0
ENSG00000289618,0
ENSG00000124067,797
ENSG00000233614,0
ENSG00000290355,0
ENSG00000261711,0
ENSG00000290413,0
ENSG00000261239,0
ENSG00000290429,0
ENSG00000240338,0
ENSG00000290455,0
ENSG00000255986,0
ENSG00000290662,0
ENSG00000275691,0
ENSG00000290663,0
ENSG00000185710,1
ENSG00000257408,0
ENSG00000260908,0
ENSG00000290677,0
ENSG00000258150,0
ENSG00000279228,0
ENSG00000271699,0
ENSG00000258130,0
ENSG00000278887,0
ENSG00000255185,0
ENSG00000261741,0
ENSG00000290715,0
ENSG00000205918,0
ENSG00000222019,0
ENSG00000261812,0
ENSG00000196364,0
ENSG00000290756,0
ENSG00000230267,0
ENSG00000257122,0
ENSG00000290865,34
ENSG00000257838,0
ENSG00000290866,0
ENSG00000214331,0
ENSG00000290890,0
ENSG00000131797,0
ENSG00000290927,41
ENSG00000255277,0
ENSG00000290943,0
ENSG00000260628,0
ENSG00000260644,0
ENSG00000214617,0
ENSG00000261599,0
ENSG00000183604,6
ENSG00000262583,1
ENSG00000291051,7
ENSG00000237296,0
ENSG00000291060,0
ENSG00000248124,0
ENSG00000180747,1
ENSG00000291073,0
ENSG00000205361,0
ENSG00000291095,0
ENSG00000260078,0
ENSG00000291103,0
ENSG00000260549,0
ENSG00000291105,0
ENSG00000228695,0
ENSG00000291109,0
ENSG00000262587,0
ENSG00000291179,2
ENSG00000284649,0
ENSG00000291188,0
ENSG00000261556,2
ENSG00000215154,0
ENSG00000289181,0
ENSG00000103495,526
ENSG00000281005,0
ENSG00000290183,0
ENSG00000006194,193
ENSG00000197006,14430
ENSG00000291066,40
ENSG00000290675,0
ENSG00000274460,10
ENSG00000185716,1097
ENSG00000260277,8
ENSG00000175267,0
ENSG00000183921,0
ENSG00000287739,0
ENSG00000291262,0
ENSG00000290674,0
ENSG00000208017,0
ENSG00000157322,22
ENSG00000277003,0
ENSG00000226232,0
ENSG00000290459,0
ENSG00000291263,4
ENSG00000291219,0
ENSG00000278848,0
ENSG00000282927,0
ENSG00000262090,0
ENSG00000260626,0
ENSG00000261200,0
ENSG00000261466,0
ENSG00000290420,0
ENSG00000261405,0
ENSG00000259882,0
ENSG00000290414,0
ENSG00000291264,2
ENSG00000260518,0
ENSG00000282924,0
ENSG00000261580,0
ENSG00000260308,0
ENSG00000270467,0
ENSG00000261153,0
ENSG00000271178,0
ENSG00000259680,0
ENSG00000270924,0
ENSG00000271691,0
ENSG00000260312,0
ENSG00000270318,0
ENSG00000260525,0
ENSG00000260781,0
ENSG00000290419,0
ENSG00000271620,0
ENSG00000261607,0
ENSG00000259842,0
ENSG00000270401,0
ENSG00000198373,1302
ENSG00000196696,0
ENSG00000291265,0
ENSG00000290709,0
ENSG00000250616,39
ENSG00000290692,0
ENSG00000290693,0
ENSG00000291047,0
ENSG00000291266,0
ENSG00000260219,22
ENSG00000290985,0
ENSG00000291267,0
ENSG00000260141,0
ENSG00000291268,0
ENSG00000290986,0
ENSG00000291269,0
ENSG00000261536,0
ENSG00000260414,0
ENSG00000260419,0
ENSG00000205457,0
ENSG00000260827,0
ENSG00000260933,0
ENSG00000278994,0
ENSG00000276484,0
ENSG00000214940,0
ENSG00000285628,0
ENSG00000205746,12
ENSG00000290386,0
ENSG00000273613,0
ENSG00000277647,0
ENSG00000233024,0
ENSG00000254681,32
ENSG00000275391,0
ENSG00000291270,0
ENSG00000206927,0
ENSG00000257563,0
ENSG00000266291,0
ENSG00000265776,0
ENSG00000257527,1
ENSG00000266454,0
ENSG00000185164,1696
ENSG00000274025,0
ENSG00000277014,0
ENSG00000262974,0
ENSG00000260550,0
ENSG00000291057,0
ENSG00000256340,0
ENSG00000290383,0
ENSG00000291271,0
ENSG00000290953,0
ENSG00000263918,0
ENSG00000258354,0
ENSG00000265537,0
ENSG00000183458,15
ENSG00000207425,3
ENSG00000290391,0
ENSG00000183426,56
ENSG00000275259,0
ENSG00000278265,0
ENSG00000273804,0
ENSG00000179889,2039
ENSG00000261819,4
ENSG00000238728,0
ENSG00000275910,1
ENSG00000157045,362
ENSG00000085721,4054
ENSG00000260735,2
ENSG00000290396,0
ENSG00000188599,0
ENSG00000270580,0
ENSG00000250251,0
ENSG00000291272,5
ENSG00000290394,10
ENSG00000283346,0
ENSG00000291273,0
ENSG00000207294,0
ENSG00000264115,0
ENSG00000257391,0
ENSG00000291274,0
ENSG00000291275,0
ENSG00000290984,0
ENSG00000291276,0
ENSG00000290845,0
ENSG00000259822,0
ENSG00000261127,0
ENSG00000260516,0
ENSG00000080603,86
ENSG00000291300,0
ENSG00000172460,0
ENSG00000263280,0
ENSG00000162076,391
ENSG00000289222,18
ENSG00000087258,5014
ENSG00000183971,9
ENSG00000260442,20
ENSG00000196993,2
ENSG00000289415,0
ENSG00000125122,22
ENSG00000290680,0
ENSG00000290678,0
ENSG00000290679,0
ENSG00000169203,16
ENSG00000140939,102
ENSG00000103544,2909
ENSG00000261195,0
ENSG00000162032,4
ENSG00000288753,13
ENSG00000140859,290
ENSG00000168124,6
ENSG00000178188,790
ENSG00000223959,68
ENSG00000290738,3
ENSG00000290739,0
ENSG00000260528,0
ENSG00000222359,0
ENSG00000291228,22
ENSG00000290728,18
ENSG00000167978,13813
ENSG00000141258,886
ENSG00000185722,3571
ENSG00000282936,99
ENSG00000074755,990
ENSG00000167193,7408
ENSG00000274363,0
ENSG00000241525,0
ENSG00000167858,0
ENSG00000262818,0
ENSG00000129195,2075
ENSG00000262990,0
ENSG00000004660,199
ENSG00000262961,0
ENSG00000285593,2
ENSG00000262503,0
ENSG00000261996,28
ENSG00000108405,0
ENSG00000187624,85
ENSG00000091622,68
ENSG00000256806,182
ENSG00000263316,0
ENSG00000263165,0
ENSG00000276855,18
ENSG00000244283,0
ENSG00000141040,907
ENSG00000284837,0
ENSG00000286430,0
ENSG00000263219,0
ENSG00000074370,6
ENSG00000266311,0
ENSG00000265511,0
ENSG00000233090,0
ENSG00000286356,0
ENSG00000141485,8
ENSG00000171953,504
ENSG00000196893,0
ENSG00000286743,12
ENSG00000179277,8
ENSG00000285471,0
ENSG00000129235,1955
ENSG00000198920,1038
ENSG00000251537,0
ENSG00000197665,0
ENSG00000181350,870
ENSG00000074356,3347
ENSG00000271900,0
ENSG00000232344,8
ENSG00000189152,0
ENSG00000263107,0
ENSG00000279296,0
ENSG00000239223,0
ENSG00000142494,202
ENSG00000109046,1978
ENSG00000230273,0
ENSG00000263986,0
ENSG00000133027,283
ENSG00000188013,2
ENSG00000263312,0
ENSG00000242752,0
ENSG00000108590,278
ENSG00000279825,0
ENSG00000261868,0
ENSG00000266079,0
ENSG00000124422,17148
ENSG00000265519,4
ENSG00000266664,0
ENSG00000227225,0
ENSG00000171962,131
ENSG00000226746,0
ENSG00000261987,0
ENSG00000279200,0
ENSG00000091542,3912
ENSG00000235430,0
ENSG00000276399,0
ENSG00000236504,0
ENSG00000260019,0
ENSG00000108591,604
ENSG00000280198,0
ENSG00000235672,0
ENSG00000129221,3
ENSG00000264262,0
ENSG00000266563,8
ENSG00000177294,0
ENSG00000266179,0
ENSG00000274180,870
ENSG00000228725,0
ENSG00000227685,0
ENSG00000279431,0
ENSG00000213664,0
ENSG00000237057,0
ENSG00000283417,0
ENSG00000279428,0
ENSG00000265683,4
ENSG00000266803,0
ENSG00000279674,0
ENSG00000108582,12076
ENSG00000262769,0
ENSG00000264167,0
ENSG00000197815,10
ENSG00000287506,0
ENSG00000232889,0
ENSG00000108578,3722
ENSG00000262292,0
ENSG00000261020,0
ENSG00000265394,0
ENSG00000265356,0
ENSG00000262319,0
ENSG00000198783,954
ENSG00000126653,1003
ENSG00000227018,0
ENSG00000263674,0
ENSG00000266009,0
ENSG00000167693,757
ENSG00000265185,4
ENSG00000266987,0
ENSG00000197322,4
ENSG00000265544,0
ENSG00000141034,1063
ENSG00000278860,0
ENSG00000265697,0
ENSG00000266356,0
ENSG00000265453,0
ENSG00000265125,0
ENSG00000266919,0
ENSG00000006125,25956
ENSG00000132141,189
ENSG00000264431,0
ENSG00000263435,0
ENSG00000226049,22
ENSG00000266364,0
ENSG00000141314,340
ENSG00000264643,0
ENSG00000141127,2692
ENSG00000265801,0
ENSG00000261499,14
ENSG00000276023,1258
ENSG00000005156,1730
ENSG00000266282,8
ENSG00000263729,0
ENSG00000264970,0
ENSG00000226117,2
ENSG00000244086,6
ENSG00000283381,0
ENSG00000141738,0
ENSG00000264174,0
ENSG00000265428,0
ENSG00000278540,13825
ENSG00000171532,12
ENSG00000273609,0
ENSG00000265115,0
ENSG00000273576,4
ENSG00000094804,3766
ENSG00000214719,7
ENSG00000287644,18
ENSG00000265689,0
ENSG00000108344,4048
ENSG00000264968,0
ENSG00000161405,0
ENSG00000161395,454
ENSG00000276054,4
ENSG00000273965,1
ENSG00000171475,2239
ENSG00000266469,0
ENSG00000266208,0
ENSG00000264622,0
ENSG00000108599,1193
ENSG00000263394,0
ENSG00000276234,409
ENSG00000125691,45109
ENSG00000266313,4
ENSG00000275839,0
ENSG00000266588,0
ENSG00000131771,32
ENSG00000240125,4
ENSG00000274615,0
ENSG00000214819,0
ENSG00000278505,0
ENSG00000183153,1
ENSG00000108306,1347
ENSG00000141741,778
ENSG00000204952,0
ENSG00000108576,0
ENSG00000188895,5556
ENSG00000285559,0
ENSG00000227255,0
ENSG00000265666,18
ENSG00000264874,0
ENSG00000131759,476
ENSG00000262074,0
ENSG00000126353,0
ENSG00000275480,0
ENSG00000277426,0
ENSG00000265799,0
ENSG00000264663,0
ENSG00000141744,0
ENSG00000002834,5175
ENSG00000265713,0
ENSG00000263368,0
ENSG00000231258,2
ENSG00000264125,0
ENSG00000228157,0
ENSG00000263466,2
ENSG00000167914,0
ENSG00000265646,0
ENSG00000263874,0
ENSG00000279806,0
ENSG00000278918,1
ENSG00000265739,1
ENSG00000172057,2708
ENSG00000266736,0
ENSG00000264930,0
ENSG00000131746,0
ENSG00000230197,0
ENSG00000172301,1324
ENSG00000186566,2008
ENSG00000235554,8
ENSG00000266088,0
ENSG00000131471,0
ENSG00000263433,0
ENSG00000188522,15
ENSG00000131482,0
ENSG00000214546,0
ENSG00000131748,1246
ENSG00000266120,0
ENSG00000125686,4419
ENSG00000279775,0
ENSG00000141753,130
ENSG00000251550,0
ENSG00000240074,0
ENSG00000264435,0
ENSG00000266677,0
ENSG00000182271,0
ENSG00000126581,2056
ENSG00000259928,0
ENSG00000176563,3
ENSG00000264655,0
ENSG00000197566,358
ENSG00000235530,25
ENSG00000231421,0
ENSG00000182557,0
ENSG00000235300,0
ENSG00000183688,1362
ENSG00000266341,0
ENSG00000262202,0
ENSG00000267261,0
ENSG00000264019,0
ENSG00000265046,0
ENSG00000263477,0
ENSG00000264837,0
ENSG00000264058,0
ENSG00000266775,0
ENSG00000263045,0
ENSG00000126562,0
ENSG00000229637,0
ENSG00000231870,0
ENSG00000265746,0
ENSG00000251239,0
ENSG00000237328,0
ENSG00000264943,0
ENSG00000249906,0
ENSG00000279036,0
ENSG00000223979,0
ENSG00000108848,3768
ENSG00000132530,1
ENSG00000159182,0
ENSG00000262823,0
ENSG00000267482,0
ENSG00000108349,4676
ENSG00000167183,12
ENSG00000251665,0
ENSG00000278765,12
ENSG00000278346,0
ENSG00000244559,0
ENSG00000263657,0
ENSG00000126368,129
ENSG00000266222,0
ENSG00000108651,1946
ENSG00000249870,0
ENSG00000248883,0
ENSG00000263787,0
ENSG00000131480,16
ENSG00000263715,0
ENSG00000173991,43
ENSG00000227011,0
ENSG00000154945,2362
ENSG00000108465,25
ENSG00000278963,2
ENSG00000108798,0
ENSG00000248895,0
ENSG00000233380,0
ENSG00000266601,10
ENSG00000173714,2
ENSG00000159202,2708
ENSG00000243521,0
ENSG00000189120,6
ENSG00000241157,0
ENSG00000267131,0
ENSG00000183978,1411
ENSG00000251461,0
ENSG00000270264,0
ENSG00000167083,0
ENSG00000005243,6
ENSG00000262039,0
ENSG00000249658,0
ENSG00000271626,0
ENSG00000108846,54
ENSG00000005884,850
ENSG00000073584,1160
ENSG00000213373,0
ENSG00000279199,0
ENSG00000241788,0
ENSG00000277532,0
ENSG00000263990,2
ENSG00000262006,0
ENSG00000011260,3896
ENSG00000248278,14
ENSG00000267104,0
ENSG00000261976,0
ENSG00000265000,0
ENSG00000262967,0
ENSG00000267659,0
ENSG00000248702,0
ENSG00000227694,0
ENSG00000264451,0
ENSG00000267207,0
ENSG00000108423,600
ENSG00000141200,0
ENSG00000108443,2020
ENSG00000262518,0
ENSG00000154975,0
ENSG00000075429,38
ENSG00000011052,0
ENSG00000189050,502
ENSG00000267184,4
ENSG00000287664,0
ENSG00000265664,0
ENSG00000121068,108
ENSG00000285879,0
ENSG00000271239,0
ENSG00000108984,3666
ENSG00000154229,2016
ENSG00000267526,0
ENSG00000275562,0
ENSG00000266934,0
ENSG00000263680,0
ENSG00000266501,0
ENSG00000267452,0
ENSG00000267449,0
ENSG00000283517,22
ENSG00000231749,0
ENSG00000264243,0
ENSG00000240995,0
ENSG00000267250,0
ENSG00000141198,295
ENSG00000266765,0
ENSG00000242067,4
ENSG00000263317,0
ENSG00000264907,0
ENSG00000267302,0
ENSG00000263647,0
ENSG00000267109,0
ENSG00000262384,0
ENSG00000064300,0
ENSG00000267653,0
ENSG00000280299,0
ENSG00000279743,0
ENSG00000266992,0
ENSG00000243514,0
ENSG00000275860,0
ENSG00000265218,6
ENSG00000265883,0
ENSG00000141232,2310
ENSG00000249383,0
ENSG00000266155,0
ENSG00000264421,0
ENSG00000176160,0
ENSG00000266473,4
ENSG00000108370,28
ENSG00000226364,0
ENSG00000264895,0
ENSG00000264491,0
ENSG00000263199,0
ENSG00000075461,3934
ENSG00000159210,894
ENSG00000271101,0
ENSG00000264196,0
ENSG00000250976,0
ENSG00000069188,1965
ENSG00000227517,0
ENSG00000263574,0
ENSG00000288006,0
ENSG00000263893,0
ENSG00000267471,0
ENSG00000265927,0
ENSG00000108878,14
ENSG00000286997,0
ENSG00000238283,0
ENSG00000234721,0
ENSG00000177338,0
ENSG00000249982,0
ENSG00000242407,0
ENSG00000225818,0
ENSG00000266357,0
ENSG00000263125,0
ENSG00000244649,0
ENSG00000267137,0
ENSG00000280852,40
ENSG00000187504,0
ENSG00000180901,1394
ENSG00000286435,0
ENSG00000198265,5535
ENSG00000283376,0
ENSG00000285648,0
ENSG00000213180,0
ENSG00000166260,3046
ENSG00000108468,14638
ENSG00000108510,8513
ENSG00000264093,0
ENSG00000229980,33
ENSG00000272346,0
ENSG00000230532,0
ENSG00000264750,0
ENSG00000264734,0
ENSG00000082641,8510
ENSG00000266644,8
ENSG00000108671,4766
ENSG00000267295,0
ENSG00000264701,0
ENSG00000263189,0
ENSG00000034152,652
ENSG00000264985,0
ENSG00000285829,0
ENSG00000273982,0
ENSG00000141293,0
ENSG00000285877,2
ENSG00000265289,0
ENSG00000279133,16
ENSG00000283045,0
ENSG00000131747,21084
ENSG00000272006,0
ENSG00000285822,0
ENSG00000215769,7
ENSG00000271974,0
ENSG00000167434,9
ENSG00000266066,14
ENSG00000187013,0
ENSG00000265912,0
ENSG00000264172,0
ENSG00000285939,0
ENSG00000261965,0
ENSG00000274378,0
ENSG00000263798,0
ENSG00000229330,0
ENSG00000159199,1756
ENSG00000226096,0
ENSG00000121075,0
ENSG00000285535,0
ENSG00000187775,5
ENSG00000120063,8172
ENSG00000169696,400
ENSG00000266876,0
ENSG00000141570,844
ENSG00000224254,0
ENSG00000272134,0
ENSG00000159217,2234
ENSG00000263252,0
ENSG00000265784,0
ENSG00000265935,0
ENSG00000062716,4732
ENSG00000266821,0
ENSG00000232457,0
ENSG00000279059,158
ENSG00000241913,0
ENSG00000011258,3758
ENSG00000170832,2960
ENSG00000288036,0
ENSG00000265246,0
ENSG00000262271,0
ENSG00000270781,0
ENSG00000272220,0
ENSG00000235546,0
ENSG00000275710,3
ENSG00000267318,0
ENSG00000279089,44
ENSG00000266598,0
ENSG00000141568,2636
ENSG00000262094,0
ENSG00000265982,0
ENSG00000232938,0
ENSG00000279143,0
ENSG00000228118,0
ENSG00000154265,100
ENSG00000166263,1478
ENSG00000286387,0
ENSG00000272400,0
ENSG00000267095,0
ENSG00000262902,62
ENSG00000173838,14
ENSG00000267440,0
ENSG00000141179,196
ENSG00000264958,0
ENSG00000263860,0
ENSG00000141298,1410
ENSG00000260785,15
ENSG00000166292,94
ENSG00000159224,0
ENSG00000180340,2136
ENSG00000250838,2
ENSG00000263882,0
ENSG00000252456,0
ENSG00000274860,0
ENSG00000251812,0
ENSG00000200914,0
ENSG00000251829,0
ENSG00000206730,0
ENSG00000274111,0
ENSG00000207839,0
ENSG00000277947,0
ENSG00000281000,0
ENSG00000273948,0
ENSG00000274836,0
ENSG00000264468,0
ENSG00000283301,0
ENSG00000263815,0
ENSG00000207132,0
ENSG00000201255,0
ENSG00000212618,0
ENSG00000263583,0
ENSG00000252657,0
ENSG00000239129,0
ENSG00000252112,0
ENSG00000222679,0
ENSG00000274663,0
ENSG00000275006,0
ENSG00000274284,0
ENSG00000284144,0
ENSG00000274621,0
ENSG00000238793,0
ENSG00000283721,0
ENSG00000241631,0
ENSG00000252699,0
ENSG00000252618,0
ENSG00000199293,0
ENSG00000222881,0
ENSG00000265178,0
ENSG00000222777,0
ENSG00000207011,0
ENSG00000283935,0
ENSG00000252039,0
ENSG00000278447,0
ENSG00000284399,0
ENSG00000206805,0
ENSG00000221739,0
ENSG00000244514,0
ENSG00000263602,0
ENSG00000277057,0
ENSG00000207947,0
ENSG00000207306,0
ENSG00000273750,0
ENSG00000200538,0
ENSG00000277542,0
ENSG00000278672,0
ENSG00000206954,0
ENSG00000201524,0
ENSG00000200903,0
ENSG00000238804,0
ENSG00000201340,0
ENSG00000212565,0
ENSG00000264049,0
ENSG00000252577,0
ENSG00000255851,4
ENSG00000251764,0
ENSG00000273500,0
ENSG00000252636,0
ENSG00000278581,0
ENSG00000252242,0
ENSG00000252685,0
ENSG00000284172,0
ENSG00000251698,0
ENSG00000207943,0
ENSG00000207123,0
ENSG00000251809,0
ENSG00000200783,0
ENSG00000238759,0
ENSG00000252274,4
ENSG00000242398,0
ENSG00000200842,0
ENSG00000200619,0
ENSG00000264840,0
ENSG00000207410,0
ENSG00000284190,0
ENSG00000212149,0
ENSG00000266967,0
ENSG00000108825,0
ENSG00000279917,0
ENSG00000279361,0
ENSG00000288109,0
ENSG00000130935,4374
ENSG00000200394,0
ENSG00000266858,0
ENSG00000213179,0
ENSG00000266717,0
ENSG00000279573,0
ENSG00000279880,3
ENSG00000265052,0
ENSG00000266117,0
ENSG00000265055,0
ENSG00000278730,850
ENSG00000274561,110
ENSG00000277476,12
ENSG00000267352,0
ENSG00000267708,0
ENSG00000278740,0
ENSG00000267731,0
ENSG00000267472,0
ENSG00000070540,317
ENSG00000207561,0
ENSG00000072210,3115
ENSG00000264932,0
ENSG00000275982,0
ENSG00000252349,0
ENSG00000262681,0
ENSG00000264785,0
ENSG00000108602,0
ENSG00000230607,0
ENSG00000083290,1264
ENSG00000231096,0
ENSG00000279251,0
ENSG00000276406,0
ENSG00000270091,16
ENSG00000285785,0
ENSG00000286732,6
ENSG00000279555,11
ENSG00000279281,0
ENSG00000266100,0
ENSG00000280028,0
ENSG00000263499,0
ENSG00000242889,0
ENSG00000238447,0
ENSG00000166329,0
ENSG00000265542,10
ENSG00000222976,0
ENSG00000181610,2151
ENSG00000264914,0
ENSG00000214860,0
ENSG00000264177,0
ENSG00000267441,0
ENSG00000275206,0
ENSG00000204471,0
ENSG00000220161,10
ENSG00000266162,0
ENSG00000229526,0
ENSG00000227919,0
ENSG00000267492,0
ENSG00000230662,0
ENSG00000171916,0
ENSG00000227689,0
ENSG00000227077,8
ENSG00000276532,0
ENSG00000262262,0
ENSG00000287058,0
ENSG00000174977,581
ENSG00000224126,40
ENSG00000265693,0
ENSG00000171931,0
ENSG00000171928,3043
ENSG00000265478,38
ENSG00000250111,0
ENSG00000274747,0
ENSG00000264273,0
ENSG00000273018,3
ENSG00000201489,0
ENSG00000276384,8
ENSG00000161956,647
ENSG00000277957,0
ENSG00000264772,0
ENSG00000209582,0
ENSG00000238917,0
ENSG00000277985,0
ENSG00000129226,0
ENSG00000129255,2199
ENSG00000129194,21
ENSG00000129214,18
ENSG00000141504,2214
ENSG00000129244,4845
ENSG00000108947,2854
ENSG00000240480,2
ENSG00000262628,0
ENSG00000262085,0
ENSG00000142163,0
ENSG00000252283,0
ENSG00000240873,0
ENSG00000287721,4
ENSG00000267644,0
ENSG00000267259,0
ENSG00000266830,0
ENSG00000263788,0
ENSG00000264486,0
ENSG00000109084,9405
ENSG00000109079,2252
ENSG00000004142,3198
ENSG00000244045,303
ENSG00000258924,0
ENSG00000284532,0
ENSG00000265618,0
ENSG00000273171,0
ENSG00000109072,0
ENSG00000277450,0
ENSG00000279532,0
ENSG00000197879,486
ENSG00000132376,473
ENSG00000243704,0
ENSG00000167705,60
ENSG00000185561,32
ENSG00000283824,0
ENSG00000167711,0
ENSG00000132386,1069
ENSG00000186532,286
ENSG00000132383,6996
ENSG00000108958,15
ENSG00000187870,0
ENSG00000218454,0
ENSG00000213671,0
ENSG00000226549,16
ENSG00000264215,38
ENSG00000264662,0
ENSG00000226981,5
ENSG00000266369,0
ENSG00000252483,0
ENSG00000265790,0
ENSG00000265099,0
ENSG00000244456,0
ENSG00000264660,0
ENSG00000256124,91
ENSG00000226101,0
ENSG00000125398,18253
ENSG00000264026,2
ENSG00000228639,14
ENSG00000288605,0
ENSG00000234899,82
ENSG00000265547,0
ENSG00000265964,0
ENSG00000185294,0
ENSG00000279685,0
ENSG00000262881,0
ENSG00000274883,0
ENSG00000256762,0
ENSG00000262372,0
ENSG00000238723,0
ENSG00000277478,0
ENSG00000250310,0
ENSG00000121067,3000
ENSG00000121073,2795
ENSG00000250751,0
ENSG00000121104,357
ENSG00000235183,0
ENSG00000262837,0
ENSG00000204584,1
ENSG00000248954,0
ENSG00000254039,0
ENSG00000249176,0
ENSG00000199492,0
ENSG00000064195,0
ENSG00000248172,0
ENSG00000141577,403
ENSG00000262115,0
ENSG00000260005,0
ENSG00000224877,923
ENSG00000157637,1284
ENSG00000276101,0
ENSG00000279187,0
ENSG00000185332,0
ENSG00000287431,70
ENSG00000263154,0
ENSG00000274833,0
ENSG00000262877,22
ENSG00000279692,409
ENSG00000266392,4
ENSG00000266189,2
ENSG00000263271,0
ENSG00000278200,0
ENSG00000229848,0
ENSG00000185504,667
ENSG00000207021,4
ENSG00000265853,0
ENSG00000240505,0
ENSG00000230709,0
ENSG00000230969,0
ENSG00000260328,0
ENSG00000287114,0
ENSG00000287910,6
ENSG00000225442,0
ENSG00000263624,0
ENSG00000206859,0
ENSG00000243370,0
ENSG00000278864,16
ENSG00000179598,0
ENSG00000264187,0
ENSG00000154803,501
ENSG00000266498,0
ENSG00000226359,2
ENSG00000141030,4528
ENSG00000205309,72
ENSG00000215030,648
ENSG00000227158,0
ENSG00000230865,0
ENSG00000201741,0
ENSG00000141026,800
ENSG00000108551,1004
ENSG00000131469,22962
ENSG00000167080,0
ENSG00000181291,226
ENSG00000068079,54
ENSG00000178307,897
ENSG00000108774,824
ENSG00000159184,0
ENSG00000241322,4
ENSG00000182575,38
ENSG00000167258,3296
ENSG00000108439,497
ENSG00000167740,1327
ENSG00000167723,12
ENSG00000167703,1672
ENSG00000108342,0
ENSG00000126351,1345
ENSG00000133030,6081
ENSG00000187838,0
ENSG00000262481,0
ENSG00000205544,85
ENSG00000169992,2960
ENSG00000262880,0
ENSG00000181323,0
ENSG00000184560,12
ENSG00000283439,0
ENSG00000286007,0
ENSG00000181284,17
ENSG00000262624,0
ENSG00000161958,0
ENSG00000263301,8
ENSG00000272884,0
ENSG00000170175,210
ENSG00000167874,16
ENSG00000182224,8
ENSG00000280046,28
ENSG00000252835,0
ENSG00000262730,0
ENSG00000170043,1501
ENSG00000170037,693
ENSG00000262492,0
ENSG00000132518,0
ENSG00000279174,0
ENSG00000179593,0
ENSG00000263427,0
ENSG00000275011,0
ENSG00000179477,0
ENSG00000214999,0
ENSG00000264005,0
ENSG00000179111,20
ENSG00000179094,535
ENSG00000284117,0
ENSG00000263620,0
ENSG00000220205,1077
ENSG00000179029,477
ENSG00000200463,0
ENSG00000266824,0
ENSG00000283160,0
ENSG00000196544,70
ENSG00000279152,0
ENSG00000271002,4
ENSG00000178999,854
ENSG00000178921,2131
ENSG00000269947,6
ENSG00000125434,56
ENSG00000108961,20
ENSG00000271029,0
ENSG00000198844,0
ENSG00000226871,0
ENSG00000212206,0
ENSG00000266279,0
ENSG00000184650,3
ENSG00000265749,0
ENSG00000263809,0
ENSG00000161970,999
ENSG00000252363,0
ENSG00000270606,0
ENSG00000244604,0
ENSG00000161973,0
ENSG00000185156,0
ENSG00000276231,0
ENSG00000266389,0
ENSG00000265975,0
ENSG00000065320,9769
ENSG00000262966,0
ENSG00000273816,0
ENSG00000170310,1079
ENSG00000263708,0
ENSG00000225751,0
ENSG00000262815,0
ENSG00000263051,0
ENSG00000271851,335
ENSG00000166596,12
ENSG00000241654,0
ENSG00000265349,0
ENSG00000154914,44
ENSG00000262296,0
ENSG00000282882,0
ENSG00000278944,0
ENSG00000283025,0
ENSG00000065325,0
ENSG00000265593,0
ENSG00000109047,0
ENSG00000242692,2
ENSG00000273388,0
ENSG00000006788,0
ENSG00000264067,0
ENSG00000272975,0
ENSG00000272736,0
ENSG00000133020,0
ENSG00000264424,0
ENSG00000109061,0
ENSG00000125414,0
ENSG00000214970,0
ENSG00000109063,18
ENSG00000261433,0
ENSG00000133028,1430
ENSG00000263388,0
ENSG00000170222,458
ENSG00000187824,30
ENSG00000264176,9
ENSG00000263400,0
ENSG00000285220,0
ENSG00000264016,0
ENSG00000240813,0
ENSG00000266114,0
ENSG00000284876,0
ENSG00000279542,0
ENSG00000233670,2
ENSG00000263508,0
ENSG00000207242,0
ENSG00000244753,0
ENSG00000243346,0
ENSG00000285541,0
ENSG00000188803,2
ENSG00000264727,0
ENSG00000007174,489
ENSG00000263684,0
ENSG00000266368,3
ENSG00000154957,230
ENSG00000241185,0
ENSG00000065559,3552
ENSG00000252707,0
ENSG00000266297,2
ENSG00000263648,0
ENSG00000265400,0
ENSG00000286617,0
ENSG00000287462,0
ENSG00000227274,0
ENSG00000265489,0
ENSG00000265503,0
ENSG00000280168,0
ENSG00000277621,0
ENSG00000263707,0
ENSG00000006744,2262
ENSG00000273098,0
ENSG00000234634,0
ENSG00000153976,458
ENSG00000221698,0
ENSG00000265494,0
ENSG00000233852,0
ENSG00000266744,0
ENSG00000141028,16
ENSG00000006695,481
ENSG00000252305,0
ENSG00000223510,0
ENSG00000262786,0
ENSG00000125430,294
ENSG00000266709,16
ENSG00000266378,0
ENSG00000230897,40
ENSG00000226130,0
ENSG00000238212,0
ENSG00000226156,0
ENSG00000232058,0
ENSG00000259944,0
ENSG00000287307,0
ENSG00000265163,0
ENSG00000161542,2087
ENSG00000251779,0
ENSG00000207169,0
ENSG00000267518,0
ENSG00000176170,299
ENSG00000175931,1640
ENSG00000242931,0
ENSG00000161544,34
ENSG00000214140,2
ENSG00000267546,0
ENSG00000267543,0
ENSG00000272386,0
ENSG00000274091,0
ENSG00000199961,0
ENSG00000278261,0
ENSG00000284526,48
ENSG00000070731,0
ENSG00000267078,0
ENSG00000267084,0
ENSG00000286750,0
ENSG00000070526,0
ENSG00000199735,0
ENSG00000261335,9
ENSG00000212418,6
ENSG00000277382,0
ENSG00000274051,0
ENSG00000267168,0
ENSG00000161547,7881
ENSG00000283805,0
ENSG00000200257,0
ENSG00000129667,8
ENSG00000234912,285
ENSG00000129657,4428
ENSG00000275143,0
ENSG00000284250,0
ENSG00000222808,0
ENSG00000262870,0
ENSG00000265121,0
ENSG00000287257,0
ENSG00000264060,0
ENSG00000200651,0
ENSG00000279801,0
ENSG00000267263,0
ENSG00000267016,9
ENSG00000286534,0
ENSG00000267466,0
ENSG00000279572,0
ENSG00000271222,0
ENSG00000267384,0
ENSG00000266979,0
ENSG00000180336,12
ENSG00000180329,987
ENSG00000267160,18
ENSG00000279879,0
ENSG00000161692,241
ENSG00000264251,0
ENSG00000240305,0
ENSG00000073670,28
ENSG00000267505,1
ENSG00000267405,2
ENSG00000182963,4302
ENSG00000131097,8
ENSG00000108883,11391
ENSG00000167131,11
ENSG00000186185,822
ENSG00000267334,0
ENSG00000131094,314
ENSG00000267788,0
ENSG00000264548,0
ENSG00000275888,0
ENSG00000265692,2
ENSG00000260563,20
ENSG00000173762,0
ENSG00000141574,2
ENSG00000182459,0
ENSG00000278964,0
ENSG00000260011,0
ENSG00000181396,760
ENSG00000264812,0
ENSG00000279066,0
ENSG00000287193,0
ENSG00000279744,4
ENSG00000266445,0
ENSG00000266236,0
ENSG00000265110,0
ENSG00000279660,4
ENSG00000265445,0
ENSG00000286792,0
ENSG00000237377,0
ENSG00000125409,18
ENSG00000200437,0
ENSG00000279567,0
ENSG00000266667,0
ENSG00000239888,0
ENSG00000109099,5835
ENSG00000132507,11075
ENSG00000132522,29
ENSG00000261915,0
ENSG00000215041,517
ENSG00000224647,0
ENSG00000072818,12
ENSG00000263171,0
ENSG00000174282,1737
ENSG00000262500,0
ENSG00000262539,5
ENSG00000265411,0
ENSG00000260075,12
ENSG00000266497,0
ENSG00000265315,0
ENSG00000232300,10
ENSG00000263934,4
ENSG00000264940,0
ENSG00000236022,0
ENSG00000263206,0
ENSG00000281856,0
ENSG00000235397,0
ENSG00000221540,0
ENSG00000286799,0
ENSG00000166484,855
ENSG00000166482,260
ENSG00000287196,0
ENSG00000128482,72
ENSG00000265126,0
ENSG00000235979,0
ENSG00000227078,0
ENSG00000283675,0
ENSG00000189343,2478
ENSG00000231477,0
ENSG00000228331,0
ENSG00000179148,0
ENSG00000185527,0
ENSG00000204237,300
ENSG00000185298,888
ENSG00000277784,0
ENSG00000275902,0
ENSG00000262814,278
ENSG00000262660,0
ENSG00000183048,86
ENSG00000186765,15
ENSG00000108469,348
ENSG00000259120,0
ENSG00000161526,3789
ENSG00000264829,0
ENSG00000264270,0
ENSG00000132475,22627
ENSG00000283853,0
ENSG00000132478,796
ENSG00000266980,0
ENSG00000132471,3806
ENSG00000132481,165
ENSG00000267801,0
ENSG00000141569,354
ENSG00000267342,3
ENSG00000204316,22
ENSG00000267426,0
ENSG00000267615,0
ENSG00000261408,0
ENSG00000257949,0
ENSG00000167880,2
ENSG00000167881,3210
ENSG00000274758,0
ENSG00000263345,1
ENSG00000070444,985
ENSG00000262456,0
ENSG00000127804,1794
ENSG00000279872,0
ENSG00000280280,0
ENSG00000243049,0
ENSG00000262953,0
ENSG00000262480,0
ENSG00000279432,0
ENSG00000239884,0
ENSG00000272770,0
ENSG00000272911,0
ENSG00000273606,0
ENSG00000221200,0
ENSG00000272920,0
ENSG00000007168,13801
ENSG00000212469,0
ENSG00000262408,0
ENSG00000262112,0
ENSG00000284542,0
ENSG00000121058,1690
ENSG00000262298,0
ENSG00000262623,0
ENSG00000121064,416
ENSG00000263120,0
ENSG00000261192,0
ENSG00000121057,653
ENSG00000263089,0
ENSG00000153944,15673
ENSG00000180891,1361
ENSG00000278642,0
ENSG00000136451,4789
ENSG00000280233,10
ENSG00000266086,0
ENSG00000264112,135
ENSG00000136450,8961
ENSG00000285930,0
ENSG00000266290,0
ENSG00000264364,9525
ENSG00000279207,1064
ENSG00000229590,0
ENSG00000121053,1
ENSG00000278627,14
ENSG00000287337,4
ENSG00000167117,0
ENSG00000243678,6
ENSG00000002919,902
ENSG00000108352,199
ENSG00000166579,974
ENSG00000129673,2
ENSG00000198740,1320
ENSG00000167716,243
ENSG00000136436,1126
ENSG00000070495,500
ENSG00000173868,0
ENSG00000186075,0
ENSG00000108587,4442
ENSG00000154025,0
ENSG00000175662,1298
ENSG00000182896,0
ENSG00000169660,181
ENSG00000109083,761
ENSG00000239672,975
ENSG00000141052,0
ENSG00000154016,0
ENSG00000181038,288
ENSG00000011143,474
ENSG00000004139,454
ENSG00000076351,123
ENSG00000265254,0
ENSG00000265541,0
ENSG00000263870,0
ENSG00000263266,226
ENSG00000109103,634
ENSG00000109107,448
ENSG00000265168,0
ENSG00000076382,1684
ENSG00000227543,6
ENSG00000265287,0
ENSG00000007202,5550
ENSG00000264044,1
ENSG00000132581,2062
ENSG00000240494,0
ENSG00000109111,6526
ENSG00000265205,12
ENSG00000109113,654
ENSG00000198242,18894
ENSG00000238423,0
ENSG00000264577,12
ENSG00000238578,0
ENSG00000238649,0
ENSG00000238597,0
ENSG00000160606,98
ENSG00000160602,42
ENSG00000267729,0
ENSG00000265073,0
ENSG00000265474,1
ENSG00000243053,0
ENSG00000213326,54
ENSG00000199801,0
ENSG00000230258,0
ENSG00000267603,0
ENSG00000123700,406
ENSG00000267170,0
ENSG00000186919,6
ENSG00000182687,0
ENSG00000182473,1994
ENSG00000279382,1
ENSG00000275360,0
ENSG00000129654,69
ENSG00000267128,101
ENSG00000262106,0
ENSG00000182628,9640
ENSG00000252212,0
ENSG00000211514,0
ENSG00000207996,0
ENSG00000068489,2997
ENSG00000265303,0
ENSG00000265415,0
ENSG00000207235,0
ENSG00000185924,0
ENSG00000262445,0
ENSG00000228133,0
ENSG00000262869,0
ENSG00000108963,296
ENSG00000287553,0
ENSG00000262664,0
ENSG00000262533,0
ENSG00000263050,0
ENSG00000267200,0
ENSG00000267195,0
ENSG00000177374,6
ENSG00000070366,1725
ENSG00000280333,5
ENSG00000262810,0
ENSG00000279040,0
ENSG00000279562,0
ENSG00000279340,0
ENSG00000262402,0
ENSG00000265777,0
ENSG00000236838,0
ENSG00000236457,0
ENSG00000225084,0
ENSG00000278941,0
ENSG00000280242,0
ENSG00000167720,703
ENSG00000262333,6
ENSG00000167721,3193
ENSG00000275084,1
ENSG00000212163,0
ENSG00000263501,0
ENSG00000271919,0
ENSG00000226797,4
ENSG00000263644,0
ENSG00000271749,0
ENSG00000265282,0
ENSG00000008283,256
ENSG00000265971,0
ENSG00000228979,0
ENSG00000159640,0
ENSG00000264813,0
ENSG00000224353,0
ENSG00000270587,5
ENSG00000198909,403
ENSG00000263883,0
ENSG00000136490,434
ENSG00000279369,72
ENSG00000206734,0
ENSG00000108424,15203
ENSG00000264558,0
ENSG00000073861,0
ENSG00000006025,161
ENSG00000159111,1627
ENSG00000141294,10
ENSG00000141295,581
ENSG00000182481,18497
ENSG00000256358,0
ENSG00000261371,2
ENSG00000239823,0
ENSG00000265031,0
ENSG00000271605,0
ENSG00000256525,393
ENSG00000256826,0
ENSG00000284564,0
ENSG00000284368,0
ENSG00000108854,3790
ENSG00000271779,0
ENSG00000270714,6
ENSG00000266820,0
ENSG00000265298,0
ENSG00000108654,34323
ENSG00000185359,1144
ENSG00000161714,1192
ENSG00000181513,44
ENSG00000186834,1944
ENSG00000136448,3373
ENSG00000266013,0
ENSG00000266048,0
ENSG00000263818,2
ENSG00000161381,8
ENSG00000286443,0
ENSG00000141748,0
ENSG00000280177,0
ENSG00000266101,0
ENSG00000141750,2
ENSG00000265460,0
ENSG00000270993,0
ENSG00000232724,0
ENSG00000170190,0
ENSG00000206713,0
ENSG00000125449,172
ENSG00000125458,193
ENSG00000279035,0
ENSG00000189159,15871
ENSG00000265800,7
ENSG00000263786,0
ENSG00000252042,0
ENSG00000188612,13895
ENSG00000125450,1432
ENSG00000125447,832
ENSG00000125445,2282
ENSG00000263843,32
ENSG00000125454,98
ENSG00000177885,5130
ENSG00000228007,22
ENSG00000265987,0
ENSG00000264853,0
ENSG00000265342,8
ENSG00000264511,0
ENSG00000223217,0
ENSG00000265794,0
ENSG00000108666,883
ENSG00000265139,0
ENSG00000263749,0
ENSG00000283774,0
ENSG00000274341,0
ENSG00000278668,0
ENSG00000266385,0
ENSG00000279762,0
ENSG00000264083,0
ENSG00000264373,0
ENSG00000202100,0
ENSG00000108298,35086
ENSG00000248714,6
ENSG00000250948,3
ENSG00000186244,0
ENSG00000250186,0
ENSG00000207127,0
ENSG00000229944,33
ENSG00000249497,0
ENSG00000181222,8712
ENSG00000229782,6
ENSG00000183018,274
ENSG00000132382,1549
ENSG00000167741,0
ENSG00000262921,0
ENSG00000262519,0
ENSG00000188176,2
ENSG00000261863,0
ENSG00000222429,0
ENSG00000161905,0
ENSG00000141456,2244
ENSG00000235085,0
ENSG00000244184,9
ENSG00000213939,6
ENSG00000141480,1176
ENSG00000161920,181
ENSG00000261898,0
ENSG00000141497,0
ENSG00000142484,0
ENSG00000182853,17
ENSG00000182327,39
ENSG00000280254,67
ENSG00000142507,3980
ENSG00000129219,557
ENSG00000141503,577
ENSG00000230201,0
ENSG00000264113,0
ENSG00000108556,0
ENSG00000205710,0
ENSG00000267632,2
ENSG00000283929,0
ENSG00000267185,6
ENSG00000108784,301
ENSG00000266929,0
ENSG00000108785,22
ENSG00000108786,10
ENSG00000068120,646
ENSG00000131470,213
ENSG00000287710,43
ENSG00000141699,1684
ENSG00000280183,0
ENSG00000267189,0
ENSG00000267132,0
ENSG00000037042,106
ENSG00000068137,256
ENSG00000204283,0
ENSG00000238898,0
ENSG00000279600,0
ENSG00000267463,0
ENSG00000238658,0
ENSG00000267679,0
ENSG00000167900,698
ENSG00000267624,0
ENSG00000089685,7056
ENSG00000283914,0
ENSG00000267676,0
ENSG00000279886,0
ENSG00000204277,36
ENSG00000184619,206
ENSG00000177469,3046
ENSG00000238704,0
ENSG00000264314,0
ENSG00000267222,0
ENSG00000168610,10071
ENSG00000267658,0
ENSG00000089558,0
ENSG00000161610,0
ENSG00000167925,14
ENSG00000280295,0
ENSG00000267758,0
ENSG00000236194,0
ENSG00000278829,0
ENSG00000266126,0
ENSG00000261033,0
ENSG00000225681,0
ENSG00000225014,4
ENSG00000212186,0
ENSG00000252971,0
ENSG00000276577,0
ENSG00000266839,0
ENSG00000278701,0
ENSG00000214832,8
ENSG00000010244,7748
ENSG00000180638,20
ENSG00000184544,0
ENSG00000132361,1098
ENSG00000240445,728
ENSG00000125457,242
ENSG00000186665,526
ENSG00000141736,1058
ENSG00000108639,522
ENSG00000141376,761
ENSG00000108684,0
ENSG00000108788,1416
ENSG00000007237,758
ENSG00000263494,0
ENSG00000233175,1
ENSG00000267278,103
ENSG00000184361,0
ENSG00000006062,36
ENSG00000199953,0
ENSG00000267446,0
ENSG00000267344,0
ENSG00000213424,0
ENSG00000224244,0
ENSG00000167916,0
ENSG00000204897,0
ENSG00000171446,0
ENSG00000173908,0
ENSG00000264488,0
ENSG00000186395,636
ENSG00000265359,0
ENSG00000187242,8
ENSG00000171431,2
ENSG00000108244,12
ENSG00000259333,0
ENSG00000259384,0
ENSG00000285947,0
ENSG00000007314,0
ENSG00000263489,0
ENSG00000264954,0
ENSG00000224383,0
ENSG00000108622,0
ENSG00000178607,349
ENSG00000286629,0
ENSG00000199753,1
ENSG00000281311,0
ENSG00000277887,0
ENSG00000141526,22
ENSG00000262791,0
ENSG00000282199,0
ENSG00000267496,0
ENSG00000267166,0
ENSG00000267420,0
ENSG00000108849,0
ENSG00000161653,10
ENSG00000091947,1059
ENSG00000221044,2
ENSG00000161654,1479
ENSG00000267638,0
ENSG00000212446,0
ENSG00000125319,124
ENSG00000161664,22
ENSG00000168591,994
ENSG00000275107,0
ENSG00000275720,0
ENSG00000276508,0
ENSG00000275613,0
ENSG00000277268,0
ENSG00000273706,4
ENSG00000276707,0
ENSG00000277911,0
ENSG00000277589,4
ENSG00000276326,0
ENSG00000277579,0
ENSG00000278638,0
ENSG00000274308,0
ENSG00000275029,8
ENSG00000276810,0
ENSG00000275700,2258
ENSG00000215644,0
ENSG00000225663,2222
ENSG00000182676,0
ENSG00000262831,0
ENSG00000278876,0
ENSG00000262413,0
ENSG00000141522,5622
ENSG00000263731,190
ENSG00000263859,0
ENSG00000183684,2589
ENSG00000141552,2444
ENSG00000183979,0
ENSG00000185813,773
ENSG00000187531,106
ENSG00000197063,1295
ENSG00000264769,0
ENSG00000265688,54
ENSG00000183010,1471
ENSG00000263585,0
ENSG00000185105,0
ENSG00000185269,4
ENSG00000264735,0
ENSG00000184009,240090
ENSG00000185624,17748
ENSG00000131462,1330
ENSG00000184451,7
ENSG00000267042,4
ENSG00000108797,701
ENSG00000267765,10
ENSG00000108799,470
ENSG00000275273,0
ENSG00000239671,0
ENSG00000273650,0
ENSG00000214578,0
ENSG00000197291,0
ENSG00000131477,4
ENSG00000131475,2116
ENSG00000263015,0
ENSG00000263300,0
ENSG00000262905,0
ENSG00000262708,0
ENSG00000244097,0
ENSG00000167695,1539
ENSG00000179409,1508
ENSG00000231784,11
ENSG00000171861,833
ENSG00000262434,0
ENSG00000277491,0
ENSG00000262133,0
ENSG00000092871,1419
ENSG00000267618,0
ENSG00000273687,6
ENSG00000267457,0
ENSG00000243423,0
ENSG00000253084,0
ENSG00000252328,0
ENSG00000073598,2
ENSG00000073536,744
ENSG00000141161,0
ENSG00000267782,0
ENSG00000266981,0
ENSG00000267744,0
ENSG00000166750,98
ENSG00000185379,418
ENSG00000120071,2001
ENSG00000141252,1992
ENSG00000214087,1291
ENSG00000141576,923
ENSG00000267376,0
ENSG00000228218,26
ENSG00000185262,964
ENSG00000132510,1766
ENSG00000186860,0
ENSG00000233014,0
ENSG00000108516,0
ENSG00000006059,0
ENSG00000131738,0
ENSG00000094796,0
ENSG00000234859,0
ENSG00000225438,0
ENSG00000108417,0
ENSG00000267009,2
ENSG00000108950,0
ENSG00000267461,0
ENSG00000141337,237
ENSG00000196704,3173
ENSG00000202332,0
ENSG00000284595,0
ENSG00000177303,501
ENSG00000182173,134
ENSG00000073350,24
ENSG00000126858,3262
ENSG00000126561,12
ENSG00000213859,285
ENSG00000167447,1592
ENSG00000204323,14
ENSG00000179859,92
ENSG00000255713,0
ENSG00000184640,12853
ENSG00000262833,0
ENSG00000287403,0
ENSG00000262313,0
ENSG00000262662,0
ENSG00000261924,12
ENSG00000240270,0
ENSG00000176108,425
ENSG00000263218,0
ENSG00000280351,29
ENSG00000262873,12
ENSG00000262098,0
ENSG00000226137,994
ENSG00000181409,78
ENSG00000207736,0
ENSG00000211563,0
ENSG00000283604,0
ENSG00000221025,0
ENSG00000263167,0
ENSG00000225180,0
ENSG00000167302,43
ENSG00000108479,146
ENSG00000263017,0
ENSG00000177370,1022
ENSG00000264429,0
ENSG00000278794,0
ENSG00000275997,0
ENSG00000235361,0
ENSG00000262213,0
ENSG00000205899,0
ENSG00000184811,8
ENSG00000108953,75096
ENSG00000280408,0
ENSG00000262777,0
ENSG00000159842,4598
ENSG00000214226,10
ENSG00000283209,0
ENSG00000153933,50
ENSG00000121060,1154
ENSG00000265136,1
ENSG00000262652,0
ENSG00000262147,4
ENSG00000261845,0
ENSG00000141580,2935
ENSG00000279613,0
ENSG00000141542,474
ENSG00000266107,0
ENSG00000263063,0
ENSG00000141560,1250
ENSG00000263321,0
ENSG00000167363,404
ENSG00000262410,0
ENSG00000141556,4309
ENSG00000263098,0
ENSG00000141579,0
ENSG00000262663,0
ENSG00000262339,0
ENSG00000176845,570
ENSG00000274370,5
ENSG00000261888,90
ENSG00000267060,2
ENSG00000276851,9
ENSG00000005882,573
ENSG00000275025,0
ENSG00000250282,0
ENSG00000167100,159
ENSG00000108819,1774
ENSG00000236472,0
ENSG00000253730,0
ENSG00000261959,0
ENSG00000108821,7527
ENSG00000249406,0
ENSG00000263176,0
ENSG00000249838,0
ENSG00000167105,6
ENSG00000251179,0
ENSG00000015532,336
ENSG00000279792,25
ENSG00000108826,1040
ENSG00000154920,188
ENSG00000108829,5035
ENSG00000206824,0
ENSG00000253102,0
ENSG00000108823,0
ENSG00000266365,0
ENSG00000266647,0
ENSG00000263887,0
ENSG00000242123,0
ENSG00000172421,0
ENSG00000239809,0
ENSG00000251981,0
ENSG00000239527,0
ENSG00000087995,1202
ENSG00000239246,14
ENSG00000264546,0
ENSG00000277463,1
ENSG00000274565,72
ENSG00000011028,4972
ENSG00000207382,0
ENSG00000279713,0
ENSG00000199697,0
ENSG00000265702,4
ENSG00000287457,0
ENSG00000146872,3203
ENSG00000267691,0
ENSG00000004939,0
ENSG00000285486,0
ENSG00000239702,0
ENSG00000267750,25
ENSG00000221496,0
ENSG00000252628,0
ENSG00000108309,240
ENSG00000013306,2824
ENSG00000267211,0
ENSG00000030582,3548
ENSG00000161682,772
ENSG00000267634,0
ENSG00000005961,22
ENSG00000240589,0
ENSG00000275066,3772
ENSG00000277688,0
ENSG00000278053,2946
ENSG00000274620,0
ENSG00000277501,2
ENSG00000274244,0
ENSG00000275410,0
ENSG00000275173,0
ENSG00000277341,0
ENSG00000277488,0
ENSG00000238516,0
ENSG00000264138,0
ENSG00000132591,1377
ENSG00000284565,0
ENSG00000283364,0
ENSG00000283819,0
ENSG00000284085,0
ENSG00000264304,6
ENSG00000266642,0
ENSG00000167536,73
ENSG00000109118,1466
ENSG00000265845,0
ENSG00000265908,0
ENSG00000267288,5
ENSG00000161513,632
ENSG00000172782,0
ENSG00000182040,0
ENSG00000183034,0
ENSG00000182938,0
ENSG00000167861,52
ENSG00000263586,0
ENSG00000109089,657
ENSG00000167862,823
ENSG00000252545,0
ENSG00000167863,2396
ENSG00000239607,0
ENSG00000184166,0
ENSG00000253506,0
ENSG00000108506,1766
ENSG00000202361,0
ENSG00000266648,0
ENSG00000264672,4
ENSG00000108389,3792
ENSG00000136492,2465
ENSG00000180090,0
ENSG00000285760,0
ENSG00000267129,0
ENSG00000180016,0
ENSG00000127780,0
ENSG00000280268,0
ENSG00000141255,0
ENSG00000108381,0
ENSG00000267047,0
ENSG00000262089,10
ENSG00000108839,18
ENSG00000219200,0
ENSG00000161939,0
ENSG00000258315,0
ENSG00000267532,6
ENSG00000284112,0
ENSG00000284027,0
ENSG00000161940,0
ENSG00000174327,42
ENSG00000262067,0
ENSG00000132514,0
ENSG00000213876,0
ENSG00000141505,22
ENSG00000132535,935
ENSG00000279812,0
ENSG00000072778,1491
ENSG00000199053,0
ENSG00000004975,1458
ENSG00000040633,3786
ENSG00000170296,16
ENSG00000262526,0
ENSG00000279641,29
ENSG00000175826,1113
ENSG00000262302,0
ENSG00000181885,0
ENSG00000202251,0
ENSG00000181856,28
ENSG00000263342,0
ENSG00000006047,0
ENSG00000129646,97
ENSG00000267592,0
ENSG00000270885,986
ENSG00000270765,12
ENSG00000271447,22
ENSG00000271392,4
ENSG00000270806,12
ENSG00000270829,4
ENSG00000270871,3
ENSG00000270894,0
ENSG00000270379,0
ENSG00000271268,2
ENSG00000270240,0
ENSG00000271503,0
ENSG00000271394,0
ENSG00000270977,6
ENSG00000131095,208
ENSG00000168792,265
ENSG00000264031,0
ENSG00000167543,456
ENSG00000264290,0
ENSG00000108262,1220
ENSG00000198720,576
ENSG00000264647,0
ENSG00000264007,0
ENSG00000263370,0
ENSG00000222858,0
ENSG00000265625,0
ENSG00000240531,0
ENSG00000173065,1665
ENSG00000179761,1588
ENSG00000263613,0
ENSG00000238007,0
ENSG00000263781,0
ENSG00000263709,0
ENSG00000108387,73
ENSG00000131737,0
ENSG00000182534,5774
ENSG00000175866,794
ENSG00000153822,16
ENSG00000181408,6
ENSG00000278599,0
ENSG00000172150,0
ENSG00000278299,0
ENSG00000170703,0
ENSG00000132388,7060
ENSG00000170049,44
ENSG00000183011,1230
ENSG00000274611,0
ENSG00000241462,0
ENSG00000275680,0
ENSG00000263938,4
ENSG00000108395,4164
ENSG00000263558,0
ENSG00000266537,0
ENSG00000153982,434
ENSG00000271063,0
ENSG00000175155,810
ENSG00000278863,0
ENSG00000263857,0
ENSG00000266002,0
ENSG00000200889,0
ENSG00000161955,49
ENSG00000265840,0
ENSG00000170412,6
ENSG00000167851,0
ENSG00000178789,0
ENSG00000167850,0
ENSG00000236770,0
ENSG00000204345,0
ENSG00000182352,0
ENSG00000262228,2
ENSG00000262003,0
ENSG00000169733,223
ENSG00000169718,508
ENSG00000169710,26483
ENSG00000265678,0
ENSG00000266654,0
ENSG00000280407,2
ENSG00000234477,0
ENSG00000196859,0
ENSG00000212899,0
ENSG00000212900,0
ENSG00000226776,0
ENSG00000212901,0
ENSG00000221852,0
ENSG00000221880,0
ENSG00000188581,0
ENSG00000212724,0
ENSG00000213417,0
ENSG00000237230,0
ENSG00000287602,0
ENSG00000212721,0
ENSG00000213416,0
ENSG00000198271,0
ENSG00000171396,0
ENSG00000141506,0
ENSG00000108840,1484
ENSG00000172146,0
ENSG00000072310,3125
ENSG00000204913,16
ENSG00000176809,249
ENSG00000073605,18
ENSG00000167549,0
ENSG00000167525,28
ENSG00000204889,0
ENSG00000141194,0
ENSG00000221926,504
ENSG00000266261,5
ENSG00000108452,0
ENSG00000187607,2048
ENSG00000233966,6
ENSG00000233002,0
ENSG00000267227,0
ENSG00000233193,0
ENSG00000255104,0
ENSG00000214946,0
ENSG00000267312,2
ENSG00000267554,0
ENSG00000267349,0
ENSG00000267046,0
ENSG00000267369,0
ENSG00000267074,0
ENSG00000255987,0
ENSG00000286030,0
ENSG00000267035,0
ENSG00000236320,2
ENSG00000267359,0
ENSG00000267625,0
ENSG00000242660,44
ENSG00000207297,0
ENSG00000184060,5
ENSG00000230113,0
ENSG00000266274,0
ENSG00000265743,0
ENSG00000286194,0
ENSG00000181481,0
ENSG00000264456,0
ENSG00000264743,0
ENSG00000266340,0
ENSG00000264148,0
ENSG00000264107,25
ENSG00000265444,0
ENSG00000266371,0
ENSG00000154258,0
ENSG00000154262,0
ENSG00000267361,0
ENSG00000265331,0
ENSG00000283385,0
ENSG00000278873,0
ENSG00000285931,0
ENSG00000267203,0
ENSG00000252352,0
ENSG00000154263,0
ENSG00000174292,0
ENSG00000267271,0
ENSG00000267315,0
ENSG00000267711,0
ENSG00000267547,8
ENSG00000267745,0
ENSG00000267648,0
ENSG00000267102,1
ENSG00000172123,42
ENSG00000154760,2
ENSG00000172716,0
ENSG00000171360,0
ENSG00000236473,0
ENSG00000108759,0
ENSG00000223125,0
ENSG00000126337,0
ENSG00000171401,0
ENSG00000229732,0
ENSG00000171346,0
ENSG00000283796,0
ENSG00000171345,0
ENSG00000226629,0
ENSG00000171403,0
ENSG00000186847,0
ENSG00000186832,0
ENSG00000278954,0
ENSG00000173812,19362
ENSG00000197079,0
ENSG00000277200,20
ENSG00000172809,9118
ENSG00000246731,0
ENSG00000141540,225
ENSG00000264272,0
ENSG00000171595,0
ENSG00000266106,0
ENSG00000196169,0
ENSG00000204347,675
ENSG00000200021,0
ENSG00000283566,0
ENSG00000265233,0
ENSG00000265019,0
ENSG00000263725,0
ENSG00000263609,0
ENSG00000264956,0
ENSG00000266691,0
ENSG00000178130,0
ENSG00000266806,0
ENSG00000279339,0
ENSG00000267491,4
ENSG00000108679,7267
ENSG00000171302,2282
ENSG00000173918,60
ENSG00000167280,380
ENSG00000167281,0
ENSG00000266711,0
ENSG00000263278,0
ENSG00000266665,0
ENSG00000267719,0
ENSG00000182156,0
ENSG00000173894,2009
ENSG00000133026,13706
ENSG00000126861,212
ENSG00000185862,0
ENSG00000265118,0
ENSG00000126860,4
ENSG00000263535,4
ENSG00000131242,85
ENSG00000239595,0
ENSG00000264862,0
ENSG00000278977,0
ENSG00000284424,0
ENSG00000207614,0
ENSG00000278546,0
ENSG00000221038,0
ENSG00000228768,0
ENSG00000265976,0
ENSG00000283978,0
ENSG00000274512,30
ENSG00000092931,657
ENSG00000267065,0
ENSG00000287836,0
ENSG00000267535,0
ENSG00000167889,160
ENSG00000267568,0
ENSG00000267521,0
ENSG00000280122,0
ENSG00000276202,0
ENSG00000179314,9602
ENSG00000262231,0
ENSG00000206618,0
ENSG00000262609,0
ENSG00000236234,0
ENSG00000284055,0
ENSG00000278770,0
ENSG00000266918,0
ENSG00000131484,2
ENSG00000267198,0
ENSG00000267246,0
ENSG00000266504,0
ENSG00000264070,8
ENSG00000285668,3
ENSG00000280022,0
ENSG00000263503,26
ENSG00000204652,0
ENSG00000204650,973
ENSG00000141371,0
ENSG00000213228,13
ENSG00000062725,8010
ENSG00000270553,0
ENSG00000267678,0
ENSG00000267772,0
ENSG00000266943,0
ENSG00000200013,0
ENSG00000239932,0
ENSG00000224011,0
ENSG00000252534,0
ENSG00000267083,0
ENSG00000254114,0
ENSG00000264322,0
ENSG00000275413,0
ENSG00000227782,3
ENSG00000243686,0
ENSG00000233979,0
ENSG00000252383,0
ENSG00000199674,0
ENSG00000239221,0
ENSG00000108474,66
ENSG00000221355,0
ENSG00000166582,1144
ENSG00000170315,153
ENSG00000265401,0
ENSG00000265095,0
ENSG00000264739,0
ENSG00000187688,0
ENSG00000239203,0
ENSG00000277108,0
ENSG00000277370,0
ENSG00000266651,15
ENSG00000277512,0
ENSG00000108946,20025
ENSG00000212725,0
ENSG00000204880,0
ENSG00000204887,0
ENSG00000161594,27
ENSG00000259623,0
ENSG00000178502,842
ENSG00000131473,21438
ENSG00000274630,0
ENSG00000204815,92
ENSG00000173786,6099
ENSG00000168259,3289
ENSG00000168256,2843
ENSG00000267221,6
ENSG00000108771,0
ENSG00000108773,579
ENSG00000260325,0
ENSG00000170836,2474
ENSG00000108557,971
ENSG00000136478,2030
ENSG00000128422,0
ENSG00000185245,0
ENSG00000076604,2547
ENSG00000131899,3678
ENSG00000204414,0
ENSG00000141338,168
ENSG00000108932,158
ENSG00000006740,25
ENSG00000174238,6711
ENSG00000091536,0
ENSG00000258890,548
ENSG00000063015,566
ENSG00000068097,1618
ENSG00000008294,13895
ENSG00000167182,572
ENSG00000108852,692
ENSG00000131467,8759
ENSG00000141562,2327
ENSG00000074660,8
ENSG00000008838,2835
ENSG00000278972,0
ENSG00000108641,257
ENSG00000175711,222
ENSG00000265469,0
ENSG00000264860,0
ENSG00000180616,158
ENSG00000166685,613
ENSG00000277728,0
ENSG00000141219,1940
ENSG00000265010,0
ENSG00000187959,0
ENSG00000179604,4358
ENSG00000133193,867
ENSG00000279570,0
ENSG00000252391,0
ENSG00000287539,0
ENSG00000267355,0
ENSG00000267601,0
ENSG00000183077,751
ENSG00000212657,0
ENSG00000189051,0
ENSG00000187997,0
ENSG00000214978,0
ENSG00000109016,342
ENSG00000167699,3762
ENSG00000183914,8
ENSG00000133195,326
ENSG00000170291,1059
ENSG00000183318,0
ENSG00000055483,980
ENSG00000270647,12152
ENSG00000161944,0
ENSG00000131096,0
ENSG00000274996,0
ENSG00000273604,574
ENSG00000279119,0
ENSG00000275238,0
ENSG00000275023,2277
ENSG00000275665,0
ENSG00000273627,0
ENSG00000277972,73
ENSG00000276036,0
ENSG00000277258,1627
ENSG00000277791,3713
ENSG00000274607,0
ENSG00000276293,9620
ENSG00000273559,550
ENSG00000274054,0
ENSG00000275489,0
ENSG00000173826,0
ENSG00000136485,11827
ENSG00000288894,0
ENSG00000136463,98
ENSG00000198933,433
ENSG00000087152,2241
ENSG00000168517,20
ENSG00000174326,0
ENSG00000172992,1958
ENSG00000188878,67
ENSG00000205045,0
ENSG00000283538,2
ENSG00000207552,0
ENSG00000265262,0
ENSG00000270324,0
ENSG00000272164,0
ENSG00000272383,0
ENSG00000264513,0
ENSG00000264529,0
ENSG00000233635,0
ENSG00000259224,0
ENSG00000128487,1724
ENSG00000250506,1
ENSG00000257008,0
ENSG00000141068,716
ENSG00000072134,651
ENSG00000164729,0
ENSG00000198863,954
ENSG00000176927,8
ENSG00000289211,0
ENSG00000288807,4
ENSG00000289110,0
ENSG00000289293,122
ENSG00000205325,10
ENSG00000224738,14
ENSG00000289021,54
ENSG00000233098,64
ENSG00000234494,41
ENSG00000289388,2
ENSG00000263004,6
ENSG00000289371,6
ENSG00000170921,2740
ENSG00000176155,73
ENSG00000108528,2134
ENSG00000108523,2081
ENSG00000108518,6141
ENSG00000108515,156
ENSG00000091640,2716
ENSG00000108509,201
ENSG00000262429,0
ENSG00000274300,0
ENSG00000278517,0
ENSG00000234203,0
ENSG00000262678,0
ENSG00000129250,2407
ENSG00000227495,0
ENSG00000132517,0
ENSG00000262495,0
ENSG00000262693,0
ENSG00000180787,34
ENSG00000129204,22
ENSG00000262855,0
ENSG00000196388,12
ENSG00000262979,0
ENSG00000276863,0
ENSG00000280248,0
ENSG00000263069,49
ENSG00000173818,240
ENSG00000264961,0
ENSG00000260369,2
ENSG00000279273,0
ENSG00000171246,34
ENSG00000262000,0
ENSG00000271340,0
ENSG00000213128,0
ENSG00000232083,0
ENSG00000262172,0
ENSG00000261978,0
ENSG00000141519,193
ENSG00000265561,0
ENSG00000171298,989
ENSG00000141543,4540
ENSG00000279259,12
ENSG00000275479,0
ENSG00000262580,0
ENSG00000289689,1
ENSG00000263485,0
ENSG00000265775,0
ENSG00000252370,0
ENSG00000264791,0
ENSG00000263571,0
ENSG00000261156,0
ENSG00000264990,0
ENSG00000108688,10
ENSG00000172156,0
ENSG00000108700,0
ENSG00000265614,0
ENSG00000181374,0
ENSG00000108702,0
ENSG00000225582,0
ENSG00000108691,3556
ENSG00000182612,14
ENSG00000189375,0
ENSG00000267790,0
ENSG00000167085,4845
ENSG00000261514,0
ENSG00000267394,4
ENSG00000141349,2759
ENSG00000180626,232
ENSG00000161929,0
ENSG00000263164,2
ENSG00000078687,929
ENSG00000167840,408
ENSG00000121101,17
ENSG00000212195,2
ENSG00000199426,0
ENSG00000266561,0
ENSG00000206917,0
ENSG00000200997,0
ENSG00000274198,0
ENSG00000276601,0
ENSG00000251865,0
ENSG00000264050,0
ENSG00000178082,6
ENSG00000108255,0
ENSG00000108256,17827
ENSG00000239256,0
ENSG00000198336,0
ENSG00000259207,141
ENSG00000259753,0
ENSG00000238419,0
ENSG00000276790,0
ENSG00000178852,2
ENSG00000253347,4
ENSG00000274529,0
ENSG00000258472,0
ENSG00000167524,45
ENSG00000266853,0
ENSG00000266728,0
ENSG00000266872,0
ENSG00000168961,3
ENSG00000265041,0
ENSG00000266771,0
ENSG00000264240,0
ENSG00000264689,0
ENSG00000263604,0
ENSG00000265833,0
ENSG00000266416,0
ENSG00000266786,0
ENSG00000266202,0
ENSG00000266527,0
ENSG00000232859,131
ENSG00000286589,0
ENSG00000007171,0
ENSG00000178691,5173
ENSG00000253058,8
ENSG00000264300,0
ENSG00000264497,0
ENSG00000266777,0
ENSG00000278867,6
ENSG00000264164,0
ENSG00000265574,6
ENSG00000214708,2
ENSG00000265293,0
ENSG00000280033,0
ENSG00000280020,4
ENSG00000280279,0
ENSG00000280136,0
ENSG00000277613,0
ENSG00000268320,0
ENSG00000272636,32
ENSG00000273172,0
ENSG00000181031,28
ENSG00000262920,0
ENSG00000262061,0
ENSG00000262294,0
ENSG00000262558,0
ENSG00000185158,379
ENSG00000132359,4
ENSG00000262884,0
ENSG00000183024,0
ENSG00000261848,0
ENSG00000196689,9
ENSG00000263338,0
ENSG00000262304,0
ENSG00000040531,461
ENSG00000261916,0
ENSG00000197417,142
ENSG00000262248,0
ENSG00000262903,0
ENSG00000213977,0
ENSG00000257950,55
ENSG00000240898,0
ENSG00000127774,41
ENSG00000083454,3
ENSG00000083457,775
ENSG00000262692,3
ENSG00000177602,330
ENSG00000262358,0
ENSG00000267737,1
ENSG00000184557,738
ENSG00000243870,0
ENSG00000087157,445
ENSG00000200063,0
ENSG00000204278,0
ENSG00000264765,0
ENSG00000264359,0
ENSG00000231458,0
ENSG00000170160,0
ENSG00000266302,0
ENSG00000252446,0
ENSG00000276088,0
ENSG00000226478,8
ENSG00000266129,0
ENSG00000272815,0
ENSG00000264673,0
ENSG00000288235,0
ENSG00000264729,0
ENSG00000264892,0
ENSG00000229749,0
ENSG00000283033,0
ENSG00000289729,0
ENSG00000158955,8
ENSG00000262031,0
ENSG00000261886,2
ENSG00000210709,0
ENSG00000108433,1615
ENSG00000262633,0
ENSG00000264999,0
ENSG00000179673,0
ENSG00000277198,0
ENSG00000289730,0
ENSG00000004897,7719
ENSG00000239291,0
ENSG00000262265,0
ENSG00000261872,0
ENSG00000196156,0
ENSG00000244537,0
ENSG00000198443,0
ENSG00000251439,0
ENSG00000240542,0
ENSG00000248807,0
ENSG00000239886,0
ENSG00000204873,0
ENSG00000187272,0
ENSG00000241595,0
ENSG00000198083,0
ENSG00000229351,0
ENSG00000237183,0
ENSG00000212658,0
ENSG00000175175,1642
ENSG00000108384,542
ENSG00000200560,0
ENSG00000266173,59
ENSG00000125695,0
ENSG00000108588,8517
ENSG00000198231,6170
ENSG00000108592,3620
ENSG00000240280,0
ENSG00000213218,0
ENSG00000136487,0
ENSG00000259533,0
ENSG00000187595,0
ENSG00000108604,624
ENSG00000212659,0
ENSG00000180386,0
ENSG00000260287,0
ENSG00000274226,0
ENSG00000277029,0
ENSG00000275954,0
ENSG00000274658,0
ENSG00000289011,0
ENSG00000273611,1833
ENSG00000274164,0
ENSG00000278259,355
ENSG00000277161,1168
ENSG00000278311,2684
ENSG00000274756,0
ENSG00000278535,196
ENSG00000278619,69
ENSG00000288748,0
ENSG00000141510,8043
ENSG00000179136,0
ENSG00000167895,0
ENSG00000266885,0
ENSG00000283879,0
ENSG00000266529,0
ENSG00000243655,0
ENSG00000264168,0
ENSG00000263914,0
ENSG00000240103,0
ENSG00000241225,0
ENSG00000263483,0
ENSG00000264316,0
ENSG00000284300,0
ENSG00000284328,0
ENSG00000284263,0
ENSG00000136488,0
ENSG00000007312,0
ENSG00000007216,0
ENSG00000109101,0
ENSG00000141499,648
ENSG00000266074,534
ENSG00000289140,0
ENSG00000289182,14
ENSG00000141524,2
ENSG00000173757,1154
ENSG00000201239,0
ENSG00000178927,710
ENSG00000141564,894
ENSG00000167419,0
ENSG00000286788,0
ENSG00000005381,2
ENSG00000005379,80
ENSG00000284353,0
ENSG00000264399,0
ENSG00000213246,0
ENSG00000285897,0
ENSG00000108375,26
ENSG00000092929,2
ENSG00000286190,0
ENSG00000282980,0
ENSG00000288993,0
ENSG00000178977,22
ENSG00000288750,20
ENSG00000178971,382
ENSG00000091592,0
ENSG00000198090,0
ENSG00000266826,0
ENSG00000212722,0
ENSG00000273513,0
ENSG00000240871,0
ENSG00000180042,0
ENSG00000214518,0
ENSG00000263429,0
ENSG00000186393,0
ENSG00000241241,0
ENSG00000274419,0
ENSG00000239697,0
ENSG00000248871,0
ENSG00000108828,7929
ENSG00000108830,1302
ENSG00000240828,0
ENSG00000198496,149
ENSG00000285057,0
ENSG00000267681,3
ENSG00000267002,246
ENSG00000267595,0
ENSG00000267340,0
ENSG00000188554,5351
ENSG00000184988,0
ENSG00000236383,0
ENSG00000274585,0
ENSG00000275616,0
ENSG00000273709,0
ENSG00000274432,0
ENSG00000278048,0
ENSG00000276596,0
ENSG00000277903,0
ENSG00000278774,0
ENSG00000274862,0
ENSG00000274062,0
ENSG00000274452,0
ENSG00000275219,0
ENSG00000278591,0
ENSG00000225190,427
ENSG00000262898,0
ENSG00000215067,39
ENSG00000012048,1306
ENSG00000167107,140
ENSG00000262759,0
ENSG00000136457,0
ENSG00000275897,2
ENSG00000136444,592
ENSG00000249451,0
ENSG00000250286,0
ENSG00000049283,4
ENSG00000006282,714
ENSG00000250107,0
ENSG00000262052,0
ENSG00000153930,1045
ENSG00000261882,0
ENSG00000279606,0
ENSG00000243058,0
ENSG00000183691,436
ENSG00000184185,42
ENSG00000287671,0
ENSG00000265881,0
ENSG00000265043,0
ENSG00000264023,0
ENSG00000244582,26
ENSG00000265265,0
ENSG00000266466,0
ENSG00000266673,0
ENSG00000266050,0
ENSG00000264245,0
ENSG00000263375,0
ENSG00000264617,0
ENSG00000274748,0
ENSG00000260458,0
ENSG00000263766,7
ENSG00000006283,321
ENSG00000141279,6250
ENSG00000029725,1768
ENSG00000263220,0
ENSG00000129197,2042
ENSG00000263272,78
ENSG00000108561,8781
ENSG00000005100,2641
ENSG00000262099,0
ENSG00000072849,3500
ENSG00000167842,2983
ENSG00000108559,2691
ENSG00000108406,15977
ENSG00000273702,46
ENSG00000141378,1468
ENSG00000267637,6
ENSG00000141367,37755
ENSG00000267253,2
ENSG00000167941,0
ENSG00000108861,1878
ENSG00000231256,0
ENSG00000267604,0
ENSG00000161647,16
ENSG00000161649,0
ENSG00000239704,0
ENSG00000259024,0
ENSG00000175106,42
ENSG00000234324,0
ENSG00000223878,0
ENSG00000266538,0
ENSG00000252129,0
ENSG00000223544,0
ENSG00000278023,56
ENSG00000275722,0
ENSG00000275152,0
ENSG00000276409,0
ENSG00000275431,0
ENSG00000275688,0
ENSG00000275718,0
ENSG00000275944,0
ENSG00000278690,0
ENSG00000274736,0
ENSG00000275385,0
ENSG00000277089,0
ENSG00000277632,0
ENSG00000275302,0
ENSG00000276014,0
ENSG00000276241,0
ENSG00000289485,0
ENSG00000282738,0
ENSG00000274808,0
ENSG00000274767,0
ENSG00000276085,0
ENSG00000276070,0
ENSG00000278097,0
ENSG00000276755,0
ENSG00000278395,0
ENSG00000274933,0
ENSG00000265889,0
ENSG00000170004,6106
ENSG00000230647,0
ENSG00000188662,4
ENSG00000265148,42
ENSG00000267665,0
ENSG00000263412,20
ENSG00000247011,0
ENSG00000261040,0
ENSG00000235296,0
ENSG00000177369,0
ENSG00000259349,8
ENSG00000266947,9
ENSG00000289453,0
ENSG00000267280,10
ENSG00000289910,0
ENSG00000289913,8
ENSG00000227036,364
ENSG00000263718,0
ENSG00000289926,0
ENSG00000236088,486
ENSG00000289147,0
ENSG00000265206,0
ENSG00000289945,0
ENSG00000289599,24
ENSG00000185168,0
ENSG00000262223,26
ENSG00000212719,1417
ENSG00000266970,17
ENSG00000289957,0
ENSG00000237560,0
ENSG00000261879,13
ENSG00000289964,0
ENSG00000279069,69
ENSG00000154898,22
ENSG00000289877,0
ENSG00000267506,0
ENSG00000267416,7
ENSG00000267248,2
ENSG00000288929,0
ENSG00000266402,2
ENSG00000288961,0
ENSG00000289977,0
ENSG00000289984,0
ENSG00000289213,51
ENSG00000274213,23
ENSG00000163597,2672
ENSG00000263293,0
ENSG00000267365,49
ENSG00000262050,7
ENSG00000290039,0
ENSG00000290053,0
ENSG00000266998,0
ENSG00000290056,0
ENSG00000264920,131
ENSG00000279668,0
ENSG00000236819,120
ENSG00000234327,45
ENSG00000277511,4
ENSG00000265313,0
ENSG00000175061,18991
ENSG00000267364,0
ENSG00000264666,6
ENSG00000278834,6
ENSG00000167920,527
ENSG00000289070,0
ENSG00000184922,24
ENSG00000233483,4
ENSG00000236618,5
ENSG00000277597,0
ENSG00000186594,120
ENSG00000174231,12817
ENSG00000264808,6
ENSG00000222363,0
ENSG00000284162,0
ENSG00000253064,0
ENSG00000202205,0
ENSG00000290082,11
ENSG00000181523,314
ENSG00000181045,261
ENSG00000251818,0
ENSG00000266190,0
ENSG00000202389,0
ENSG00000087095,1484
ENSG00000288923,0
ENSG00000260777,4
ENSG00000266306,0
ENSG00000264029,0
ENSG00000265480,0
ENSG00000266111,12
ENSG00000087191,3530
ENSG00000237911,0
ENSG00000287490,0
ENSG00000287751,0
ENSG00000170298,0
ENSG00000229586,0
ENSG00000263976,0
ENSG00000230088,0
ENSG00000266925,0
ENSG00000266042,0
ENSG00000260907,0
ENSG00000265916,0
ENSG00000235203,0
ENSG00000267075,0
ENSG00000230339,0
ENSG00000263946,0
ENSG00000235323,0
ENSG00000264422,0
ENSG00000177731,1985
ENSG00000177427,296
ENSG00000260647,0
ENSG00000177302,1586
ENSG00000228000,0
ENSG00000237382,0
ENSG00000176994,1385
ENSG00000176974,650
ENSG00000283772,0
ENSG00000159314,18
ENSG00000271013,2
ENSG00000278845,3294
ENSG00000277399,8
ENSG00000274211,2584
ENSG00000276170,0
ENSG00000277363,314
ENSG00000277969,97
ENSG00000275532,10
ENSG00000277182,50
ENSG00000265096,0
ENSG00000262879,1783
ENSG00000265100,0
ENSG00000289579,48
ENSG00000033627,3539
ENSG00000266962,36
ENSG00000264589,0
ENSG00000214401,192
ENSG00000201178,0
ENSG00000006042,4490
ENSG00000141316,0
ENSG00000264598,0
ENSG00000186868,296
ENSG00000176749,3965
ENSG00000176658,72
ENSG00000266718,0
ENSG00000280245,0
ENSG00000265222,0
ENSG00000263717,0
ENSG00000279781,0
ENSG00000266599,0
ENSG00000265337,0
ENSG00000264458,22
ENSG00000280349,0
ENSG00000266535,0
ENSG00000236377,0
ENSG00000290320,0
ENSG00000266714,20
ENSG00000264066,0
ENSG00000196535,1307
ENSG00000120094,0
ENSG00000173917,4
ENSG00000230148,0
ENSG00000120093,0
ENSG00000233101,0
ENSG00000239552,0
ENSG00000182742,0
ENSG00000257178,0
ENSG00000284038,0
ENSG00000120075,0
ENSG00000108511,1
ENSG00000260027,0
ENSG00000120068,0
ENSG00000170689,0
ENSG00000242207,0
ENSG00000210741,0
ENSG00000272763,0
ENSG00000267080,91
ENSG00000260793,19
ENSG00000288877,0
ENSG00000170425,104
ENSG00000214941,726
ENSG00000011295,4176
ENSG00000141027,3376
ENSG00000108312,4495
ENSG00000160551,16073
ENSG00000233223,140
ENSG00000129245,3072
ENSG00000161533,5353
ENSG00000261222,0
ENSG00000186407,0
ENSG00000264659,0
ENSG00000172794,4
ENSG00000186074,0
ENSG00000266036,0
ENSG00000284186,0
ENSG00000109062,1629
ENSG00000109065,388
ENSG00000109066,1362
ENSG00000161509,10
ENSG00000177728,1864
ENSG00000176681,98
ENSG00000274114,0
ENSG00000290366,0
ENSG00000227790,0
ENSG00000290377,0
ENSG00000248121,0
ENSG00000290395,18
ENSG00000266733,0
ENSG00000290404,0
ENSG00000266433,0
ENSG00000290422,0
ENSG00000226521,0
ENSG00000290430,0
ENSG00000250462,0
ENSG00000290450,724
ENSG00000228983,0
ENSG00000290454,0
ENSG00000264057,0
ENSG00000290457,0
ENSG00000231625,0
ENSG00000290544,0
ENSG00000267023,0
ENSG00000290646,0
ENSG00000205266,0
ENSG00000290655,0
ENSG00000186831,0
ENSG00000290656,0
ENSG00000214856,0
ENSG00000290657,0
ENSG00000167494,0
ENSG00000290658,0
ENSG00000233327,0
ENSG00000290659,0
ENSG00000237575,0
ENSG00000290671,0
ENSG00000265060,0
ENSG00000290672,0
ENSG00000249459,0
ENSG00000290687,573
ENSG00000128438,0
ENSG00000255095,0
ENSG00000290747,0
ENSG00000274712,0
ENSG00000290793,207
ENSG00000188755,0
ENSG00000290800,0
ENSG00000276715,0
ENSG00000290810,0
ENSG00000180068,0
ENSG00000265798,0
ENSG00000214514,0
ENSG00000263563,0
ENSG00000290919,0
ENSG00000214553,1
ENSG00000290928,24
ENSG00000265788,0
ENSG00000290973,0
ENSG00000266379,0
ENSG00000290974,0
ENSG00000263369,0
ENSG00000290975,0
ENSG00000188933,0
ENSG00000226145,0
ENSG00000227300,0
ENSG00000131885,0
ENSG00000205312,0
ENSG00000261575,2
ENSG00000260157,0
ENSG00000291022,0
ENSG00000273736,0
ENSG00000291030,0
ENSG00000266865,0
ENSG00000260105,0
ENSG00000291070,0
ENSG00000205212,0
ENSG00000291074,0
ENSG00000262943,0
ENSG00000291084,0
ENSG00000274487,0
ENSG00000291088,7
ENSG00000154874,0
ENSG00000291090,0
ENSG00000108448,0
ENSG00000291110,92
ENSG00000214176,0
ENSG00000291117,9
ENSG00000228782,0
ENSG00000291120,2
ENSG00000214174,0
ENSG00000291140,121
ENSG00000229028,0
ENSG00000291165,0
ENSG00000214425,0
ENSG00000291175,24
ENSG00000189423,0
ENSG00000291194,6
ENSG00000230528,0
ENSG00000291195,0
ENSG00000214822,0
ENSG00000291196,0
ENSG00000231645,0
ENSG00000291197,0
ENSG00000205215,0
ENSG00000291198,0
ENSG00000263142,0
ENSG00000291209,0
ENSG00000237854,0
ENSG00000291214,455
ENSG00000291018,0
ENSG00000262049,1
ENSG00000182446,3885
ENSG00000246640,0
ENSG00000267432,0
ENSG00000267770,0
ENSG00000243426,0
ENSG00000267123,0
ENSG00000289922,0
ENSG00000108669,826
ENSG00000197170,4586
ENSG00000154217,1931
ENSG00000290052,0
ENSG00000201547,0
ENSG00000244610,0
ENSG00000263690,0
ENSG00000207688,0
ENSG00000264754,0
ENSG00000267321,568
ENSG00000290925,0
ENSG00000067191,122
ENSG00000238083,263
ENSG00000087111,1624
ENSG00000290976,0
ENSG00000290977,0
ENSG00000290978,0
ENSG00000290979,0
ENSG00000291277,0
ENSG00000290980,0
ENSG00000290698,0
ENSG00000284574,0
ENSG00000141551,2958
ENSG00000287737,22
ENSG00000265458,58
ENSG00000262768,0
ENSG00000262772,4
ENSG00000141582,881
ENSG00000262343,0
ENSG00000262585,0
ENSG00000262188,2
ENSG00000167291,5842
ENSG00000275516,0
ENSG00000173821,1671
ENSG00000188825,0
ENSG00000279602,0
ENSG00000277084,0
ENSG00000288909,0
ENSG00000252882,0
ENSG00000175906,676
ENSG00000251763,0
ENSG00000267151,3
ENSG00000284344,0
ENSG00000252279,0
ENSG00000252729,0
ENSG00000237888,0
ENSG00000067596,2555
ENSG00000175832,958
ENSG00000278109,0
ENSG00000005102,0
ENSG00000185829,72
ENSG00000284690,0
ENSG00000120088,0
ENSG00000228696,25
ENSG00000073969,2097
ENSG00000171634,4318
ENSG00000108379,134
ENSG00000132589,3604
ENSG00000161921,14
ENSG00000176358,0
ENSG00000108813,0
ENSG00000136504,17217
ENSG00000200888,0
ENSG00000277249,0
ENSG00000276728,32
ENSG00000224505,12
ENSG00000267121,0
ENSG00000275832,323
ENSG00000169689,986
ENSG00000169683,252
ENSG00000169750,1044
ENSG00000169738,784
ENSG00000279372,2
ENSG00000264569,0
ENSG00000169727,2580
ENSG00000289252,0
ENSG00000290861,0
ENSG00000184502,0
ENSG00000173805,102
ENSG00000201920,0
ENSG00000239542,0
ENSG00000173801,894
ENSG00000141696,1404
ENSG00000141756,8788
ENSG00000141698,2723
ENSG00000141527,0
ENSG00000290024,0
ENSG00000108733,428
ENSG00000263520,0
ENSG00000168646,395
ENSG00000266076,0
ENSG00000154240,422
ENSG00000271587,0
ENSG00000270870,0
ENSG00000266707,0
ENSG00000091583,0
ENSG00000252653,0
ENSG00000284242,0
ENSG00000244044,0
ENSG00000264630,0
ENSG00000289587,0
ENSG00000108924,20
ENSG00000263096,0
ENSG00000262079,0
ENSG00000108960,2199
ENSG00000236319,0
ENSG00000262135,0
ENSG00000200107,0
ENSG00000289016,0
ENSG00000261873,0
ENSG00000262165,0
ENSG00000262227,0
ENSG00000035862,30677
ENSG00000178404,0
ENSG00000136449,0
ENSG00000290820,0
ENSG00000159961,0
ENSG00000264540,0
ENSG00000278223,0
ENSG00000289024,0
ENSG00000214447,0
ENSG00000132470,228
ENSG00000289764,0
ENSG00000221882,0
ENSG00000161960,17
ENSG00000279337,0
ENSG00000265443,0
ENSG00000263603,0
ENSG00000264538,0
ENSG00000280069,3
ENSG00000176390,500
ENSG00000265791,7
ENSG00000266490,1
ENSG00000276250,0
ENSG00000242439,0
ENSG00000176208,393
ENSG00000265334,0
ENSG00000212190,0
ENSG00000263531,6
ENSG00000172171,319
ENSG00000275185,0
ENSG00000291063,218
ENSG00000290858,0
ENSG00000196712,5540
ENSG00000266877,0
ENSG00000266448,0
ENSG00000202026,0
ENSG00000265863,0
ENSG00000263567,0
ENSG00000158270,2
ENSG00000264964,2
ENSG00000265514,0
ENSG00000266441,1
ENSG00000287065,0
ENSG00000265316,0
ENSG00000267425,0
ENSG00000265188,0
ENSG00000263505,0
ENSG00000265257,0
ENSG00000266767,0
ENSG00000279885,0
ENSG00000264575,32
ENSG00000264775,0
ENSG00000261627,0
ENSG00000266065,0
ENSG00000141401,252
ENSG00000266153,0
ENSG00000272461,0
ENSG00000266613,0
ENSG00000264876,0
ENSG00000264880,0
ENSG00000168461,5326
ENSG00000265939,18
ENSG00000132204,225
ENSG00000266495,0
ENSG00000266102,0
ENSG00000264000,0
ENSG00000279439,0
ENSG00000266127,0
ENSG00000265477,0
ENSG00000264924,0
ENSG00000266105,0
ENSG00000266251,0
ENSG00000265413,0
ENSG00000286465,0
ENSG00000273284,2
ENSG00000266955,0
ENSG00000273119,0
ENSG00000267039,0
ENSG00000260913,0
ENSG00000266450,0
ENSG00000176105,5317
ENSG00000274918,0
ENSG00000285575,0
ENSG00000239490,0
ENSG00000266850,0
ENSG00000274400,0
ENSG00000267651,2
ENSG00000166974,2232
ENSG00000266809,0
ENSG00000264587,0
ENSG00000287723,8
ENSG00000263627,3
ENSG00000215368,0
ENSG00000264434,0
ENSG00000266805,0
ENSG00000266602,0
ENSG00000266237,0
ENSG00000286627,0
ENSG00000279074,0
ENSG00000197705,2
ENSG00000278052,0
ENSG00000267337,0
ENSG00000266988,2
ENSG00000263862,0
ENSG00000264596,0
ENSG00000277534,393
ENSG00000265631,0
ENSG00000287834,0
ENSG00000265750,8
ENSG00000266891,0
ENSG00000266578,56
ENSG00000273348,0
ENSG00000265273,12
ENSG00000264365,6
ENSG00000260372,14
ENSG00000287803,0
ENSG00000178127,11
ENSG00000154889,292
ENSG00000265752,0
ENSG00000101489,183
ENSG00000280380,0
ENSG00000266283,0
ENSG00000287563,4
ENSG00000231824,0
ENSG00000132874,12
ENSG00000263551,0
ENSG00000279543,0
ENSG00000017797,2647
ENSG00000260389,6
ENSG00000263970,0
ENSG00000265091,0
ENSG00000141380,5688
ENSG00000277907,0
ENSG00000269365,0
ENSG00000265069,0
ENSG00000266965,0
ENSG00000267156,2
ENSG00000215457,0
ENSG00000264151,0
ENSG00000278983,0
ENSG00000264745,8
ENSG00000267652,0
ENSG00000279479,0
ENSG00000264080,0
ENSG00000266149,2
ENSG00000267627,2
ENSG00000101745,701
ENSG00000265994,0
ENSG00000264012,0
ENSG00000276486,0
ENSG00000286890,0
ENSG00000283084,0
ENSG00000152242,2294
ENSG00000285550,8
ENSG00000266573,2
ENSG00000267564,0
ENSG00000286583,0
ENSG00000275805,0
ENSG00000279332,0
ENSG00000154839,818
ENSG00000274849,0
ENSG00000264911,0
ENSG00000267713,0
ENSG00000285595,0
ENSG00000263396,16
ENSG00000239689,0
ENSG00000267311,0
ENSG00000265402,0
ENSG00000267541,12
ENSG00000280096,0
ENSG00000263829,2
ENSG00000243925,0
ENSG00000273321,0
ENSG00000267284,1
ENSG00000267647,0
ENSG00000265943,0
ENSG00000266818,0
ENSG00000263846,6
ENSG00000264825,0
ENSG00000285695,0
ENSG00000286293,0
ENSG00000286605,0
ENSG00000141425,11520
ENSG00000152214,0
ENSG00000212710,0
ENSG00000264350,50
ENSG00000263924,0
ENSG00000287673,0
ENSG00000265204,0
ENSG00000266984,0
ENSG00000239683,0
ENSG00000267187,0
ENSG00000273141,8
ENSG00000134489,0
ENSG00000101773,3248
ENSG00000287994,0
ENSG00000264790,0
ENSG00000265944,0
ENSG00000279366,0
ENSG00000264707,0
ENSG00000260930,0
ENSG00000168234,489
ENSG00000267097,0
ENSG00000285790,0
ENSG00000225253,0
ENSG00000287944,0
ENSG00000286283,0
ENSG00000187323,6785
ENSG00000141639,296
ENSG00000267695,0
ENSG00000273762,0
ENSG00000265712,0
ENSG00000266541,0
ENSG00000286499,0
ENSG00000270855,0
ENSG00000141622,1744
ENSG00000279629,0
ENSG00000267112,0
ENSG00000267524,0
ENSG00000283613,0
ENSG00000134042,20
ENSG00000263797,0
ENSG00000067900,2210
ENSG00000286777,0
ENSG00000280197,0
ENSG00000267327,32
ENSG00000265015,0
ENSG00000177511,4997
ENSG00000176641,714
ENSG00000166510,0
ENSG00000266335,0
ENSG00000267146,0
ENSG00000239780,0
ENSG00000175387,6428
ENSG00000041353,56
ENSG00000279707,0
ENSG00000267038,0
ENSG00000273335,32
ENSG00000091164,6638
ENSG00000266915,0
ENSG00000276174,2
ENSG00000134030,1008
ENSG00000267134,0
ENSG00000242945,0
ENSG00000264564,0
ENSG00000263688,0
ENSG00000263438,0
ENSG00000278891,0
ENSG00000266296,0
ENSG00000267789,0
ENSG00000082212,6613
ENSG00000141441,1903
ENSG00000267513,0
ENSG00000271238,0
ENSG00000267732,0
ENSG00000175886,34
ENSG00000265533,0
ENSG00000264695,0
ENSG00000266549,0
ENSG00000267761,0
ENSG00000267597,0
ENSG00000267401,0
ENSG00000184828,42
ENSG00000260433,0
ENSG00000267316,0
ENSG00000228075,0
ENSG00000101782,2922
ENSG00000141665,8
ENSG00000280098,0
ENSG00000274930,0
ENSG00000267233,0
ENSG00000141458,1816
ENSG00000267225,0
ENSG00000141437,8
ENSG00000267462,0
ENSG00000276092,0
ENSG00000267175,0
ENSG00000172466,17857
ENSG00000267764,0
ENSG00000166562,3589
ENSG00000285681,0
ENSG00000265094,0
ENSG00000267400,0
ENSG00000267079,0
ENSG00000275448,0
ENSG00000081138,147
ENSG00000134779,8158
ENSG00000166603,0
ENSG00000279989,0
ENSG00000267762,0
ENSG00000279250,0
ENSG00000278986,0
ENSG00000265555,0
ENSG00000263745,0
ENSG00000166479,7536
ENSG00000287381,0
ENSG00000267687,0
ENSG00000286649,0
ENSG00000264054,0
ENSG00000267686,0
ENSG00000141452,769
ENSG00000258609,0
ENSG00000279221,0
ENSG00000267153,0
ENSG00000274275,0
ENSG00000267088,8
ENSG00000266201,0
ENSG00000265484,0
ENSG00000265425,0
ENSG00000264514,0
ENSG00000265472,0
ENSG00000287314,0
ENSG00000264699,0
ENSG00000264040,0
ENSG00000264254,0
ENSG00000188985,4
ENSG00000264736,0
ENSG00000265374,0
ENSG00000265240,0
ENSG00000274184,0
ENSG00000265097,0
ENSG00000286559,0
ENSG00000101542,367
ENSG00000266268,0
ENSG00000266014,0
ENSG00000264845,0
ENSG00000278933,0
ENSG00000229248,0
ENSG00000266460,0
ENSG00000264697,0
ENSG00000280406,0
ENSG00000267397,34
ENSG00000265844,0
ENSG00000243256,0
ENSG00000265380,0
ENSG00000266258,36
ENSG00000285095,4
ENSG00000267655,23
ENSG00000175354,780
ENSG00000267742,6
ENSG00000242060,10
ENSG00000268573,38
ENSG00000186496,88
ENSG00000244329,0
ENSG00000263637,0
ENSG00000081913,3652
ENSG00000071991,6
ENSG00000266256,2
ENSG00000265836,0
ENSG00000266743,0
ENSG00000267726,0
ENSG00000215492,242
ENSG00000275512,0
ENSG00000273232,4
ENSG00000279367,0
ENSG00000266003,0
ENSG00000264340,0
ENSG00000266520,0
ENSG00000214255,0
ENSG00000267354,0
ENSG00000286800,0
ENSG00000206026,0
ENSG00000267313,0
ENSG00000287993,0
ENSG00000265378,0
ENSG00000265552,0
ENSG00000141428,855
ENSG00000264104,0
ENSG00000264634,0
ENSG00000264334,0
ENSG00000265217,0
ENSG00000134504,723
ENSG00000141424,16731
ENSG00000267797,0
ENSG00000264189,0
ENSG00000267301,0
ENSG00000198081,799
ENSG00000276397,0
ENSG00000266227,0
ENSG00000166573,0
ENSG00000273368,0
ENSG00000266489,0
ENSG00000287907,0
ENSG00000267413,8
ENSG00000263720,0
ENSG00000267746,0
ENSG00000263655,0
ENSG00000264693,0
ENSG00000265643,0
ENSG00000198795,8399
ENSG00000266196,0
ENSG00000266288,0
ENSG00000266840,0
ENSG00000265936,0
ENSG00000286727,0
ENSG00000267661,0
ENSG00000267051,0
ENSG00000264127,0
ENSG00000265717,0
ENSG00000263405,0
ENSG00000263355,0
ENSG00000263588,0
ENSG00000267066,0
ENSG00000154059,48
ENSG00000264705,0
ENSG00000285594,0
ENSG00000287007,0
ENSG00000264444,0
ENSG00000141668,6
ENSG00000267716,0
ENSG00000267707,0
ENSG00000264475,0
ENSG00000264247,602
ENSG00000263622,0
ENSG00000267620,6
ENSG00000267057,0
ENSG00000279474,0
ENSG00000265626,0
ENSG00000275763,0
ENSG00000266614,0
ENSG00000263982,0
ENSG00000261307,0
ENSG00000267573,0
ENSG00000275827,0
ENSG00000276282,0
ENSG00000278971,63
ENSG00000266774,0
ENSG00000266273,0
ENSG00000266312,0
ENSG00000287281,0
ENSG00000264260,0
ENSG00000278902,0
ENSG00000264015,2
ENSG00000266213,0
ENSG00000261194,0
ENSG00000263733,0
ENSG00000286603,0
ENSG00000261780,0
ENSG00000267712,0
ENSG00000264108,0
ENSG00000271702,0
ENSG00000197971,86
ENSG00000265417,27
ENSG00000260747,14
ENSG00000101493,1637
ENSG00000265639,0
ENSG00000264315,0
ENSG00000154080,269
ENSG00000265101,0
ENSG00000264644,0
ENSG00000264212,0
ENSG00000264116,0
ENSG00000267202,0
ENSG00000186812,749
ENSG00000265758,0
ENSG00000263611,0
ENSG00000264472,0
ENSG00000265933,0
ENSG00000266181,0
ENSG00000134490,347
ENSG00000279734,0
ENSG00000266586,0
ENSG00000265843,0
ENSG00000287295,0
ENSG00000286126,0
ENSG00000264595,0
ENSG00000264685,0
ENSG00000134759,5282
ENSG00000150637,28
ENSG00000273669,0
ENSG00000101695,0
ENSG00000287693,0
ENSG00000264388,0
ENSG00000279678,0
ENSG00000265946,0
ENSG00000265934,0
ENSG00000265644,0
ENSG00000197563,2632
ENSG00000263594,0
ENSG00000263547,0
ENSG00000287758,0
ENSG00000275178,0
ENSG00000075643,57
ENSG00000265352,0
ENSG00000263711,8
ENSG00000263917,0
ENSG00000260457,0
ENSG00000166342,7
ENSG00000265995,0
ENSG00000286245,0
ENSG00000271313,0
ENSG00000267586,2
ENSG00000133313,7176
ENSG00000265579,0
ENSG00000279416,0
ENSG00000267628,0
ENSG00000276934,0
ENSG00000263863,0
ENSG00000266278,0
ENSG00000267583,0
ENSG00000279034,0
ENSG00000264193,0
ENSG00000286844,0
ENSG00000267404,0
ENSG00000267098,0
ENSG00000266479,0
ENSG00000280205,0
ENSG00000265698,0
ENSG00000261715,0
ENSG00000243516,0
ENSG00000267140,0
ENSG00000285748,0
ENSG00000264131,0
ENSG00000286716,0
ENSG00000265781,0
ENSG00000279433,0
ENSG00000286328,0
ENSG00000150656,4
ENSG00000267456,0
ENSG00000268566,0
ENSG00000273584,0
ENSG00000267399,0
ENSG00000286976,0
ENSG00000264869,0
ENSG00000267664,0
ENSG00000265980,0
ENSG00000278532,2
ENSG00000278330,0
ENSG00000264236,0
ENSG00000287689,0
ENSG00000186814,638
ENSG00000264232,0
ENSG00000278911,0
ENSG00000128791,6798
ENSG00000259779,0
ENSG00000206052,1193
ENSG00000150477,258
ENSG00000287509,0
ENSG00000286090,0
ENSG00000285915,0
ENSG00000279077,0
ENSG00000154065,22
ENSG00000266952,0
ENSG00000264345,92
ENSG00000287248,1
ENSG00000276993,0
ENSG00000260676,2
ENSG00000256704,0
ENSG00000206129,0
ENSG00000267752,0
ENSG00000263716,0
ENSG00000267015,0
ENSG00000267497,0
ENSG00000199197,0
ENSG00000199272,0
ENSG00000243591,0
ENSG00000242985,0
ENSG00000283532,0
ENSG00000199856,0
ENSG00000251897,0
ENSG00000251994,0
ENSG00000212626,0
ENSG00000212572,0
ENSG00000200883,0
ENSG00000207092,0
ENSG00000221363,0
ENSG00000206827,0
ENSG00000242182,0
ENSG00000223023,0
ENSG00000284331,0
ENSG00000199357,0
ENSG00000201852,0
ENSG00000222087,0
ENSG00000242216,0
ENSG00000207160,0
ENSG00000283218,0
ENSG00000199636,0
ENSG00000199366,0
ENSG00000276221,0
ENSG00000251719,0
ENSG00000206863,0
ENSG00000199874,0
ENSG00000273524,0
ENSG00000206766,0
ENSG00000212051,0
ENSG00000222320,0
ENSG00000199204,0
ENSG00000283514,0
ENSG00000265641,0
ENSG00000266530,0
ENSG00000283615,0
ENSG00000283645,0
ENSG00000266148,0
ENSG00000212354,0
ENSG00000222704,0
ENSG00000253040,0
ENSG00000202060,0
ENSG00000207797,0
ENSG00000266276,0
ENSG00000266582,0
ENSG00000253038,0
ENSG00000206944,0
ENSG00000251997,0
ENSG00000263872,0
ENSG00000202240,0
ENSG00000206865,0
ENSG00000212539,0
ENSG00000201816,0
ENSG00000206769,0
ENSG00000239398,0
ENSG00000200872,0
ENSG00000202468,0
ENSG00000252555,0
ENSG00000263354,0
ENSG00000206746,0
ENSG00000238680,0
ENSG00000243549,0
ENSG00000239748,0
ENSG00000252598,0
ENSG00000263750,0
ENSG00000283452,0
ENSG00000241866,0
ENSG00000207072,0
ENSG00000199392,0
ENSG00000199728,0
ENSG00000201723,0
ENSG00000252260,0
ENSG00000259256,0
ENSG00000240364,0
ENSG00000265243,0
ENSG00000243720,0
ENSG00000263460,0
ENSG00000274776,24
ENSG00000078043,2827
ENSG00000267587,0
ENSG00000279354,0
ENSG00000280212,0
ENSG00000266957,0
ENSG00000267724,6
ENSG00000267800,0
ENSG00000167220,13
ENSG00000267228,0
ENSG00000134049,2260
ENSG00000201825,0
ENSG00000215474,0
ENSG00000177426,3948
ENSG00000141384,214
ENSG00000141682,1816
ENSG00000175065,0
ENSG00000207240,0
ENSG00000134757,0
ENSG00000266521,0
ENSG00000264859,0
ENSG00000259985,43
ENSG00000200472,0
ENSG00000263772,0
ENSG00000118271,2
ENSG00000286426,0
ENSG00000170558,46395
ENSG00000274578,21
ENSG00000266905,0
ENSG00000280335,0
ENSG00000264269,0
ENSG00000263849,0
ENSG00000265128,0
ENSG00000266696,0
ENSG00000263895,0
ENSG00000287518,0
ENSG00000264971,0
ENSG00000215472,0
ENSG00000263916,0
ENSG00000265496,0
ENSG00000284239,0
ENSG00000202093,0
ENSG00000206602,0
ENSG00000271982,0
ENSG00000265182,0
ENSG00000264464,0
ENSG00000101670,16475
ENSG00000141627,2751
ENSG00000267717,0
ENSG00000207154,0
ENSG00000176624,4590
ENSG00000267013,2
ENSG00000252437,0
ENSG00000196628,9103
ENSG00000267028,0
ENSG00000264571,0
ENSG00000267402,0
ENSG00000242320,0
ENSG00000267325,2
ENSG00000267172,0
ENSG00000263677,0
ENSG00000265369,0
ENSG00000275900,0
ENSG00000263382,0
ENSG00000266184,0
ENSG00000171885,295
ENSG00000267743,0
ENSG00000267504,0
ENSG00000277837,2
ENSG00000119547,1129
ENSG00000278703,14
ENSG00000134440,9742
ENSG00000267787,32
ENSG00000081923,12
ENSG00000202159,0
ENSG00000231544,0
ENSG00000267209,0
ENSG00000235028,0
ENSG00000267675,0
ENSG00000284440,0
ENSG00000207778,0
ENSG00000276403,0
ENSG00000198796,133
ENSG00000274354,0
ENSG00000267257,0
ENSG00000267579,0
ENSG00000252284,0
ENSG00000239659,0
ENSG00000275418,0
ENSG00000267226,25
ENSG00000267476,0
ENSG00000266946,0
ENSG00000267705,0
ENSG00000267501,0
ENSG00000201598,0
ENSG00000267593,0
ENSG00000199713,0
ENSG00000251870,8
ENSG00000224367,12
ENSG00000267215,10
ENSG00000153391,580
ENSG00000173482,773
ENSG00000154655,0
ENSG00000141448,29
ENSG00000101638,4
ENSG00000088756,1510
ENSG00000134444,2230
ENSG00000074657,4879
ENSG00000177576,174
ENSG00000154856,20
ENSG00000134265,2147
ENSG00000265728,0
ENSG00000266604,0
ENSG00000264503,0
ENSG00000264311,0
ENSG00000264072,0
ENSG00000266470,0
ENSG00000265038,0
ENSG00000260779,0
ENSG00000264843,0
ENSG00000264714,0
ENSG00000274838,0
ENSG00000263952,0
ENSG00000263682,0
ENSG00000287646,10
ENSG00000170677,5527
ENSG00000244527,0
ENSG00000251886,0
ENSG00000263748,0
ENSG00000265984,0
ENSG00000265948,0
ENSG00000265751,0
ENSG00000221139,0
ENSG00000141446,365
ENSG00000167088,6094
ENSG00000158201,632
ENSG00000264188,0
ENSG00000265656,0
ENSG00000221493,0
ENSG00000252677,0
ENSG00000267766,0
ENSG00000283125,0
ENSG00000119537,3802
ENSG00000119541,2900
ENSG00000267430,0
ENSG00000206075,0
ENSG00000269989,0
ENSG00000214318,0
ENSG00000171791,896
ENSG00000212712,0
ENSG00000267533,0
ENSG00000256616,52
ENSG00000267722,0
ENSG00000267478,0
ENSG00000181626,0
ENSG00000200827,0
ENSG00000267162,0
ENSG00000267116,0
ENSG00000279285,0
ENSG00000267643,0
ENSG00000267733,0
ENSG00000267076,0
ENSG00000267247,0
ENSG00000267663,0
ENSG00000176194,0
ENSG00000280302,0
ENSG00000199702,0
ENSG00000176014,2049
ENSG00000277899,0
ENSG00000267414,110
ENSG00000280365,0
ENSG00000265957,0
ENSG00000279319,0
ENSG00000267101,0
ENSG00000267286,0
ENSG00000267239,0
ENSG00000267177,0
ENSG00000279020,0
ENSG00000286926,0
ENSG00000279275,0
ENSG00000267393,0
ENSG00000267690,6
ENSG00000266146,0
ENSG00000267694,0
ENSG00000267529,0
ENSG00000267366,2
ENSG00000267136,6
ENSG00000267503,0
ENSG00000263527,0
ENSG00000266954,0
ENSG00000177150,2028
ENSG00000279962,0
ENSG00000242707,0
ENSG00000101654,5162
ENSG00000266049,0
ENSG00000207034,0
ENSG00000132205,2
ENSG00000272625,0
ENSG00000263606,0
ENSG00000265907,0
ENSG00000266397,0
ENSG00000264186,0
ENSG00000277447,0
ENSG00000252258,0
ENSG00000252353,0
ENSG00000265399,0
ENSG00000101608,2671
ENSG00000264235,12
ENSG00000118680,8985
ENSG00000265670,0
ENSG00000251702,0
ENSG00000134762,32
ENSG00000134765,2
ENSG00000263698,0
ENSG00000134760,0
ENSG00000207019,0
ENSG00000154611,0
ENSG00000154845,6072
ENSG00000131196,707
ENSG00000153339,2180
ENSG00000150636,437
ENSG00000154040,3
ENSG00000053747,24
ENSG00000141404,45
ENSG00000214917,0
ENSG00000265008,0
ENSG00000134758,4442
ENSG00000263393,14
ENSG00000199373,0
ENSG00000141434,0
ENSG00000265279,0
ENSG00000263904,0
ENSG00000222395,0
ENSG00000264982,0
ENSG00000279829,0
ENSG00000285993,0
ENSG00000167210,0
ENSG00000240983,0
ENSG00000176225,1422
ENSG00000197641,0
ENSG00000206073,0
ENSG00000206072,0
ENSG00000057149,0
ENSG00000267642,0
ENSG00000267428,0
ENSG00000288484,0
ENSG00000178690,0
ENSG00000267585,0
ENSG00000268873,22
ENSG00000278464,0
ENSG00000101746,431
ENSG00000082397,3408
ENSG00000187773,684
ENSG00000075336,1476
ENSG00000260569,0
ENSG00000243856,0
ENSG00000286529,12
ENSG00000206043,0
ENSG00000235297,6
ENSG00000166347,1406
ENSG00000134769,4474
ENSG00000166634,0
ENSG00000260578,12
ENSG00000171451,485
ENSG00000263424,0
ENSG00000267480,1
ENSG00000266995,0
ENSG00000267292,0
ENSG00000251937,0
ENSG00000141391,47
ENSG00000267108,0
ENSG00000267199,2
ENSG00000267515,0
ENSG00000267287,0
ENSG00000267409,0
ENSG00000178412,0
ENSG00000266901,0
ENSG00000266924,0
ENSG00000278075,0
ENSG00000122490,840
ENSG00000287879,0
ENSG00000134755,254
ENSG00000229442,0
ENSG00000225212,0
ENSG00000206418,1760
ENSG00000266708,1
ENSG00000066926,2119
ENSG00000266729,0
ENSG00000046604,1057
ENSG00000134508,796
ENSG00000118276,1290
ENSG00000206181,0
ENSG00000265681,216
ENSG00000101665,336
ENSG00000141429,13641
ENSG00000215421,472
ENSG00000267780,0
ENSG00000226742,97
ENSG00000141759,3410
ENSG00000267127,0
ENSG00000101546,224
ENSG00000261126,3
ENSG00000266909,0
ENSG00000101544,3563
ENSG00000178184,774
ENSG00000278000,1
ENSG00000267251,29
ENSG00000178342,4
ENSG00000262352,0
ENSG00000263305,0
ENSG00000262181,0
ENSG00000262081,0
ENSG00000274446,0
ENSG00000277521,0
ENSG00000101557,9225
ENSG00000266575,0
ENSG00000264179,0
ENSG00000265671,0
ENSG00000141433,0
ENSG00000259837,0
ENSG00000200752,0
ENSG00000141642,524
ENSG00000267699,0
ENSG00000141646,5991
ENSG00000286975,3
ENSG00000101574,1095
ENSG00000238575,0
ENSG00000266783,14
ENSG00000264150,0
ENSG00000080986,1823
ENSG00000235422,0
ENSG00000202224,0
ENSG00000200875,0
ENSG00000266405,26
ENSG00000101596,7064
ENSG00000166377,1061
ENSG00000078142,3572
ENSG00000079134,1062
ENSG00000141447,2332
ENSG00000101605,18
ENSG00000256463,3171
ENSG00000091157,1233
ENSG00000101680,3088
ENSG00000264265,0
ENSG00000177143,0
ENSG00000222174,0
ENSG00000288533,0
ENSG00000266456,2
ENSG00000263727,0
ENSG00000176890,1440
ENSG00000132199,589
ENSG00000265490,0
ENSG00000266171,0
ENSG00000264339,0
ENSG00000264635,0
ENSG00000206687,0
ENSG00000206422,0
ENSG00000134775,740
ENSG00000141385,1908
ENSG00000279637,0
ENSG00000286186,0
ENSG00000275186,0
ENSG00000279981,6
ENSG00000279397,0
ENSG00000286296,0
ENSG00000060069,541
ENSG00000152217,2509
ENSG00000049759,1963
ENSG00000266605,0
ENSG00000265766,0
ENSG00000266242,0
ENSG00000183206,0
ENSG00000200132,0
ENSG00000265340,0
ENSG00000266693,0
ENSG00000264570,0
ENSG00000273732,0
ENSG00000276318,0
ENSG00000200645,0
ENSG00000265737,0
ENSG00000265499,0
ENSG00000265786,0
ENSG00000264061,0
ENSG00000263618,0
ENSG00000266554,0
ENSG00000264301,0
ENSG00000263821,0
ENSG00000279042,0
ENSG00000266522,0
ENSG00000278923,0
ENSG00000263635,0
ENSG00000286815,0
ENSG00000180777,0
ENSG00000242651,0
ENSG00000285653,0
ENSG00000252680,0
ENSG00000265564,0
ENSG00000168454,23
ENSG00000272799,0
ENSG00000101558,10770
ENSG00000223138,0
ENSG00000154864,259
ENSG00000228835,0
ENSG00000243355,0
ENSG00000263765,0
ENSG00000263450,0
ENSG00000166960,1
ENSG00000167216,81
ENSG00000176136,22
ENSG00000264296,0
ENSG00000134046,1380
ENSG00000207233,0
ENSG00000277324,0
ENSG00000101751,1281
ENSG00000166845,1720
ENSG00000174448,10
ENSG00000134278,3258
ENSG00000289624,0
ENSG00000227279,36
ENSG00000265554,0
ENSG00000289064,0
ENSG00000288939,0
ENSG00000289550,0
ENSG00000286642,0
ENSG00000288828,45
ENSG00000267279,8
ENSG00000289168,0
ENSG00000265778,32
ENSG00000288917,54
ENSG00000266053,13
ENSG00000288800,0
ENSG00000200750,0
ENSG00000242971,0
ENSG00000199977,0
ENSG00000283927,0
ENSG00000284453,0
ENSG00000243303,0
ENSG00000264149,0
ENSG00000252325,0
ENSG00000264289,0
ENSG00000222520,0
ENSG00000101752,17467
ENSG00000288839,8
ENSG00000263935,0
ENSG00000265962,67
ENSG00000168502,1501
ENSG00000252319,0
ENSG00000272788,2
ENSG00000287719,0
ENSG00000286765,0
ENSG00000242058,0
ENSG00000263847,6
ENSG00000264449,8
ENSG00000266846,0
ENSG00000265487,0
ENSG00000200637,0
ENSG00000272380,0
ENSG00000206432,895
ENSG00000134443,0
ENSG00000134438,30
ENSG00000166569,0
ENSG00000074695,11320
ENSG00000267677,2
ENSG00000267000,0
ENSG00000267061,0
ENSG00000267269,0
ENSG00000267774,0
ENSG00000273664,0
ENSG00000224161,0
ENSG00000267486,0
ENSG00000267669,0
ENSG00000183287,70
ENSG00000287943,0
ENSG00000267193,0
ENSG00000266968,10
ENSG00000288545,0
ENSG00000141469,0
ENSG00000267558,0
ENSG00000197046,2
ENSG00000152229,380
ENSG00000222179,0
ENSG00000267293,2
ENSG00000252034,0
ENSG00000152234,32849
ENSG00000152240,2880
ENSG00000251939,0
ENSG00000152223,1366
ENSG00000141449,174
ENSG00000141431,342
ENSG00000289061,0
ENSG00000101577,2477
ENSG00000267396,0
ENSG00000172175,2591
ENSG00000288616,0
ENSG00000275553,0
ENSG00000288607,0
ENSG00000288631,0
ENSG00000166396,0
ENSG00000197632,0
ENSG00000221887,6
ENSG00000283667,3
ENSG00000166401,662
ENSG00000237314,0
ENSG00000179676,0
ENSG00000267444,0
ENSG00000267674,0
ENSG00000167315,1829
ENSG00000266997,0
ENSG00000251992,0
ENSG00000252139,0
ENSG00000201668,0
ENSG00000200527,0
ENSG00000267196,0
ENSG00000267511,0
ENSG00000267591,0
ENSG00000283343,0
ENSG00000240663,0
ENSG00000172361,74
ENSG00000277310,0
ENSG00000154832,1047
ENSG00000167306,22
ENSG00000101624,709
ENSG00000267249,47
ENSG00000266961,0
ENSG00000260302,0
ENSG00000201466,0
ENSG00000128789,1464
ENSG00000267570,0
ENSG00000267336,0
ENSG00000085415,4422
ENSG00000266969,21
ENSG00000101639,1538
ENSG00000267656,0
ENSG00000267032,0
ENSG00000168675,3697
ENSG00000185231,0
ENSG00000243779,0
ENSG00000279352,0
ENSG00000270469,0
ENSG00000175322,955
ENSG00000267756,0
ENSG00000267150,0
ENSG00000267356,0
ENSG00000267704,0
ENSG00000267324,0
ENSG00000079101,0
ENSG00000289724,0
ENSG00000242550,0
ENSG00000266900,0
ENSG00000267560,0
ENSG00000141655,6
ENSG00000199867,0
ENSG00000267341,0
ENSG00000241088,0
ENSG00000267487,0
ENSG00000266920,0
ENSG00000141664,421
ENSG00000279236,2
ENSG00000235552,248
ENSG00000278607,0
ENSG00000227115,92
ENSG00000267322,0
ENSG00000287611,0
ENSG00000283503,0
ENSG00000267374,0
ENSG00000289833,0
ENSG00000267040,48
ENSG00000263823,2
ENSG00000289619,0
ENSG00000265174,0
ENSG00000265158,0
ENSG00000273355,28
ENSG00000261738,0
ENSG00000260552,0
ENSG00000267069,0
ENSG00000263753,1357
ENSG00000267270,216
ENSG00000265179,0
ENSG00000283458,0
ENSG00000260440,0
ENSG00000257267,2473
ENSG00000265485,4
ENSG00000272688,1
ENSG00000267391,0
ENSG00000289131,0
ENSG00000266304,2
ENSG00000274828,186
ENSG00000289868,2
ENSG00000265142,0
ENSG00000289876,0
ENSG00000287209,0
ENSG00000267390,60
ENSG00000265888,0
ENSG00000278017,14
ENSG00000176912,49
ENSG00000270112,8
ENSG00000289891,0
ENSG00000266010,0
ENSG00000263146,506
ENSG00000263417,0
ENSG00000263958,0
ENSG00000285940,0
ENSG00000289867,0
ENSG00000267252,0
ENSG00000267371,0
ENSG00000236396,0
ENSG00000267794,0
ENSG00000267143,0
ENSG00000267773,0
ENSG00000283492,0
ENSG00000260759,0
ENSG00000267333,0
ENSG00000286812,0
ENSG00000267455,0
ENSG00000255112,3752
ENSG00000267165,0
ENSG00000272703,0
ENSG00000179981,354
ENSG00000215512,0
ENSG00000290522,0
ENSG00000267382,0
ENSG00000290562,0
ENSG00000263006,0
ENSG00000257513,0
ENSG00000291183,0
ENSG00000141644,1312
ENSG00000264278,19
ENSG00000252097,0
ENSG00000278107,6
ENSG00000130856,547
ENSG00000244229,0
ENSG00000275355,0
ENSG00000265261,0
ENSG00000266844,0
ENSG00000279811,0
ENSG00000287680,0
ENSG00000175319,0
ENSG00000290461,0
ENSG00000186481,0
ENSG00000212329,0
ENSG00000266145,0
ENSG00000283294,0
ENSG00000274214,0
ENSG00000290462,0
ENSG00000265787,0
ENSG00000277743,0
ENSG00000265437,0
ENSG00000187589,4
ENSG00000265296,0
ENSG00000286593,0
ENSG00000173213,0
ENSG00000290877,44
ENSG00000263884,6
ENSG00000132872,0
ENSG00000180011,1273
ENSG00000266835,18
ENSG00000241223,0
ENSG00000266373,0
ENSG00000177337,186
ENSG00000262001,342
ENSG00000266401,0
ENSG00000266513,11
ENSG00000263724,0
ENSG00000275518,0
ENSG00000207278,0
ENSG00000263878,8
ENSG00000250933,0
ENSG00000261520,0
ENSG00000264246,0
ENSG00000265545,2
ENSG00000170579,1976
ENSG00000229876,0
ENSG00000260861,0
ENSG00000225479,0
ENSG00000171873,0
ENSG00000101282,0
ENSG00000125903,0
ENSG00000101280,0
ENSG00000282478,0
ENSG00000232528,6
ENSG00000089012,0
ENSG00000286108,0
ENSG00000276649,0
ENSG00000232241,0
ENSG00000228809,0
ENSG00000171984,320
ENSG00000224711,0
ENSG00000125827,8081
ENSG00000149346,585
ENSG00000233324,0
ENSG00000178591,0
ENSG00000215586,0
ENSG00000125820,0
ENSG00000270777,0
ENSG00000125845,1293
ENSG00000233625,0
ENSG00000101327,0
ENSG00000228888,0
ENSG00000287754,0
ENSG00000125898,102
ENSG00000173404,5160
ENSG00000237914,0
ENSG00000271397,0
ENSG00000185982,0
ENSG00000228482,0
ENSG00000236387,0
ENSG00000236526,2
ENSG00000235036,2
ENSG00000228293,0
ENSG00000230990,10
ENSG00000234573,0
ENSG00000287213,0
ENSG00000286571,10
ENSG00000270838,0
ENSG00000149443,0
ENSG00000125788,0
ENSG00000226644,0
ENSG00000132640,3592
ENSG00000125816,0
ENSG00000227663,0
ENSG00000213384,0
ENSG00000089063,4958
ENSG00000125851,275
ENSG00000276768,0
ENSG00000225280,0
ENSG00000088876,231
ENSG00000277315,0
ENSG00000235698,0
ENSG00000258197,0
ENSG00000125815,0
ENSG00000101230,0
ENSG00000170367,0
ENSG00000234282,0
ENSG00000232271,0
ENSG00000230908,0
ENSG00000235208,0
ENSG00000271426,0
ENSG00000277087,0
ENSG00000237256,0
ENSG00000224961,0
ENSG00000274863,0
ENSG00000284776,0
ENSG00000101463,116
ENSG00000234435,0
ENSG00000235544,4
ENSG00000101323,0
ENSG00000287561,0
ENSG00000261249,0
ENSG00000278816,0
ENSG00000287241,0
ENSG00000088930,8957
ENSG00000286022,0
ENSG00000223750,0
ENSG00000204684,0
ENSG00000233492,0
ENSG00000125870,4506
ENSG00000230440,0
ENSG00000233048,0
ENSG00000286087,0
ENSG00000236168,0
ENSG00000236811,0
ENSG00000282949,0
ENSG00000278041,0
ENSG00000077984,0
ENSG00000230725,0
ENSG00000287569,6
ENSG00000101474,3718
ENSG00000125864,127
ENSG00000282995,21
ENSG00000233896,0
ENSG00000282921,0
ENSG00000149435,0
ENSG00000167390,0
ENSG00000170369,0
ENSG00000270001,0
ENSG00000228539,0
ENSG00000226344,0
ENSG00000286472,0
ENSG00000273838,0
ENSG00000125868,17589
ENSG00000204555,0
ENSG00000287288,0
ENSG00000125834,1408
ENSG00000282911,0
ENSG00000205611,0
ENSG00000236550,0
ENSG00000215397,32
ENSG00000226263,0
ENSG00000260202,0
ENSG00000198646,2102
ENSG00000277901,6
ENSG00000238129,0
ENSG00000228593,0
ENSG00000286270,0
ENSG00000088782,0
ENSG00000234265,2
ENSG00000172296,62
ENSG00000225069,0
ENSG00000283069,0
ENSG00000234878,0
ENSG00000227693,0
ENSG00000287211,0
ENSG00000125804,0
ENSG00000236985,0
ENSG00000226405,0
ENSG00000131069,1914
ENSG00000231015,0
ENSG00000217809,0
ENSG00000282894,0
ENSG00000215547,0
ENSG00000270299,4
ENSG00000227195,0
ENSG00000078804,4014
ENSG00000232595,0
ENSG00000204662,0
ENSG00000225056,0
ENSG00000232333,0
ENSG00000101384,17524
ENSG00000230495,0
ENSG00000089057,1698
ENSG00000204556,24
ENSG00000101435,0
ENSG00000232900,0
ENSG00000277508,0
ENSG00000287889,0
ENSG00000285100,0
ENSG00000229042,0
ENSG00000283020,0
ENSG00000277581,2
ENSG00000274825,6
ENSG00000229892,0
ENSG00000225956,0
ENSG00000277550,0
ENSG00000234862,0
ENSG00000230324,0
ENSG00000089123,216
ENSG00000206249,0
ENSG00000223410,0
ENSG00000132792,1470
ENSG00000276638,0
ENSG00000180205,0
ENSG00000231081,0
ENSG00000149639,4057
ENSG00000233277,0
ENSG00000274173,0
ENSG00000286483,0
ENSG00000286803,0
ENSG00000223651,0
ENSG00000228503,0
ENSG00000285144,0
ENSG00000273828,4
ENSG00000220540,0
ENSG00000180305,0
ENSG00000276223,0
ENSG00000277708,0
ENSG00000179935,98
ENSG00000101445,0
ENSG00000234967,0
ENSG00000149633,4
ENSG00000281460,0
ENSG00000236874,0
ENSG00000286063,0
ENSG00000287983,0
ENSG00000223864,0
ENSG00000231119,0
ENSG00000281365,0
ENSG00000261431,2
ENSG00000227599,2
ENSG00000101452,494
ENSG00000124191,36
ENSG00000235408,14
ENSG00000244558,25
ENSG00000229976,0
ENSG00000226769,0
ENSG00000064655,42
ENSG00000125899,0
ENSG00000273451,0
ENSG00000269931,0
ENSG00000235292,0
ENSG00000233415,0
ENSG00000180083,0
ENSG00000286117,0
ENSG00000062598,1239
ENSG00000225321,0
ENSG00000286083,0
ENSG00000198959,8
ENSG00000283005,0
ENSG00000274261,0
ENSG00000042062,0
ENSG00000234075,0
ENSG00000224357,0
ENSG00000158480,334
ENSG00000101447,1397
ENSG00000277425,0
ENSG00000197496,584
ENSG00000225458,0
ENSG00000235508,32
ENSG00000276923,0
ENSG00000158445,46
ENSG00000232200,0
ENSG00000278153,0
ENSG00000124249,3
ENSG00000237788,0
ENSG00000149654,6
ENSG00000124226,3728
ENSG00000225170,2
ENSG00000229222,0
ENSG00000224530,0
ENSG00000224565,0
ENSG00000236028,0
ENSG00000243810,0
ENSG00000286250,0
ENSG00000282935,0
ENSG00000239783,0
ENSG00000080189,921
ENSG00000271784,36
ENSG00000223492,0
ENSG00000235415,0
ENSG00000198768,30
ENSG00000088298,618
ENSG00000228959,0
ENSG00000229522,0
ENSG00000282870,0
ENSG00000230133,0
ENSG00000288083,0
ENSG00000279322,0
ENSG00000124151,1072
ENSG00000267882,3
ENSG00000124089,0
ENSG00000238282,0
ENSG00000101425,0
ENSG00000234693,8
ENSG00000286229,0
ENSG00000235922,0
ENSG00000237423,0
ENSG00000124126,2221
ENSG00000287853,14
ENSG00000215450,0
ENSG00000234900,0
ENSG00000124212,336
ENSG00000182621,774
ENSG00000054803,0
ENSG00000215546,0
ENSG00000226203,0
ENSG00000286179,0
ENSG00000287443,0
ENSG00000287107,0
ENSG00000054793,11813
ENSG00000125970,4690
ENSG00000089101,17
ENSG00000124216,0
ENSG00000232286,0
ENSG00000227705,0
ENSG00000234069,0
ENSG00000231265,0
ENSG00000230437,0
ENSG00000230636,0
ENSG00000259723,0
ENSG00000277938,8
ENSG00000287886,6
ENSG00000236151,0
ENSG00000234948,0
ENSG00000235594,0
ENSG00000231703,0
ENSG00000275358,0
ENSG00000225344,0
ENSG00000225563,0
ENSG00000101194,0
ENSG00000286444,0
ENSG00000132825,150
ENSG00000101132,2623
ENSG00000277829,0
ENSG00000288086,0
ENSG00000101182,7562
ENSG00000124215,0
ENSG00000234821,0
ENSG00000226262,0
ENSG00000238151,0
ENSG00000197586,994
ENSG00000204658,0
ENSG00000130701,0
ENSG00000228386,0
ENSG00000228422,0
ENSG00000101439,2036
ENSG00000185834,112
ENSG00000235166,0
ENSG00000286587,0
ENSG00000149531,442
ENSG00000275437,2
ENSG00000225106,0
ENSG00000101193,4386
ENSG00000179253,0
ENSG00000277975,0
ENSG00000232121,0
ENSG00000287752,0
ENSG00000203266,0
ENSG00000230843,0
ENSG00000231934,0
ENSG00000277373,0
ENSG00000124225,8849
ENSG00000270792,0
ENSG00000101365,1514
ENSG00000271774,0
ENSG00000275401,10
ENSG00000238194,0
ENSG00000225417,0
ENSG00000277270,87
ENSG00000124164,5916
ENSG00000224628,0
ENSG00000276093,0
ENSG00000280220,0
ENSG00000182463,0
ENSG00000237119,0
ENSG00000233017,0
ENSG00000229755,0
ENSG00000227964,0
ENSG00000132821,6
ENSG00000225785,0
ENSG00000275923,0
ENSG00000271298,0
ENSG00000283123,0
ENSG00000125977,9180
ENSG00000203883,2
ENSG00000286232,0
ENSG00000229882,0
ENSG00000154930,18
ENSG00000264490,0
ENSG00000101134,3174
ENSG00000286159,0
ENSG00000225336,0
ENSG00000158470,11476
ENSG00000219608,0
ENSG00000229500,0
ENSG00000020256,762
ENSG00000261411,0
ENSG00000271461,0
ENSG00000101115,0
ENSG00000101144,5118
ENSG00000101407,1736
ENSG00000285347,0
ENSG00000132631,0
ENSG00000125533,14
ENSG00000228820,2
ENSG00000272259,0
ENSG00000179242,2190
ENSG00000232294,0
ENSG00000232465,0
ENSG00000215444,0
ENSG00000101079,1730
ENSG00000237000,0
ENSG00000276786,0
ENSG00000225657,0
ENSG00000224008,0
ENSG00000171858,5087
ENSG00000278709,209
ENSG00000229690,0
ENSG00000225246,0
ENSG00000231878,0
ENSG00000286006,0
ENSG00000229606,0
ENSG00000087510,10
ENSG00000276627,0
ENSG00000260542,0
ENSG00000184402,1593
ENSG00000235032,0
ENSG00000101361,3923
ENSG00000214541,30
ENSG00000125514,0
ENSG00000101096,16
ENSG00000231604,0
ENSG00000197670,0
ENSG00000224635,10
ENSG00000196074,0
ENSG00000130702,1351
ENSG00000231078,0
ENSG00000149657,2101
ENSG00000087495,22
ENSG00000261035,0
ENSG00000282842,0
ENSG00000171703,1314
ENSG00000130700,0
ENSG00000129988,0
ENSG00000196227,3384
ENSG00000080839,1863
ENSG00000282968,0
ENSG00000272050,0
ENSG00000237371,0
ENSG00000124209,3192
ENSG00000275285,0
ENSG00000286309,0
ENSG00000124205,0
ENSG00000226094,0
ENSG00000233686,0
ENSG00000225129,0
ENSG00000101413,2157
ENSG00000273812,0
ENSG00000230352,0
ENSG00000130706,744
ENSG00000025293,2880
ENSG00000227282,0
ENSG00000234274,0
ENSG00000226332,10
ENSG00000234104,0
ENSG00000270793,0
ENSG00000225803,0
ENSG00000287511,0
ENSG00000131067,615
ENSG00000287478,0
ENSG00000233347,8
ENSG00000286865,0
ENSG00000284481,0
ENSG00000221116,0
ENSG00000271798,0
ENSG00000212498,0
ENSG00000229686,0
ENSG00000226572,0
ENSG00000252096,0
ENSG00000278159,0
ENSG00000212165,0
ENSG00000202260,0
ENSG00000251955,0
ENSG00000200494,0
ENSG00000240584,0
ENSG00000278525,0
ENSG00000238833,0
ENSG00000212536,0
ENSG00000222281,0
ENSG00000207355,0
ENSG00000242348,0
ENSG00000201348,0
ENSG00000264879,0
ENSG00000202414,0
ENSG00000223128,0
ENSG00000283291,0
ENSG00000283568,0
ENSG00000200231,0
ENSG00000283592,0
ENSG00000275305,0
ENSG00000273745,0
ENSG00000264616,0
ENSG00000200325,0
ENSG00000199676,0
ENSG00000201151,0
ENSG00000201811,0
ENSG00000201221,0
ENSG00000207053,0
ENSG00000206801,0
ENSG00000200208,0
ENSG00000283433,0
ENSG00000240474,0
ENSG00000264767,0
ENSG00000275337,0
ENSG00000284419,0
ENSG00000264901,0
ENSG00000238452,0
ENSG00000252540,0
ENSG00000252467,0
ENSG00000206959,0
ENSG00000252654,0
ENSG00000199490,0
ENSG00000277034,0
ENSG00000225091,0
ENSG00000201512,0
ENSG00000200354,0
ENSG00000206710,0
ENSG00000202186,0
ENSG00000222118,0
ENSG00000252091,0
ENSG00000266761,0
ENSG00000207158,0
ENSG00000238468,0
ENSG00000252089,0
ENSG00000199218,0
ENSG00000276031,0
ENSG00000238777,0
ENSG00000199683,0
ENSG00000207802,0
ENSG00000266140,0
ENSG00000265617,0
ENSG00000223190,0
ENSG00000199017,0
ENSG00000284508,0
ENSG00000263453,0
ENSG00000222874,0
ENSG00000241821,0
ENSG00000269103,0
ENSG00000284074,0
ENSG00000201742,0
ENSG00000275958,0
ENSG00000124232,0
ENSG00000124145,592
ENSG00000275894,0
ENSG00000204070,1276
ENSG00000254806,0
ENSG00000124251,21
ENSG00000232880,0
ENSG00000254620,0
ENSG00000268941,0
ENSG00000124222,1685
ENSG00000254995,3
ENSG00000215440,6
ENSG00000254419,0
ENSG00000237121,0
ENSG00000270279,0
ENSG00000268649,0
ENSG00000284040,0
ENSG00000216031,0
ENSG00000268333,0
ENSG00000276859,0
ENSG00000276722,0
ENSG00000274491,0
ENSG00000275069,0
ENSG00000225806,8
ENSG00000270951,0
ENSG00000285091,0
ENSG00000284985,0
ENSG00000101158,0
ENSG00000101162,19
ENSG00000124172,5484
ENSG00000101166,4384
ENSG00000232925,0
ENSG00000204183,0
ENSG00000125965,53
ENSG00000221763,0
ENSG00000125975,0
ENSG00000224497,0
ENSG00000088340,0
ENSG00000227401,0
ENSG00000272897,0
ENSG00000222460,0
ENSG00000252549,0
ENSG00000244462,12060
ENSG00000197296,732
ENSG00000226812,0
ENSG00000229005,0
ENSG00000233376,0
ENSG00000168746,0
ENSG00000226243,44
ENSG00000124120,2181
ENSG00000132824,7463
ENSG00000168734,809
ENSG00000242509,0
ENSG00000101342,0
ENSG00000231241,0
ENSG00000226144,0
ENSG00000241229,0
ENSG00000287570,0
ENSG00000132823,2092
ENSG00000149596,0
ENSG00000237555,0
ENSG00000201021,0
ENSG00000233711,0
ENSG00000206998,0
ENSG00000124193,11185
ENSG00000201372,0
ENSG00000234271,0
ENSG00000277611,0
ENSG00000226143,0
ENSG00000282876,0
ENSG00000101052,3128
ENSG00000215467,0
ENSG00000101057,2246
ENSG00000124196,0
ENSG00000173335,0
ENSG00000101307,0
ENSG00000125879,0
ENSG00000271303,37
ENSG00000125821,1098
ENSG00000130703,1422
ENSG00000101074,0
ENSG00000101098,4059
ENSG00000231133,0
ENSG00000274915,0
ENSG00000225978,2
ENSG00000287324,0
ENSG00000260416,0
ENSG00000286628,0
ENSG00000207598,0
ENSG00000149658,2598
ENSG00000273821,0
ENSG00000101197,0
ENSG00000266463,0
ENSG00000101198,108
ENSG00000275620,10
ENSG00000101199,981
ENSG00000266104,0
ENSG00000222439,0
ENSG00000101204,7
ENSG00000203900,0
ENSG00000280936,0
ENSG00000226390,0
ENSG00000286936,0
ENSG00000237005,0
ENSG00000214835,0
ENSG00000230750,0
ENSG00000125863,1066
ENSG00000285508,0
ENSG00000285723,0
ENSG00000230226,0
ENSG00000125534,1290
ENSG00000101213,4
ENSG00000275812,0
ENSG00000125531,8
ENSG00000199497,0
ENSG00000088356,1007
ENSG00000260903,190
ENSG00000278012,0
ENSG00000226239,0
ENSG00000252623,0
ENSG00000101331,0
ENSG00000212571,0
ENSG00000275576,0
ENSG00000224452,8
ENSG00000235217,632
ENSG00000126003,2538
ENSG00000284125,0
ENSG00000287850,4
ENSG00000233293,52
ENSG00000204393,0
ENSG00000228156,0
ENSG00000198547,0
ENSG00000285382,2
ENSG00000175730,0
ENSG00000101367,15940
ENSG00000260536,3
ENSG00000260257,281
ENSG00000101000,13
ENSG00000278367,0
ENSG00000200301,0
ENSG00000126005,504
ENSG00000229230,0
ENSG00000125966,386
ENSG00000279253,21
ENSG00000261582,0
ENSG00000235214,0
ENSG00000125998,0
ENSG00000101278,2
ENSG00000269846,0
ENSG00000236159,0
ENSG00000286240,0
ENSG00000198053,1011
ENSG00000149636,1085
ENSG00000130584,116
ENSG00000197818,578
ENSG00000124194,350
ENSG00000100987,0
ENSG00000278035,0
ENSG00000101335,26
ENSG00000273986,0
ENSG00000118707,3347
ENSG00000259399,0
ENSG00000101082,0
ENSG00000227688,0
ENSG00000202255,0
ENSG00000125901,634
ENSG00000101405,0
ENSG00000101200,0
ENSG00000263905,0
ENSG00000235958,0
ENSG00000185019,273
ENSG00000198171,962
ENSG00000125877,1955
ENSG00000277287,0
ENSG00000201294,0
ENSG00000226632,0
ENSG00000201346,0
ENSG00000288577,32
ENSG00000274364,0
ENSG00000235313,0
ENSG00000230613,5
ENSG00000278276,0
ENSG00000201770,0
ENSG00000125968,1768
ENSG00000264395,0
ENSG00000131055,0
ENSG00000236559,0
ENSG00000281376,0
ENSG00000088325,6216
ENSG00000230801,9
ENSG00000101306,6
ENSG00000179772,2
ENSG00000171552,1230
ENSG00000283405,0
ENSG00000235065,4
ENSG00000088970,183
ENSG00000199509,0
ENSG00000228604,0
ENSG00000232712,4
ENSG00000214535,22
ENSG00000226875,0
ENSG00000275457,23
ENSG00000212555,0
ENSG00000125850,0
ENSG00000212232,4
ENSG00000125871,1663
ENSG00000218902,0
ENSG00000229262,0
ENSG00000227343,0
ENSG00000252597,0
ENSG00000207282,0
ENSG00000232943,0
ENSG00000266720,0
ENSG00000252635,0
ENSG00000287954,0
ENSG00000230010,6
ENSG00000199719,1
ENSG00000237259,0
ENSG00000237282,0
ENSG00000232838,18
ENSG00000225988,0
ENSG00000125869,2
ENSG00000286740,0
ENSG00000232738,0
ENSG00000286470,0
ENSG00000125818,3537
ENSG00000215388,0
ENSG00000274269,0
ENSG00000101298,32
ENSG00000125775,16
ENSG00000274322,0
ENSG00000280162,0
ENSG00000229728,0
ENSG00000284436,0
ENSG00000196209,0
ENSG00000242324,0
ENSG00000252103,0
ENSG00000125900,0
ENSG00000271523,0
ENSG00000228438,0
ENSG00000276385,0
ENSG00000275222,0
ENSG00000124104,123
ENSG00000277051,0
ENSG00000132801,154
ENSG00000271984,0
ENSG00000100979,3595
ENSG00000285796,12
ENSG00000100982,1109
ENSG00000198026,374
ENSG00000235525,0
ENSG00000100985,6
ENSG00000204044,0
ENSG00000088832,8009
ENSG00000225116,0
ENSG00000088836,14
ENSG00000275223,12
ENSG00000125967,292
ENSG00000149609,4
ENSG00000271803,0
ENSG00000101412,1534
ENSG00000101417,52
ENSG00000229188,0
ENSG00000230837,4
ENSG00000230753,3
ENSG00000101421,3506
ENSG00000240639,0
ENSG00000226038,0
ENSG00000252193,0
ENSG00000242372,1837
ENSG00000252367,0
ENSG00000132646,8618
ENSG00000212517,5
ENSG00000101290,5354
ENSG00000225022,22
ENSG00000101292,0
ENSG00000200313,0
ENSG00000276688,0
ENSG00000226995,0
ENSG00000230563,0
ENSG00000089006,3650
ENSG00000149600,1091
ENSG00000101349,175
ENSG00000125787,8
ENSG00000125888,0
ENSG00000101160,53
ENSG00000222612,0
ENSG00000198900,8550
ENSG00000226648,35
ENSG00000276169,0
ENSG00000272407,0
ENSG00000242748,7
ENSG00000263989,0
ENSG00000228210,0
ENSG00000226948,6
ENSG00000171867,11535
ENSG00000171864,142
ENSG00000180259,0
ENSG00000231071,0
ENSG00000278595,0
ENSG00000101265,6174
ENSG00000244005,261
ENSG00000125995,963
ENSG00000131051,6746
ENSG00000225357,2
ENSG00000283527,0
ENSG00000214078,3363
ENSG00000287430,0
ENSG00000185052,69
ENSG00000235996,0
ENSG00000179447,0
ENSG00000232675,0
ENSG00000268628,0
ENSG00000204103,162
ENSG00000229771,0
ENSG00000286972,0
ENSG00000238908,0
ENSG00000235102,0
ENSG00000132793,0
ENSG00000229398,0
ENSG00000124177,4115
ENSG00000235088,0
ENSG00000273951,6
ENSG00000232493,0
ENSG00000252386,0
ENSG00000212224,0
ENSG00000233352,0
ENSG00000124107,0
ENSG00000277022,0
ENSG00000101443,0
ENSG00000237464,0
ENSG00000237068,0
ENSG00000101446,0
ENSG00000249139,0
ENSG00000232135,0
ENSG00000229900,0
ENSG00000101448,0
ENSG00000201923,0
ENSG00000226188,0
ENSG00000124116,12
ENSG00000168630,0
ENSG00000221046,0
ENSG00000101457,811
ENSG00000175063,1761
ENSG00000101470,14
ENSG00000168612,158
ENSG00000230758,0
ENSG00000227431,0
ENSG00000124207,16797
ENSG00000124214,7061
ENSG00000226284,14
ENSG00000167046,0
ENSG00000101187,18
ENSG00000277496,4
ENSG00000276317,0
ENSG00000232803,0
ENSG00000237687,0
ENSG00000101188,4
ENSG00000223669,0
ENSG00000101189,896
ENSG00000060491,604
ENSG00000092758,793
ENSG00000101190,493
ENSG00000233838,0
ENSG00000236527,0
ENSG00000101191,3191
ENSG00000273759,2
ENSG00000132622,4
ENSG00000101220,1018
ENSG00000101222,2
ENSG00000125817,3010
ENSG00000275491,0
ENSG00000274949,0
ENSG00000125843,260
ENSG00000088888,2504
ENSG00000199024,0
ENSG00000283320,0
ENSG00000260032,42764
ENSG00000277235,0
ENSG00000231470,0
ENSG00000237063,0
ENSG00000088367,1436
ENSG00000131043,1880
ENSG00000186458,0
ENSG00000272874,0
ENSG00000196476,451
ENSG00000247315,2920
ENSG00000286158,97
ENSG00000225377,318
ENSG00000125841,1337
ENSG00000125875,1905
ENSG00000206797,0
ENSG00000101266,14083
ENSG00000101276,0
ENSG00000278231,0
ENSG00000124198,2140
ENSG00000124098,6638
ENSG00000087586,2768
ENSG00000101138,2150
ENSG00000228601,0
ENSG00000022277,3035
ENSG00000124103,0
ENSG00000280387,0
ENSG00000213714,0
ENSG00000287079,0
ENSG00000087589,0
ENSG00000101247,900
ENSG00000124201,1570
ENSG00000177410,680
ENSG00000277830,0
ENSG00000209042,0
ENSG00000274760,0
ENSG00000222365,0
ENSG00000277967,0
ENSG00000212304,0
ENSG00000124171,282
ENSG00000230043,0
ENSG00000228663,2
ENSG00000259456,51
ENSG00000124217,856
ENSG00000236992,20
ENSG00000173418,3144
ENSG00000101343,2909
ENSG00000241054,0
ENSG00000132669,587
ENSG00000275582,0
ENSG00000101236,1805
ENSG00000226608,28
ENSG00000215063,0
ENSG00000205300,0
ENSG00000088833,2646
ENSG00000171222,1132
ENSG00000101336,0
ENSG00000124228,804
ENSG00000101181,436
ENSG00000101224,3734
ENSG00000149488,7
ENSG00000177732,3395
ENSG00000170373,0
ENSG00000101441,0
ENSG00000171940,3090
ENSG00000088854,982
ENSG00000124257,0
ENSG00000125779,1273
ENSG00000089048,1477
ENSG00000000419,2071
ENSG00000232358,0
ENSG00000026559,125
ENSG00000279835,0
ENSG00000168634,0
ENSG00000266071,0
ENSG00000149651,0
ENSG00000124160,3405
ENSG00000213820,0
ENSG00000101347,1194
ENSG00000101216,551
ENSG00000197457,3450
ENSG00000243509,0
ENSG00000101246,304
ENSG00000197114,24
ENSG00000273154,0
ENSG00000274501,0
ENSG00000273047,0
ENSG00000125520,820
ENSG00000229299,0
ENSG00000231208,0
ENSG00000226217,0
ENSG00000088882,1564
ENSG00000241690,0
ENSG00000258713,0
ENSG00000198326,0
ENSG00000132635,165
ENSG00000215305,804
ENSG00000101363,2132
ENSG00000125878,0
ENSG00000124243,189
ENSG00000149634,7
ENSG00000244274,16
ENSG00000196421,0
ENSG00000101255,318
ENSG00000125508,0
ENSG00000149599,36
ENSG00000174306,1168
ENSG00000080845,2461
ENSG00000088899,116
ENSG00000125895,0
ENSG00000132670,5470
ENSG00000244588,0
ENSG00000124203,0
ENSG00000078699,1298
ENSG00000288649,2
ENSG00000214200,0
ENSG00000228958,0
ENSG00000087460,39236
ENSG00000229853,0
ENSG00000255438,0
ENSG00000238950,0
ENSG00000215448,0
ENSG00000251770,0
ENSG00000238785,0
ENSG00000124181,5244
ENSG00000124208,0
ENSG00000240849,598
ENSG00000231742,0
ENSG00000234698,0
ENSG00000277449,0
ENSG00000172216,101
ENSG00000244376,0
ENSG00000231715,0
ENSG00000196396,1591
ENSG00000239742,0
ENSG00000201501,0
ENSG00000232043,0
ENSG00000208018,0
ENSG00000221091,0
ENSG00000231302,0
ENSG00000233077,0
ENSG00000213979,0
ENSG00000197122,2656
ENSG00000234832,6
ENSG00000132661,907
ENSG00000125812,1776
ENSG00000125814,446
ENSG00000201728,0
ENSG00000125823,0
ENSG00000125831,0
ENSG00000233015,0
ENSG00000227063,3323
ENSG00000118702,6
ENSG00000101333,170
ENSG00000243961,0
ENSG00000132623,127
ENSG00000276525,0
ENSG00000230506,0
ENSG00000232448,0
ENSG00000215452,0
ENSG00000283757,0
ENSG00000225849,0
ENSG00000184617,0
ENSG00000149635,5
ENSG00000158296,110
ENSG00000273893,111
ENSG00000124091,0
ENSG00000101180,70
ENSG00000188559,4798
ENSG00000125991,6849
ENSG00000101084,251
ENSG00000244687,49
ENSG00000149451,0
ENSG00000124140,25
ENSG00000125844,3908
ENSG00000101049,0
ENSG00000149474,1582
ENSG00000125780,0
ENSG00000166948,0
ENSG00000207305,0
ENSG00000125835,2509
ENSG00000256566,0
ENSG00000274309,0
ENSG00000199266,0
ENSG00000170471,4081
ENSG00000275453,0
ENSG00000231307,0
ENSG00000213959,0
ENSG00000277965,0
ENSG00000101438,102
ENSG00000101442,254
ENSG00000199691,2
ENSG00000215529,0
ENSG00000149646,4
ENSG00000101203,0
ENSG00000182931,0
ENSG00000284193,0
ENSG00000235018,0
ENSG00000265306,0
ENSG00000283078,22
ENSG00000130699,898
ENSG00000215595,4
ENSG00000289012,0
ENSG00000124143,0
ENSG00000158901,0
ENSG00000230860,0
ENSG00000124155,2026
ENSG00000182035,0
ENSG00000241721,0
ENSG00000236352,0
ENSG00000265595,0
ENSG00000019186,8
ENSG00000275877,0
ENSG00000274385,0
ENSG00000064787,3
ENSG00000215251,1355
ENSG00000172315,4385
ENSG00000101161,3234
ENSG00000061656,2
ENSG00000198185,290
ENSG00000100983,1990
ENSG00000078814,4
ENSG00000207635,0
ENSG00000283441,0
ENSG00000100991,5555
ENSG00000202150,0
ENSG00000286052,0
ENSG00000124097,26
ENSG00000124092,0
ENSG00000124253,0
ENSG00000227297,0
ENSG00000124256,0
ENSG00000101040,1771
ENSG00000196090,1784
ENSG00000149679,644
ENSG00000288946,0
ENSG00000289236,0
ENSG00000235621,0
ENSG00000232907,0
ENSG00000238034,0
ENSG00000289634,0
ENSG00000225127,0
ENSG00000289072,0
ENSG00000174403,0
ENSG00000289590,0
ENSG00000289329,0
ENSG00000223891,421
ENSG00000289373,0
ENSG00000232406,0
ENSG00000203971,0
ENSG00000275852,0
ENSG00000225708,0
ENSG00000270411,0
ENSG00000124237,0
ENSG00000124227,0
ENSG00000101017,0
ENSG00000229957,0
ENSG00000273555,0
ENSG00000124159,0
ENSG00000196839,182
ENSG00000283440,0
ENSG00000132832,0
ENSG00000064205,0
ENSG00000167098,0
ENSG00000078898,2
ENSG00000167104,0
ENSG00000214245,0
ENSG00000186191,0
ENSG00000131050,0
ENSG00000237662,0
ENSG00000224876,0
ENSG00000131059,0
ENSG00000198183,0
ENSG00000233106,0
ENSG00000125999,0
ENSG00000233146,0
ENSG00000125997,0
ENSG00000101391,622
ENSG00000288878,0
ENSG00000101400,322
ENSG00000186190,0
ENSG00000088305,128
ENSG00000274414,0
ENSG00000100994,7972
ENSG00000274507,0
ENSG00000276952,0
ENSG00000100997,1576
ENSG00000227379,0
ENSG00000101440,0
ENSG00000214185,10
ENSG00000250917,4
ENSG00000236456,4
ENSG00000101444,11573
ENSG00000272945,0
ENSG00000234087,0
ENSG00000201498,0
ENSG00000234933,0
ENSG00000236388,0
ENSG00000231795,0
ENSG00000207997,0
ENSG00000181741,0
ENSG00000277558,0
ENSG00000206582,0
ENSG00000101460,346
ENSG00000101464,1777
ENSG00000231034,0
ENSG00000289720,0
ENSG00000125971,3
ENSG00000078747,2430
ENSG00000101003,2587
ENSG00000125798,0
ENSG00000237396,0
ENSG00000230400,0
ENSG00000283072,0
ENSG00000215553,0
ENSG00000236474,0
ENSG00000252422,0
ENSG00000132664,1178
ENSG00000265137,0
ENSG00000225419,2
ENSG00000089050,3518
ENSG00000214612,4
ENSG00000101310,4146
ENSG00000232388,557
ENSG00000243702,0
ENSG00000221806,0
ENSG00000232136,0
ENSG00000233993,0
ENSG00000125826,717
ENSG00000026036,0
ENSG00000258366,15
ENSG00000252064,0
ENSG00000266666,0
ENSG00000231005,0
ENSG00000054796,0
ENSG00000101146,1908
ENSG00000228995,0
ENSG00000218018,0
ENSG00000132819,910
ENSG00000101019,2522
ENSG00000101473,244
ENSG00000204548,0
ENSG00000180424,0
ENSG00000180383,0
ENSG00000088320,0
ENSG00000233354,0
ENSG00000101294,3906
ENSG00000289492,0
ENSG00000101337,4030
ENSG00000101350,4672
ENSG00000277692,8
ENSG00000171456,3768
ENSG00000197183,1439
ENSG00000236772,0
ENSG00000286311,22
ENSG00000277301,0
ENSG00000196562,437
ENSG00000130589,48
ENSG00000286100,0
ENSG00000166913,18424
ENSG00000101104,87
ENSG00000025772,2354
ENSG00000252021,0
ENSG00000124134,102
ENSG00000168703,0
ENSG00000124102,0
ENSG00000124233,0
ENSG00000124157,0
ENSG00000227477,0
ENSG00000101109,1980
ENSG00000215545,0
ENSG00000237929,0
ENSG00000236121,0
ENSG00000252649,0
ENSG00000212717,0
ENSG00000131068,0
ENSG00000212134,0
ENSG00000180483,0
ENSG00000280350,0
ENSG00000278410,0
ENSG00000125813,2
ENSG00000285230,40
ENSG00000131061,108
ENSG00000125846,279
ENSG00000089199,392
ENSG00000215589,0
ENSG00000089195,1494
ENSG00000125885,439
ENSG00000286235,0
ENSG00000207380,0
ENSG00000231961,0
ENSG00000278719,0
ENSG00000275632,7
ENSG00000263755,0
ENSG00000088766,203
ENSG00000278192,0
ENSG00000233402,0
ENSG00000125872,1
ENSG00000202380,0
ENSG00000234241,10
ENSG00000271565,0
ENSG00000276915,0
ENSG00000088812,4781
ENSG00000230568,0
ENSG00000125861,0
ENSG00000088826,930
ENSG00000230176,2
ENSG00000101311,378
ENSG00000201363,0
ENSG00000266151,0
ENSG00000089091,154
ENSG00000101898,0
ENSG00000101126,9322
ENSG00000175121,0
ENSG00000088881,198
ENSG00000131044,26
ENSG00000286999,0
ENSG00000196132,764
ENSG00000125522,0
ENSG00000278171,0
ENSG00000232852,0
ENSG00000274727,0
ENSG00000203880,5295
ENSG00000149656,0
ENSG00000213882,0
ENSG00000228935,0
ENSG00000230492,0
ENSG00000234646,0
ENSG00000132671,0
ENSG00000178726,0
ENSG00000279447,0
ENSG00000125810,0
ENSG00000233746,0
ENSG00000279164,0
ENSG00000201527,0
ENSG00000234139,0
ENSG00000171700,129
ENSG00000274034,0
ENSG00000171695,0
ENSG00000279082,0
ENSG00000289837,0
ENSG00000288974,0
ENSG00000289848,0
ENSG00000230387,0
ENSG00000237767,0
ENSG00000289577,0
ENSG00000289875,8
ENSG00000280229,0
ENSG00000289895,0
ENSG00000287335,0
ENSG00000229873,0
ENSG00000289183,2
ENSG00000228340,0
ENSG00000231290,10
ENSG00000289431,0
ENSG00000232645,6
ENSG00000289537,10
ENSG00000203999,60
ENSG00000176659,0
ENSG00000235590,6
ENSG00000174407,0
ENSG00000229766,6
ENSG00000289494,24
ENSG00000228705,0
ENSG00000237595,0
ENSG00000289955,0
ENSG00000289199,0
ENSG00000196756,750
ENSG00000289548,0
ENSG00000226308,10
ENSG00000259974,0
ENSG00000286288,4
ENSG00000289172,0
ENSG00000232442,36
ENSG00000224397,0
ENSG00000174365,127
ENSG00000228812,0
ENSG00000273619,24
ENSG00000288843,0
ENSG00000290004,0
ENSG00000238102,0
ENSG00000273148,14
ENSG00000234684,135
ENSG00000286787,10
ENSG00000183798,95
ENSG00000266908,0
ENSG00000205181,2
ENSG00000225640,0
ENSG00000225831,0
ENSG00000235820,0
ENSG00000125772,1209
ENSG00000233578,0
ENSG00000203896,9
ENSG00000279610,0
ENSG00000268858,93
ENSG00000183260,0
ENSG00000101150,2327
ENSG00000290226,0
ENSG00000101152,3756
ENSG00000199805,0
ENSG00000283206,0
ENSG00000216141,0
ENSG00000283513,0
ENSG00000216195,0
ENSG00000275842,0
ENSG00000198276,436
ENSG00000284433,0
ENSG00000207554,3
ENSG00000280213,0
ENSG00000196700,832
ENSG00000130590,147
ENSG00000287410,0
ENSG00000225622,0
ENSG00000273998,0
ENSG00000275728,0
ENSG00000226229,0
ENSG00000089177,120
ENSG00000233508,32
ENSG00000101251,0
ENSG00000212247,0
ENSG00000172264,218
ENSG00000230935,0
ENSG00000234187,0
ENSG00000239923,0
ENSG00000125848,1713
ENSG00000199570,0
ENSG00000287062,0
ENSG00000227563,0
ENSG00000227927,0
ENSG00000213950,12
ENSG00000289572,0
ENSG00000235914,0
ENSG00000237832,0
ENSG00000199803,0
ENSG00000201180,0
ENSG00000222500,0
ENSG00000225181,0
ENSG00000224274,0
ENSG00000286546,0
ENSG00000101353,75
ENSG00000288000,0
ENSG00000185513,40
ENSG00000118705,20806
ENSG00000204663,0
ENSG00000290388,0
ENSG00000228476,0
ENSG00000290390,0
ENSG00000240108,0
ENSG00000290409,0
ENSG00000283529,0
ENSG00000290421,0
ENSG00000243995,0
ENSG00000290777,0
ENSG00000277112,0
ENSG00000290900,0
ENSG00000283443,0
ENSG00000290901,16
ENSG00000242507,0
ENSG00000183566,0
ENSG00000290942,0
ENSG00000204547,0
ENSG00000290996,0
ENSG00000283142,0
ENSG00000291000,0
ENSG00000124224,0
ENSG00000291067,17
ENSG00000282826,0
ENSG00000291100,417
ENSG00000243543,0
ENSG00000291238,0
ENSG00000227906,0
ENSG00000289505,0
ENSG00000132639,58
ENSG00000101346,3052
ENSG00000251883,0
ENSG00000170191,1032
ENSG00000213742,24
ENSG00000242236,0
ENSG00000236542,0
ENSG00000130684,15
ENSG00000278383,0
ENSG00000226465,6
ENSG00000230772,0
ENSG00000175170,18
ENSG00000275048,0
ENSG00000250090,0
ENSG00000274973,0
ENSG00000126001,995
ENSG00000230155,0
ENSG00000290934,2
ENSG00000289872,10
ENSG00000101076,0
ENSG00000064601,1076
ENSG00000101210,116
ENSG00000231977,0
ENSG00000075043,1606
ENSG00000166619,4476
ENSG00000053438,24805
ENSG00000276603,53
ENSG00000235044,0
ENSG00000274469,0
ENSG00000228234,0
ENSG00000225759,0
ENSG00000204117,0
ENSG00000101004,514
ENSG00000125510,13
ENSG00000229539,58
ENSG00000088827,0
ENSG00000267124,0
ENSG00000141934,58
ENSG00000282535,0
ENSG00000282458,0
ENSG00000099812,2
ENSG00000282591,0
ENSG00000282508,8
ENSG00000282416,0
ENSG00000266971,0
ENSG00000274177,0
ENSG00000282137,0
ENSG00000267792,0
ENSG00000282059,0
ENSG00000282051,0
ENSG00000282339,0
ENSG00000282807,0
ENSG00000064687,136
ENSG00000279753,0
ENSG00000286667,0
ENSG00000267073,2
ENSG00000116017,160
ENSG00000275162,0
ENSG00000064932,263
ENSG00000183186,56
ENSG00000279653,0
ENSG00000205922,0
ENSG00000116032,4
ENSG00000282542,0
ENSG00000275468,0
ENSG00000266990,0
ENSG00000064666,3955
ENSG00000267443,0
ENSG00000104953,34
ENSG00000099864,1717
ENSG00000282393,108
ENSG00000125910,0
ENSG00000125912,838
ENSG00000267688,0
ENSG00000011132,110
ENSG00000105289,0
ENSG00000105694,2
ENSG00000279452,0
ENSG00000282798,0
ENSG00000095932,0
ENSG00000266938,0
ENSG00000267138,0
ENSG00000167476,0
ENSG00000105428,0
ENSG00000141905,2579
ENSG00000031823,1688
ENSG00000280103,0
ENSG00000267551,0
ENSG00000176533,998
ENSG00000267448,0
ENSG00000105248,412
ENSG00000060558,0
ENSG00000280091,0
ENSG00000160633,4686
ENSG00000269761,0
ENSG00000267412,0
ENSG00000283679,0
ENSG00000105519,22
ENSG00000267205,0
ENSG00000269385,0
ENSG00000171105,798
ENSG00000127663,1657
ENSG00000161082,578
ENSG00000141968,0
ENSG00000267749,0
ENSG00000268845,0
ENSG00000266989,0
ENSG00000105278,10
ENSG00000174837,0
ENSG00000267139,0
ENSG00000267214,0
ENSG00000269425,4
ENSG00000175691,126
ENSG00000088256,1564
ENSG00000133243,1738
ENSG00000105549,0
ENSG00000267332,0
ENSG00000007264,14
ENSG00000266944,0
ENSG00000142347,21
ENSG00000267148,0
ENSG00000182087,899
ENSG00000065717,18
ENSG00000183617,1030
ENSG00000129932,133
ENSG00000167785,0
ENSG00000142303,184
ENSG00000074842,2136
ENSG00000181143,0
ENSG00000279599,0
ENSG00000268922,0
ENSG00000267646,0
ENSG00000267089,0
ENSG00000267986,0
ENSG00000213726,0
ENSG00000197332,0
ENSG00000267154,0
ENSG00000065989,116
ENSG00000269300,0
ENSG00000105401,2145
ENSG00000197933,134
ENSG00000171295,473
ENSG00000220949,0
ENSG00000197044,376
ENSG00000266922,0
ENSG00000214223,342
ENSG00000267723,0
ENSG00000269378,135
ENSG00000123136,2013
ENSG00000267474,0
ENSG00000267241,0
ENSG00000267379,0
ENSG00000123146,20
ENSG00000267500,4
ENSG00000225067,4
ENSG00000177599,302
ENSG00000105137,420
ENSG00000160994,0
ENSG00000127507,0
ENSG00000123159,2300
ENSG00000127529,0
ENSG00000186115,0
ENSG00000131355,0
ENSG00000267594,8
ENSG00000267135,0
ENSG00000186204,0
ENSG00000160951,0
ENSG00000268564,0
ENSG00000198367,0
ENSG00000275432,0
ENSG00000105135,1438
ENSG00000186526,0
ENSG00000269787,0
ENSG00000267056,0
ENSG00000161031,0
ENSG00000198551,2692
ENSG00000160961,814
ENSG00000267275,0
ENSG00000268673,0
ENSG00000141977,0
ENSG00000099330,52
ENSG00000127220,128
ENSG00000287961,0
ENSG00000267033,0
ENSG00000127527,1087
ENSG00000268056,0
ENSG00000266913,0
ENSG00000130300,0
ENSG00000176923,0
ENSG00000105141,0
ENSG00000160117,10
ENSG00000279717,0
ENSG00000267961,0
ENSG00000064490,999
ENSG00000176231,0
ENSG00000269578,0
ENSG00000141979,0
ENSG00000279748,4
ENSG00000267629,0
ENSG00000130299,224
ENSG00000267218,0
ENSG00000268790,2
ENSG00000280332,7
ENSG00000074855,704
ENSG00000269055,0
ENSG00000258674,0
ENSG00000268620,0
ENSG00000268070,0
ENSG00000105058,4253
ENSG00000268087,32
ENSG00000105393,368
ENSG00000178093,1
ENSG00000186010,0
ENSG00000130287,24794
ENSG00000105705,848
ENSG00000064489,0
ENSG00000105122,4
ENSG00000280171,0
ENSG00000105750,866
ENSG00000160229,46
ENSG00000105072,65
ENSG00000269085,0
ENSG00000268560,0
ENSG00000268598,2
ENSG00000171954,0
ENSG00000240418,0
ENSG00000250067,48
ENSG00000269019,6
ENSG00000269274,1
ENSG00000269615,0
ENSG00000271638,0
ENSG00000130307,0
ENSG00000256229,585
ENSG00000197124,669
ENSG00000269095,0
ENSG00000269040,0
ENSG00000269779,0
ENSG00000267178,0
ENSG00000085872,811
ENSG00000267220,1
ENSG00000268416,0
ENSG00000160352,2107
ENSG00000269885,0
ENSG00000268995,0
ENSG00000268184,0
ENSG00000160161,16
ENSG00000269836,0
ENSG00000268597,0
ENSG00000105717,30
ENSG00000105662,926
ENSG00000268438,4
ENSG00000268272,0
ENSG00000279977,0
ENSG00000270716,0
ENSG00000271524,8
ENSG00000269815,0
ENSG00000270317,0
ENSG00000213985,4
ENSG00000269154,0
ENSG00000197134,0
ENSG00000279404,0
ENSG00000196350,0
ENSG00000229676,76
ENSG00000269504,0
ENSG00000268116,0
ENSG00000269043,0
ENSG00000224864,0
ENSG00000271182,2
ENSG00000268117,0
ENSG00000167487,176
ENSG00000127526,1776
ENSG00000271095,0
ENSG00000064545,280
ENSG00000268322,0
ENSG00000268892,0
ENSG00000269796,0
ENSG00000240673,0
ENSG00000268240,0
ENSG00000271149,0
ENSG00000105676,687
ENSG00000269373,0
ENSG00000269138,0
ENSG00000269480,0
ENSG00000267886,215
ENSG00000279377,0
ENSG00000277825,0
ENSG00000268461,0
ENSG00000282732,0
ENSG00000268830,0
ENSG00000268335,0
ENSG00000213988,152
ENSG00000269399,19
ENSG00000284428,174
ENSG00000118620,679
ENSG00000269012,6
ENSG00000268981,0
ENSG00000196109,4
ENSG00000167232,1741
ENSG00000269543,0
ENSG00000271661,0
ENSG00000267234,0
ENSG00000186529,0
ENSG00000269845,12
ENSG00000268794,0
ENSG00000269316,0
ENSG00000268362,380
ENSG00000261615,0
ENSG00000197372,1176
ENSG00000279039,8
ENSG00000130311,2405
ENSG00000213996,0
ENSG00000268278,4
ENSG00000064607,3003
ENSG00000271655,0
ENSG00000267641,6
ENSG00000286157,0
ENSG00000268555,0
ENSG00000269431,0
ENSG00000241282,10
ENSG00000268747,0
ENSG00000261558,0
ENSG00000279966,0
ENSG00000268140,3
ENSG00000268823,0
ENSG00000269458,0
ENSG00000268992,0
ENSG00000270518,0
ENSG00000268296,0
ENSG00000270191,0
ENSG00000267238,0
ENSG00000268685,0
ENSG00000240522,0
ENSG00000269350,0
ENSG00000267872,0
ENSG00000269110,0
ENSG00000213999,0
ENSG00000275201,0
ENSG00000268105,0
ENSG00000268535,0
ENSG00000196705,1140
ENSG00000268309,0
ENSG00000269307,0
ENSG00000267423,0
ENSG00000268079,0
ENSG00000274612,0
ENSG00000266951,0
ENSG00000269765,0
ENSG00000267696,0
ENSG00000268717,0
ENSG00000267243,0
ENSG00000271704,0
ENSG00000269364,0
ENSG00000267771,0
ENSG00000280079,37
ENSG00000268148,0
ENSG00000269742,0
ENSG00000267509,2
ENSG00000197360,0
ENSG00000182141,730
ENSG00000269025,0
ENSG00000269839,0
ENSG00000266248,0
ENSG00000267617,0
ENSG00000269471,0
ENSG00000268174,0
ENSG00000269575,0
ENSG00000267389,0
ENSG00000268058,0
ENSG00000270475,0
ENSG00000266893,0
ENSG00000269345,0
ENSG00000267630,0
ENSG00000274033,0
ENSG00000283403,0
ENSG00000269505,0
ENSG00000268469,0
ENSG00000183850,429
ENSG00000267006,16
ENSG00000198153,53
ENSG00000269837,582
ENSG00000279425,10
ENSG00000269400,0
ENSG00000187664,0
ENSG00000260725,0
ENSG00000236312,20
ENSG00000267213,33
ENSG00000268433,0
ENSG00000267498,22
ENSG00000268100,0
ENSG00000269067,0
ENSG00000288072,0
ENSG00000266928,6
ENSG00000268326,0
ENSG00000268521,19
ENSG00000287272,0
ENSG00000267014,0
ENSG00000270479,0
ENSG00000261770,16
ENSG00000242291,0
ENSG00000267537,0
ENSG00000286538,0
ENSG00000283201,0
ENSG00000279387,0
ENSG00000267433,0
ENSG00000266906,0
ENSG00000269136,0
ENSG00000121297,98
ENSG00000130304,417
ENSG00000267703,0
ENSG00000249987,0
ENSG00000267320,0
ENSG00000126249,178
ENSG00000274503,0
ENSG00000279882,0
ENSG00000281468,52
ENSG00000267258,0
ENSG00000267779,0
ENSG00000261316,0
ENSG00000267027,0
ENSG00000268908,0
ENSG00000124302,6
ENSG00000268696,0
ENSG00000267081,0
ENSG00000267934,4
ENSG00000161249,0
ENSG00000287526,0
ENSG00000266977,0
ENSG00000268589,0
ENSG00000267240,0
ENSG00000267692,12
ENSG00000268222,6
ENSG00000268243,0
ENSG00000142279,255
ENSG00000249861,0
ENSG00000280282,0
ENSG00000269460,0
ENSG00000196357,178
ENSG00000268088,0
ENSG00000161558,148
ENSG00000276449,34
ENSG00000239253,0
ENSG00000268545,0
ENSG00000270947,0
ENSG00000267768,0
ENSG00000237440,640
ENSG00000267662,0
ENSG00000278543,0
ENSG00000278875,0
ENSG00000267041,374
ENSG00000204920,84
ENSG00000277806,57
ENSG00000278895,0
ENSG00000278492,6
ENSG00000239210,0
ENSG00000167637,434
ENSG00000267264,0
ENSG00000267110,0
ENSG00000176222,74
ENSG00000266921,52
ENSG00000278917,18
ENSG00000267058,24
ENSG00000171570,0
ENSG00000267920,0
ENSG00000286613,13
ENSG00000105176,4819
ENSG00000282951,0
ENSG00000159882,254
ENSG00000257074,12
ENSG00000267144,0
ENSG00000124459,1198
ENSG00000131116,1550
ENSG00000159885,235
ENSG00000131941,1034
ENSG00000269858,56
ENSG00000105767,3312
ENSG00000287170,6
ENSG00000288017,0
ENSG00000267507,0
ENSG00000268797,0
ENSG00000284430,0
ENSG00000205786,0
ENSG00000105738,858
ENSG00000233622,6
ENSG00000267022,0
ENSG00000168813,2556
ENSG00000011422,154
ENSG00000237118,4
ENSG00000269843,6
ENSG00000279108,19
ENSG00000268051,0
ENSG00000239320,0
ENSG00000267323,0
ENSG00000178904,15257
ENSG00000160505,0
ENSG00000124449,0
ENSG00000105771,951
ENSG00000255974,5
ENSG00000269519,0
ENSG00000099326,148
ENSG00000287859,0
ENSG00000269533,5
ENSG00000268533,0
ENSG00000189114,375
ENSG00000283479,0
ENSG00000267378,0
ENSG00000266953,0
ENSG00000198251,0
ENSG00000186230,446
ENSG00000269353,0
ENSG00000161281,2
ENSG00000267683,0
ENSG00000268163,0
ENSG00000213753,1832
ENSG00000197408,0
ENSG00000134830,0
ENSG00000286104,29
ENSG00000105220,5201
ENSG00000104879,10
ENSG00000267005,0
ENSG00000279405,10
ENSG00000213908,0
ENSG00000276578,0
ENSG00000268101,0
ENSG00000269032,0
ENSG00000271299,0
ENSG00000269509,0
ENSG00000126261,10624
ENSG00000197838,0
ENSG00000188334,0
ENSG00000197050,1396
ENSG00000269600,36
ENSG00000196263,333
ENSG00000267224,3
ENSG00000267421,5
ENSG00000197446,0
ENSG00000159871,4
ENSG00000105507,0
ENSG00000267219,18
ENSG00000196867,1100
ENSG00000188508,0
ENSG00000268529,0
ENSG00000268601,2
ENSG00000268483,0
ENSG00000224476,0
ENSG00000227606,0
ENSG00000274219,0
ENSG00000197016,1351
ENSG00000083828,366
ENSG00000268847,0
ENSG00000266910,6
ENSG00000159917,255
ENSG00000204941,0
ENSG00000171606,476
ENSG00000105173,638
ENSG00000141946,0
ENSG00000270293,0
ENSG00000286041,0
ENSG00000270790,0
ENSG00000231561,0
ENSG00000243137,0
ENSG00000267024,6
ENSG00000099338,2
ENSG00000243167,0
ENSG00000241104,0
ENSG00000287271,18
ENSG00000269793,0
ENSG00000266963,0
ENSG00000167751,0
ENSG00000258873,0
ENSG00000268379,0
ENSG00000286867,0
ENSG00000083844,1594
ENSG00000183668,0
ENSG00000268975,0
ENSG00000236123,0
ENSG00000161243,40
ENSG00000242100,36
ENSG00000230681,0
ENSG00000121289,1464
ENSG00000268182,87
ENSG00000127903,93
ENSG00000204524,1024
ENSG00000233214,0
ENSG00000204936,0
ENSG00000276570,4
ENSG00000283515,0
ENSG00000167578,0
ENSG00000272396,0
ENSG00000268713,0
ENSG00000204933,0
ENSG00000105063,1639
ENSG00000267871,10
ENSG00000232680,0
ENSG00000197714,38
ENSG00000279541,6
ENSG00000221878,0
ENSG00000133265,928
ENSG00000268205,3155
ENSG00000268723,0
ENSG00000267216,18
ENSG00000178229,237
ENSG00000282943,0
ENSG00000235555,0
ENSG00000260599,0
ENSG00000268678,0
ENSG00000267133,0
ENSG00000169021,3524
ENSG00000063127,143
ENSG00000197813,43
ENSG00000268541,0
ENSG00000160469,758
ENSG00000256060,122
ENSG00000258405,197
ENSG00000276251,8
ENSG00000268133,0
ENSG00000197405,13
ENSG00000125503,293
ENSG00000267489,0
ENSG00000171777,0
ENSG00000269177,0
ENSG00000104894,65
ENSG00000268361,0
ENSG00000269107,0
ENSG00000269583,0
ENSG00000267636,0
ENSG00000254901,179
ENSG00000188785,958
ENSG00000012124,1
ENSG00000268157,0
ENSG00000129991,0
ENSG00000286230,0
ENSG00000104901,242
ENSG00000267577,0
ENSG00000268686,8
ENSG00000268357,0
ENSG00000129990,120
ENSG00000104866,380
ENSG00000080031,0
ENSG00000267204,0
ENSG00000267757,0
ENSG00000270849,0
ENSG00000266976,0
ENSG00000267799,0
ENSG00000268789,0
ENSG00000267574,0
ENSG00000105171,1180
ENSG00000267777,0
ENSG00000185897,0
ENSG00000276294,0
ENSG00000181035,88
ENSG00000269786,0
ENSG00000276631,0
ENSG00000186008,0
ENSG00000271598,0
ENSG00000248830,5
ENSG00000180089,2
ENSG00000267649,0
ENSG00000207357,0
ENSG00000283801,0
ENSG00000275642,0
ENSG00000222329,0
ENSG00000263974,0
ENSG00000277904,0
ENSG00000252962,0
ENSG00000276568,0
ENSG00000284268,0
ENSG00000252661,0
ENSG00000269782,0
ENSG00000275901,0
ENSG00000240106,2
ENSG00000241172,0
ENSG00000207821,0
ENSG00000252973,0
ENSG00000238517,0
ENSG00000201035,0
ENSG00000252272,0
ENSG00000207397,0
ENSG00000240713,0
ENSG00000201966,0
ENSG00000241604,0
ENSG00000201894,0
ENSG00000252780,0
ENSG00000200738,0
ENSG00000264317,0
ENSG00000264400,0
ENSG00000200179,0
ENSG00000239948,0
ENSG00000275726,0
ENSG00000265407,1
ENSG00000275863,0
ENSG00000239137,0
ENSG00000275519,0
ENSG00000278328,0
ENSG00000278264,0
ENSG00000267992,0
ENSG00000183760,0
ENSG00000269172,0
ENSG00000188505,6
ENSG00000268510,0
ENSG00000213926,0
ENSG00000272311,0
ENSG00000182393,0
ENSG00000130755,31
ENSG00000241983,0
ENSG00000006712,2355
ENSG00000063322,1918
ENSG00000128016,98
ENSG00000266559,0
ENSG00000090924,1436
ENSG00000105193,18114
ENSG00000196235,4672
ENSG00000105197,2202
ENSG00000090932,876
ENSG00000176401,187
ENSG00000269792,0
ENSG00000269584,0
ENSG00000176396,1305
ENSG00000269588,0
ENSG00000269188,0
ENSG00000244253,0
ENSG00000243581,0
ENSG00000182013,4982
ENSG00000204851,235
ENSG00000204850,0
ENSG00000278797,4
ENSG00000249210,14
ENSG00000160014,10835
ENSG00000269292,0
ENSG00000160013,0
ENSG00000279161,0
ENSG00000197380,430
ENSG00000243560,0
ENSG00000211513,0
ENSG00000269487,0
ENSG00000222614,0
ENSG00000128011,223
ENSG00000130545,0
ENSG00000205744,0
ENSG00000275234,0
ENSG00000104833,254
ENSG00000268203,0
ENSG00000268191,0
ENSG00000125657,0
ENSG00000268742,0
ENSG00000269546,0
ENSG00000199223,0
ENSG00000125726,0
ENSG00000268785,2
ENSG00000283950,0
ENSG00000125733,679
ENSG00000269680,0
ENSG00000125731,0
ENSG00000125735,0
ENSG00000284361,0
ENSG00000263414,0
ENSG00000125755,1301
ENSG00000269148,2
ENSG00000170608,0
ENSG00000170604,712
ENSG00000176182,66
ENSG00000188425,0
ENSG00000104983,86
ENSG00000211580,0
ENSG00000008438,0
ENSG00000268401,0
ENSG00000268053,0
ENSG00000188624,6
ENSG00000259339,0
ENSG00000259605,0
ENSG00000267395,0
ENSG00000268434,0
ENSG00000185800,754
ENSG00000104941,0
ENSG00000267273,0
ENSG00000287960,2
ENSG00000260112,0
ENSG00000130818,1308
ENSG00000171469,4020
ENSG00000171466,541
ENSG00000239830,12
ENSG00000277587,0
ENSG00000267490,0
ENSG00000267612,0
ENSG00000267370,0
ENSG00000267741,0
ENSG00000266950,0
ENSG00000127452,368
ENSG00000200237,1
ENSG00000267119,0
ENSG00000267289,2
ENSG00000256210,0
ENSG00000269552,0
ENSG00000268746,0
ENSG00000269806,0
ENSG00000278999,0
ENSG00000024422,114
ENSG00000105373,5666
ENSG00000221803,0
ENSG00000269656,2
ENSG00000213035,0
ENSG00000271150,0
ENSG00000178935,162
ENSG00000268750,0
ENSG00000269343,661
ENSG00000269304,0
ENSG00000198466,323
ENSG00000269867,19
ENSG00000270804,4
ENSG00000269476,0
ENSG00000173480,150
ENSG00000152454,347
ENSG00000243234,0
ENSG00000177025,6
ENSG00000284394,0
ENSG00000104951,0
ENSG00000269179,0
ENSG00000283842,0
ENSG00000161640,0
ENSG00000221125,0
ENSG00000105053,897
ENSG00000276729,0
ENSG00000142528,875
ENSG00000269091,4
ENSG00000204666,0
ENSG00000269540,0
ENSG00000267890,0
ENSG00000204653,36
ENSG00000131409,2882
ENSG00000268231,2
ENSG00000213023,26
ENSG00000235034,8
ENSG00000269565,0
ENSG00000142511,0
ENSG00000142513,7
ENSG00000268375,0
ENSG00000221381,0
ENSG00000221241,0
ENSG00000220988,0
ENSG00000284711,0
ENSG00000180279,0
ENSG00000167748,0
ENSG00000267968,0
ENSG00000267044,0
ENSG00000214049,0
ENSG00000273782,0
ENSG00000273330,0
ENSG00000267235,0
ENSG00000288618,0
ENSG00000267308,0
ENSG00000142065,1090
ENSG00000266973,0
ENSG00000267363,0
ENSG00000181007,830
ENSG00000267142,0
ENSG00000267309,35
ENSG00000267091,0
ENSG00000254004,6597
ENSG00000228629,10
ENSG00000186020,1417
ENSG00000266936,0
ENSG00000276757,0
ENSG00000278643,0
ENSG00000130164,2951
ENSG00000284553,0
ENSG00000275652,0
ENSG00000160396,0
ENSG00000197019,322
ENSG00000277453,4
ENSG00000167565,403
ENSG00000268366,2
ENSG00000277510,0
ENSG00000170848,0
ENSG00000179751,0
ENSG00000187912,0
ENSG00000074219,3297
ENSG00000167646,20
ENSG00000161677,136
ENSG00000237452,0
ENSG00000173976,0
ENSG00000196081,130
ENSG00000012061,1640
ENSG00000123143,2452
ENSG00000198521,1629
ENSG00000105085,89
ENSG00000127445,2861
ENSG00000073050,737
ENSG00000127528,18
ENSG00000065268,1027
ENSG00000269058,0
ENSG00000183709,0
ENSG00000152433,182
ENSG00000184162,281
ENSG00000142453,1395
ENSG00000105227,52
ENSG00000182264,0
ENSG00000105550,0
ENSG00000206758,0
ENSG00000105552,272
ENSG00000087076,463
ENSG00000235191,0
ENSG00000260366,0
ENSG00000104808,0
ENSG00000267898,1
ENSG00000087086,37995
ENSG00000275547,0
ENSG00000267672,0
ENSG00000267360,0
ENSG00000196967,481
ENSG00000267437,0
ENSG00000245680,299
ENSG00000286449,0
ENSG00000276846,22
ENSG00000267682,0
ENSG00000261754,0
ENSG00000271666,0
ENSG00000269086,0
ENSG00000271109,0
ENSG00000270624,0
ENSG00000271171,0
ENSG00000269037,0
ENSG00000280106,22
ENSG00000180884,126
ENSG00000269303,0
ENSG00000271032,0
ENSG00000179066,0
ENSG00000285526,0
ENSG00000284065,0
ENSG00000153902,0
ENSG00000279619,0
ENSG00000221857,0
ENSG00000221946,0
ENSG00000089327,4
ENSG00000266721,0
ENSG00000179115,2026
ENSG00000266975,0
ENSG00000274417,0
ENSG00000267458,0
ENSG00000179262,1557
ENSG00000179271,792
ENSG00000267417,10
ENSG00000267610,0
ENSG00000279044,0
ENSG00000268729,0
ENSG00000180061,0
ENSG00000276831,0
ENSG00000133247,261
ENSG00000160471,2
ENSG00000267706,0
ENSG00000180043,0
ENSG00000095752,254
ENSG00000160472,0
ENSG00000269275,0
ENSG00000233493,0
ENSG00000108107,14481
ENSG00000284029,0
ENSG00000108106,3115
ENSG00000063241,656
ENSG00000279063,0
ENSG00000269859,0
ENSG00000197483,162
ENSG00000090971,1246
ENSG00000179954,225
ENSG00000187550,0
ENSG00000231274,0
ENSG00000218891,583
ENSG00000179943,658
ENSG00000171443,52
ENSG00000276488,17
ENSG00000179922,196
ENSG00000213015,345
ENSG00000171425,761
ENSG00000173581,550
ENSG00000267523,2
ENSG00000267096,4
ENSG00000063245,1724
ENSG00000267117,0
ENSG00000267689,0
ENSG00000268593,0
ENSG00000185792,1
ENSG00000222524,0
ENSG00000229292,0
ENSG00000255238,0
ENSG00000280486,2
ENSG00000248015,0
ENSG00000130005,436
ENSG00000071626,1502
ENSG00000268798,46
ENSG00000267317,39
ENSG00000119559,358
ENSG00000267092,0
ENSG00000239367,0
ENSG00000071655,1356
ENSG00000279009,0
ENSG00000115266,3492
ENSG00000187534,8
ENSG00000013275,3040
ENSG00000187187,356
ENSG00000269069,12
ENSG00000128000,708
ENSG00000269749,0
ENSG00000269296,4
ENSG00000230086,0
ENSG00000188314,0
ENSG00000180926,0
ENSG00000226480,0
ENSG00000196110,461
ENSG00000267510,0
ENSG00000270614,0
ENSG00000198028,44
ENSG00000242411,0
ENSG00000267908,0
ENSG00000267710,5
ENSG00000267298,0
ENSG00000267549,6
ENSG00000200646,0
ENSG00000213014,0
ENSG00000266907,0
ENSG00000267145,0
ENSG00000266932,0
ENSG00000267429,0
ENSG00000267606,0
ENSG00000285996,12
ENSG00000267781,4
ENSG00000267192,31
ENSG00000267454,38
ENSG00000198440,702
ENSG00000080573,186
ENSG00000267650,0
ENSG00000080511,0
ENSG00000266204,0
ENSG00000130813,57
ENSG00000267387,0
ENSG00000243207,0
ENSG00000130810,170
ENSG00000209645,0
ENSG00000238531,0
ENSG00000244165,88
ENSG00000130811,4131
ENSG00000267534,66
ENSG00000264266,0
ENSG00000105364,495
ENSG00000266978,0
ENSG00000267105,0
ENSG00000090339,22
ENSG00000267607,0
ENSG00000105371,0
ENSG00000267303,0
ENSG00000274425,0
ENSG00000269349,0
ENSG00000198482,158
ENSG00000242255,0
ENSG00000268886,0
ENSG00000268970,0
ENSG00000213020,458
ENSG00000198538,956
ENSG00000255875,0
ENSG00000268266,3
ENSG00000268107,0
ENSG00000152439,311
ENSG00000121406,694
ENSG00000083817,480
ENSG00000171649,1285
ENSG00000213762,1672
ENSG00000268392,0
ENSG00000121417,548
ENSG00000269097,0
ENSG00000189164,368
ENSG00000279936,0
ENSG00000196437,793
ENSG00000267115,0
ENSG00000180458,4
ENSG00000267470,54
ENSG00000171817,135
ENSG00000180479,197
ENSG00000267552,0
ENSG00000267319,3
ENSG00000198182,551
ENSG00000267152,8
ENSG00000287496,11
ENSG00000267422,17
ENSG00000171804,0
ENSG00000264423,0
ENSG00000167600,0
ENSG00000167601,1068
ENSG00000269652,0
ENSG00000239868,0
ENSG00000286177,0
ENSG00000142039,961
ENSG00000255730,0
ENSG00000142046,7
ENSG00000123810,144
ENSG00000277744,11
ENSG00000248098,0
ENSG00000268987,0
ENSG00000268475,0
ENSG00000277136,0
ENSG00000204978,0
ENSG00000269181,0
ENSG00000105366,0
ENSG00000268957,0
ENSG00000254521,0
ENSG00000268839,0
ENSG00000269580,0
ENSG00000105492,0
ENSG00000268777,0
ENSG00000269130,0
ENSG00000268267,0
ENSG00000105497,626
ENSG00000269388,10
ENSG00000267808,0
ENSG00000244071,0
ENSG00000243469,0
ENSG00000269959,4
ENSG00000207550,0
ENSG00000198972,0
ENSG00000208008,0
ENSG00000105509,0
ENSG00000171049,0
ENSG00000286236,0
ENSG00000187474,0
ENSG00000268316,0
ENSG00000269483,0
ENSG00000104967,4416
ENSG00000252591,0
ENSG00000279172,0
ENSG00000273654,26
ENSG00000268623,0
ENSG00000243455,0
ENSG00000096996,0
ENSG00000269145,0
ENSG00000268173,1
ENSG00000105647,0
ENSG00000216490,0
ENSG00000254858,560
ENSG00000105649,514
ENSG00000268650,4
ENSG00000285188,0
ENSG00000284797,0
ENSG00000130522,1560
ENSG00000241464,6
ENSG00000130520,3960
ENSG00000130517,3537
ENSG00000175489,0
ENSG00000130511,1323
ENSG00000105655,2047
ENSG00000276270,0
ENSG00000010361,413
ENSG00000269194,0
ENSG00000284114,0
ENSG00000268006,36
ENSG00000268047,2
ENSG00000265954,0
ENSG00000269352,7
ENSG00000039650,516
ENSG00000104973,646
ENSG00000178078,60
ENSG00000204673,2248
ENSG00000159905,104
ENSG00000130733,283
ENSG00000105341,1595
ENSG00000266964,0
ENSG00000198258,2664
ENSG00000072958,1942
ENSG00000115268,22596
ENSG00000007255,574
ENSG00000168661,229
ENSG00000166398,1012
ENSG00000131845,894
ENSG00000213096,3595
ENSG00000196724,126
ENSG00000197951,599
ENSG00000171827,434
ENSG00000126246,10
ENSG00000267120,0
ENSG00000161265,18
ENSG00000205155,208
ENSG00000188223,0
ENSG00000267439,0
ENSG00000267796,28
ENSG00000267328,0
ENSG00000004776,0
ENSG00000267049,0
ENSG00000104903,0
ENSG00000266897,4
ENSG00000269651,0
ENSG00000090661,879
ENSG00000271717,0
ENSG00000167775,899
ENSG00000167774,0
ENSG00000267855,5
ENSG00000233927,5987
ENSG00000268884,0
ENSG00000167772,1
ENSG00000265390,0
ENSG00000185236,2122
ENSG00000268931,0
ENSG00000279827,0
ENSG00000099783,13247
ENSG00000133246,0
ENSG00000133250,226
ENSG00000268618,0
ENSG00000105467,0
ENSG00000105438,8583
ENSG00000105447,1637
ENSG00000182324,1
ENSG00000268530,0
ENSG00000268465,0
ENSG00000287603,0
ENSG00000088002,0
ENSG00000177202,0
ENSG00000063177,26093
ENSG00000268093,0
ENSG00000063176,330
ENSG00000105516,130
ENSG00000063180,436
ENSG00000232871,2
ENSG00000176920,2
ENSG00000176909,16
ENSG00000105518,140
ENSG00000183401,92
ENSG00000173928,25
ENSG00000187266,68
ENSG00000205517,0
ENSG00000198003,18
ENSG00000196361,1433
ENSG00000267477,0
ENSG00000161914,90
ENSG00000213304,0
ENSG00000213303,0
ENSG00000130176,34
ENSG00000249840,0
ENSG00000161609,0
ENSG00000142538,0
ENSG00000104888,0
ENSG00000104872,2457
ENSG00000161618,291
ENSG00000269469,0
ENSG00000090554,0
ENSG00000273189,0
ENSG00000201675,0
ENSG00000199631,0
ENSG00000202503,0
ENSG00000200259,0
ENSG00000142534,59413
ENSG00000200530,0
ENSG00000207782,0
ENSG00000268681,0
ENSG00000104870,607
ENSG00000142552,22
ENSG00000142546,1764
ENSG00000207073,0
ENSG00000126460,6
ENSG00000268636,0
ENSG00000126458,178
ENSG00000126461,2073
ENSG00000126456,540
ENSG00000274306,0
ENSG00000268677,0
ENSG00000169169,1430
ENSG00000243829,22
ENSG00000126467,0
ENSG00000206599,0
ENSG00000267180,0
ENSG00000167625,353
ENSG00000279539,46
ENSG00000105722,1782
ENSG00000167619,68
ENSG00000008382,340
ENSG00000269807,0
ENSG00000267938,0
ENSG00000269318,0
ENSG00000141985,1691
ENSG00000267980,4
ENSG00000167670,1042
ENSG00000267255,0
ENSG00000167671,1701
ENSG00000266437,0
ENSG00000267030,0
ENSG00000280239,6
ENSG00000267769,0
ENSG00000267011,5
ENSG00000167674,2508
ENSG00000214456,25
ENSG00000267385,0
ENSG00000171236,0
ENSG00000267408,0
ENSG00000185361,140
ENSG00000268565,0
ENSG00000269082,0
ENSG00000268282,0
ENSG00000267943,0
ENSG00000268964,0
ENSG00000183207,2159
ENSG00000273898,0
ENSG00000104826,0
ENSG00000267335,0
ENSG00000267019,0
ENSG00000267099,0
ENSG00000267685,0
ENSG00000268669,0
ENSG00000189052,0
ENSG00000269706,0
ENSG00000283663,0
ENSG00000268108,0
ENSG00000268287,0
ENSG00000265675,0
ENSG00000104852,3390
ENSG00000104863,28
ENSG00000221916,20
ENSG00000174677,0
ENSG00000213799,744
ENSG00000203326,96
ENSG00000241069,0
ENSG00000196417,681
ENSG00000239912,6
ENSG00000249435,0
ENSG00000241015,192
ENSG00000287608,0
ENSG00000198346,323
ENSG00000250731,21
ENSG00000241434,0
ENSG00000213777,0
ENSG00000274892,0
ENSG00000269608,0
ENSG00000242668,0
ENSG00000200393,0
ENSG00000270347,0
ENSG00000207645,0
ENSG00000207644,0
ENSG00000221017,0
ENSG00000207869,0
ENSG00000207599,0
ENSG00000207616,0
ENSG00000207810,0
ENSG00000283540,0
ENSG00000207615,0
ENSG00000207788,0
ENSG00000221421,0
ENSG00000207594,0
ENSG00000207580,0
ENSG00000207825,0
ENSG00000207711,0
ENSG00000283455,0
ENSG00000207706,0
ENSG00000207722,0
ENSG00000207862,0
ENSG00000207629,0
ENSG00000207738,0
ENSG00000283490,0
ENSG00000283289,0
ENSG00000207734,0
ENSG00000207981,0
ENSG00000207549,0
ENSG00000251843,0
ENSG00000207735,0
ENSG00000207837,0
ENSG00000207799,0
ENSG00000207925,0
ENSG00000211532,0
ENSG00000207987,0
ENSG00000207803,0
ENSG00000252734,0
ENSG00000283330,0
ENSG00000207946,0
ENSG00000207699,0
ENSG00000207838,0
ENSG00000207861,0
ENSG00000252025,0
ENSG00000207634,0
ENSG00000252191,0
ENSG00000283685,0
ENSG00000207992,0
ENSG00000207979,0
ENSG00000207767,0
ENSG00000221548,0
ENSG00000252063,0
ENSG00000207620,0
ENSG00000269842,0
ENSG00000284362,0
ENSG00000079313,298
ENSG00000267007,0
ENSG00000284216,0
ENSG00000267244,2
ENSG00000267125,0
ENSG00000129911,510
ENSG00000267141,0
ENSG00000267232,0
ENSG00000129968,736
ENSG00000213638,28
ENSG00000133275,1712
ENSG00000180846,0
ENSG00000267283,0
ENSG00000279426,0
ENSG00000181786,0
ENSG00000269244,0
ENSG00000286880,0
ENSG00000130332,3048
ENSG00000099800,1713
ENSG00000176619,3797
ENSG00000283728,0
ENSG00000267201,0
ENSG00000099860,92
ENSG00000267522,0
ENSG00000142409,539
ENSG00000279959,0
ENSG00000167685,456
ENSG00000279794,2
ENSG00000197487,0
ENSG00000224543,49
ENSG00000099797,2565
ENSG00000283822,0
ENSG00000099795,818
ENSG00000243488,0
ENSG00000243066,0
ENSG00000105429,5814
ENSG00000277533,0
ENSG00000105427,0
ENSG00000079435,118
ENSG00000268605,0
ENSG00000189377,0
ENSG00000253048,0
ENSG00000269374,0
ENSG00000079385,0
ENSG00000230558,0
ENSG00000124469,0
ENSG00000233681,0
ENSG00000132002,4432
ENSG00000076826,166
ENSG00000273657,0
ENSG00000076924,926
ENSG00000174788,0
ENSG00000268204,0
ENSG00000269228,0
ENSG00000104918,0
ENSG00000269711,0
ENSG00000181029,70
ENSG00000104921,0
ENSG00000242636,0
ENSG00000268297,0
ENSG00000269763,0
ENSG00000183248,628
ENSG00000268120,0
ENSG00000269153,2
ENSG00000285674,0
ENSG00000171017,0
ENSG00000214248,0
ENSG00000076984,477
ENSG00000268149,0
ENSG00000260500,0
ENSG00000178531,1231
ENSG00000269139,2
ENSG00000104980,1150
ENSG00000269813,0
ENSG00000005206,309
ENSG00000268731,2
ENSG00000213976,0
ENSG00000196268,686
ENSG00000269237,0
ENSG00000268658,9
ENSG00000268705,0
ENSG00000090659,0
ENSG00000104883,2
ENSG00000198723,2
ENSG00000267952,0
ENSG00000198816,247
ENSG00000269371,0
ENSG00000090674,269
ENSG00000268614,0
ENSG00000032444,767
ENSG00000104938,0
ENSG00000011304,10431
ENSG00000142541,83279
ENSG00000249709,3
ENSG00000269693,0
ENSG00000269560,0
ENSG00000230310,0
ENSG00000213290,2
ENSG00000188033,323
ENSG00000173875,1162
ENSG00000178464,769
ENSG00000269242,0
ENSG00000104774,741
ENSG00000269590,0
ENSG00000123154,32
ENSG00000285589,0
ENSG00000105583,0
ENSG00000285583,0
ENSG00000268945,6
ENSG00000283980,0
ENSG00000132004,220
ENSG00000267791,0
ENSG00000209702,0
ENSG00000267004,0
ENSG00000123144,3715
ENSG00000198356,3296
ENSG00000039987,0
ENSG00000263800,0
ENSG00000171223,271
ENSG00000167815,6454
ENSG00000267062,1
ENSG00000104889,2
ENSG00000267424,0
ENSG00000276181,0
ENSG00000267735,0
ENSG00000240616,4
ENSG00000095066,82
ENSG00000074181,6358
ENSG00000275711,0
ENSG00000269635,0
ENSG00000105131,0
ENSG00000270802,0
ENSG00000273218,0
ENSG00000160410,428
ENSG00000090006,169
ENSG00000105245,777
ENSG00000223284,0
ENSG00000123815,556
ENSG00000130313,1243
ENSG00000269161,12
ENSG00000243771,0
ENSG00000142444,223
ENSG00000267469,0
ENSG00000104964,2036
ENSG00000126259,8
ENSG00000105290,4900
ENSG00000243968,0
ENSG00000280194,0
ENSG00000126264,0
ENSG00000011600,0
ENSG00000267582,0
ENSG00000266770,0
ENSG00000267519,6
ENSG00000284387,0
ENSG00000207808,0
ENSG00000207980,0
ENSG00000207613,0
ENSG00000207585,0
ENSG00000132005,242
ENSG00000275091,5
ENSG00000171136,0
ENSG00000267670,0
ENSG00000104998,54
ENSG00000187867,112
ENSG00000228887,16
ENSG00000284081,0
ENSG00000188032,14
ENSG00000105011,1545
ENSG00000240803,0
ENSG00000287254,0
ENSG00000267406,0
ENSG00000130283,0
ENSG00000269694,6
ENSG00000105669,1462
ENSG00000268193,0
ENSG00000105671,1298
ENSG00000051128,480
ENSG00000105329,285
ENSG00000130175,12367
ENSG00000266933,0
ENSG00000141933,39
ENSG00000099804,2162
ENSG00000197540,4
ENSG00000276097,0
ENSG00000176490,1805
ENSG00000267001,0
ENSG00000286460,0
ENSG00000261342,24
ENSG00000141873,527
ENSG00000104969,3424
ENSG00000172009,1361
ENSG00000172006,255
ENSG00000186300,656
ENSG00000267063,0
ENSG00000287766,0
ENSG00000172000,0
ENSG00000267398,0
ENSG00000079999,1324
ENSG00000267197,0
ENSG00000130734,483
ENSG00000238364,0
ENSG00000221410,0
ENSG00000129347,795
ENSG00000129355,302
ENSG00000129354,0
ENSG00000271010,0
ENSG00000129353,4112
ENSG00000213339,412
ENSG00000207972,0
ENSG00000265879,0
ENSG00000207752,0
ENSG00000275640,0
ENSG00000099203,224
ENSG00000214212,3
ENSG00000267544,2
ENSG00000130844,698
ENSG00000105723,1084
ENSG00000268643,0
ENSG00000105732,479
ENSG00000266226,0
ENSG00000259436,0
ENSG00000160570,245
ENSG00000288671,0
ENSG00000241226,0
ENSG00000010310,18
ENSG00000207773,0
ENSG00000283212,0
ENSG00000011478,204
ENSG00000177051,336
ENSG00000279407,132
ENSG00000288669,0
ENSG00000167680,330
ENSG00000197961,1368
ENSG00000197256,1180
ENSG00000261221,195
ENSG00000185198,0
ENSG00000182310,50
ENSG00000167483,0
ENSG00000186272,310
ENSG00000196589,0
ENSG00000126262,0
ENSG00000196684,0
ENSG00000283632,0
ENSG00000126457,12947
ENSG00000079462,1303
ENSG00000161270,0
ENSG00000167635,7898
ENSG00000105287,453
ENSG00000188269,0
ENSG00000130312,608
ENSG00000104818,0
ENSG00000142233,0
ENSG00000104814,0
ENSG00000267291,0
ENSG00000178982,4078
ENSG00000267375,0
ENSG00000182472,0
ENSG00000267892,0
ENSG00000178934,0
ENSG00000207296,0
ENSG00000171747,0
ENSG00000268756,0
ENSG00000125746,162
ENSG00000011451,1800
ENSG00000240846,0
ENSG00000267372,3
ENSG00000279488,0
ENSG00000267755,0
ENSG00000185988,0
ENSG00000160953,465
ENSG00000115255,238
ENSG00000141867,3455
ENSG00000267512,0
ENSG00000104915,1172
ENSG00000160888,396
ENSG00000287296,0
ENSG00000267598,0
ENSG00000213253,20
ENSG00000141837,40
ENSG00000179218,52515
ENSG00000130303,62
ENSG00000282851,4
ENSG00000141971,433
ENSG00000269481,2
ENSG00000254503,0
ENSG00000269053,0
ENSG00000188051,26
ENSG00000269035,0
ENSG00000269736,0
ENSG00000171773,0
ENSG00000105538,4
ENSG00000156413,0
ENSG00000267709,0
ENSG00000130383,3
ENSG00000252539,0
ENSG00000099866,14
ENSG00000172270,29100
ENSG00000105464,298
ENSG00000105523,0
ENSG00000006638,0
ENSG00000226800,0
ENSG00000105298,296
ENSG00000186111,966
ENSG00000267304,0
ENSG00000268189,0
ENSG00000279203,0
ENSG00000105127,878
ENSG00000089351,2031
ENSG00000087903,233
ENSG00000267589,0
ENSG00000267299,0
ENSG00000267415,0
ENSG00000284490,2
ENSG00000130382,3076
ENSG00000267563,0
ENSG00000280394,0
ENSG00000167769,0
ENSG00000269802,0
ENSG00000125656,1036
ENSG00000125652,734
ENSG00000125651,3169
ENSG00000269444,0
ENSG00000274390,0
ENSG00000273758,0
ENSG00000214347,0
ENSG00000284159,0
ENSG00000181240,2
ENSG00000125648,2972
ENSG00000279716,0
ENSG00000267939,24
ENSG00000142449,4
ENSG00000011243,1525
ENSG00000104957,242
ENSG00000037757,215
ENSG00000267633,0
ENSG00000104979,2220
ENSG00000132024,379
ENSG00000131142,8
ENSG00000130377,6
ENSG00000269653,0
ENSG00000268499,0
ENSG00000275132,0
ENSG00000167642,5
ENSG00000167641,4
ENSG00000267748,0
ENSG00000286037,0
ENSG00000200209,0
ENSG00000167645,786
ENSG00000167644,0
ENSG00000174951,0
ENSG00000104907,612
ENSG00000105270,3480
ENSG00000161277,132
ENSG00000280023,0
ENSG00000105258,142
ENSG00000105254,3194
ENSG00000279504,0
ENSG00000126247,8422
ENSG00000270760,0
ENSG00000204604,604
ENSG00000267852,2
ENSG00000075702,476
ENSG00000170906,878
ENSG00000105618,1176
ENSG00000237017,9
ENSG00000105617,286
ENSG00000167608,27
ENSG00000125505,2092
ENSG00000170892,1451
ENSG00000223660,0
ENSG00000170889,25073
ENSG00000224579,0
ENSG00000269524,0
ENSG00000235081,2
ENSG00000244482,0
ENSG00000249189,0
ENSG00000105609,4
ENSG00000212314,0
ENSG00000240296,0
ENSG00000131042,0
ENSG00000264703,0
ENSG00000104880,1471
ENSG00000198077,0
ENSG00000099785,402
ENSG00000189144,81
ENSG00000257103,9914
ENSG00000099875,1886
ENSG00000132026,0
ENSG00000105707,0
ENSG00000188368,183
ENSG00000261341,2
ENSG00000188321,753
ENSG00000125743,7889
ENSG00000171942,0
ENSG00000260001,0
ENSG00000261949,0
ENSG00000179284,14
ENSG00000172519,0
ENSG00000171936,0
ENSG00000237521,0
ENSG00000094661,0
ENSG00000180448,83
ENSG00000186723,0
ENSG00000127515,0
ENSG00000160113,525
ENSG00000105619,329
ENSG00000181781,0
ENSG00000130202,1405
ENSG00000267282,0
ENSG00000130204,1760
ENSG00000130203,289
ENSG00000280087,0
ENSG00000130208,2
ENSG00000267467,0
ENSG00000224916,0
ENSG00000234906,0
ENSG00000267114,0
ENSG00000104853,5206
ENSG00000213293,2
ENSG00000234750,0
ENSG00000188868,26
ENSG00000198342,88
ENSG00000231361,0
ENSG00000268744,0
ENSG00000248406,0
ENSG00000196466,105
ENSG00000268870,0
ENSG00000180855,241
ENSG00000269755,14
ENSG00000234848,0
ENSG00000242852,31
ENSG00000196826,0
ENSG00000236483,6
ENSG00000232579,0
ENSG00000230321,0
ENSG00000234003,0
ENSG00000235686,0
ENSG00000267212,0
ENSG00000105607,578
ENSG00000161860,25
ENSG00000252979,0
ENSG00000237589,0
ENSG00000229000,2
ENSG00000238150,0
ENSG00000269877,0
ENSG00000199031,0
ENSG00000284568,0
ENSG00000199095,0
ENSG00000199143,0
ENSG00000269564,0
ENSG00000228323,0
ENSG00000179820,423
ENSG00000232220,0
ENSG00000126583,7
ENSG00000105605,1386
ENSG00000142408,2598
ENSG00000284583,0
ENSG00000130433,0
ENSG00000276206,0
ENSG00000189068,0
ENSG00000105643,0
ENSG00000105325,984
ENSG00000252408,0
ENSG00000161091,684
ENSG00000267436,0
ENSG00000267231,0
ENSG00000279590,0
ENSG00000266959,4
ENSG00000064961,1331
ENSG00000179855,0
ENSG00000007080,1561
ENSG00000183397,25
ENSG00000268938,0
ENSG00000105701,4692
ENSG00000269191,0
ENSG00000105700,1048
ENSG00000268030,2
ENSG00000268983,0
ENSG00000221983,15126
ENSG00000006016,12
ENSG00000006015,130
ENSG00000105696,174
ENSG00000263490,0
ENSG00000198429,182
ENSG00000196757,247
ENSG00000267179,5
ENSG00000267274,5
ENSG00000197054,12
ENSG00000219665,146
ENSG00000286098,0
ENSG00000252060,0
ENSG00000257355,0
ENSG00000212497,0
ENSG00000252546,0
ENSG00000286132,53
ENSG00000199444,0
ENSG00000132010,40
ENSG00000237273,6
ENSG00000212576,0
ENSG00000213297,0
ENSG00000242615,11
ENSG00000257591,2
ENSG00000242675,0
ENSG00000104892,0
ENSG00000104881,28
ENSG00000117877,99
ENSG00000104884,850
ENSG00000283236,15
ENSG00000268095,18
ENSG00000198093,1849
ENSG00000283285,2
ENSG00000176024,165
ENSG00000256683,219
ENSG00000079805,2900
ENSG00000170929,0
ENSG00000161807,0
ENSG00000275787,0
ENSG00000170920,0
ENSG00000130803,1780
ENSG00000188000,6
ENSG00000267418,0
ENSG00000267775,0
ENSG00000174667,0
ENSG00000079432,1661
ENSG00000166289,28
ENSG00000185385,0
ENSG00000269678,0
ENSG00000104936,422
ENSG00000269419,0
ENSG00000188039,60
ENSG00000269799,0
ENSG00000127511,1206
ENSG00000268743,0
ENSG00000127533,0
ENSG00000160111,205
ENSG00000264250,0
ENSG00000263595,0
ENSG00000268985,0
ENSG00000131351,358
ENSG00000268289,0
ENSG00000269066,0
ENSG00000267778,3
ENSG00000099624,766
ENSG00000288704,4
ENSG00000105711,6
ENSG00000187902,28
ENSG00000277531,562
ENSG00000089356,0
ENSG00000132000,4
ENSG00000283567,0
ENSG00000129946,100
ENSG00000284491,0
ENSG00000181588,1196
ENSG00000223802,211
ENSG00000213030,0
ENSG00000205076,0
ENSG00000170954,367
ENSG00000104848,0
ENSG00000171903,0
ENSG00000178201,14
ENSG00000142235,362
ENSG00000104827,0
ENSG00000105556,430
ENSG00000174652,798
ENSG00000205209,8
ENSG00000172687,1204
ENSG00000105143,12
ENSG00000099331,1799
ENSG00000131848,258
ENSG00000153885,2200
ENSG00000171291,554
ENSG00000105576,4664
ENSG00000167491,3800
ENSG00000160336,730
ENSG00000188283,224
ENSG00000204519,1037
ENSG00000269026,0
ENSG00000179909,485
ENSG00000083814,290
ENSG00000152443,2466
ENSG00000197782,1169
ENSG00000283695,0
ENSG00000269646,0
ENSG00000221874,0
ENSG00000213801,13
ENSG00000180257,346
ENSG00000197937,972
ENSG00000197497,87
ENSG00000268842,0
ENSG00000267809,54
ENSG00000197928,1802
ENSG00000269288,0
ENSG00000196131,0
ENSG00000269758,0
ENSG00000163098,0
ENSG00000170949,1760
ENSG00000178386,65
ENSG00000186026,124
ENSG00000253021,0
ENSG00000267680,185
ENSG00000256294,640
ENSG00000263002,299
ENSG00000287035,0
ENSG00000167380,889
ENSG00000131115,576
ENSG00000279103,42
ENSG00000159915,54
ENSG00000213022,0
ENSG00000129451,0
ENSG00000268739,0
ENSG00000167757,0
ENSG00000186474,0
ENSG00000268906,0
ENSG00000268390,0
ENSG00000167759,0
ENSG00000129437,0
ENSG00000142544,84
ENSG00000268581,0
ENSG00000129450,0
ENSG00000267990,0
ENSG00000168995,0
ENSG00000267895,0
ENSG00000269681,0
ENSG00000268336,0
ENSG00000268652,0
ENSG00000269253,0
ENSG00000105383,0
ENSG00000268595,0
ENSG00000268318,0
ENSG00000269021,0
ENSG00000142549,56
ENSG00000186806,40
ENSG00000267905,0
ENSG00000267984,0
ENSG00000105379,560
ENSG00000269403,0
ENSG00000268520,0
ENSG00000160318,4
ENSG00000105374,0
ENSG00000105370,0
ENSG00000262874,0
ENSG00000268144,0
ENSG00000142512,15
ENSG00000254760,0
ENSG00000255441,5
ENSG00000268711,0
ENSG00000179213,0
ENSG00000213013,0
ENSG00000248385,0
ENSG00000204577,9
ENSG00000240197,0
ENSG00000276758,0
ENSG00000251431,0
ENSG00000234436,0
ENSG00000187116,0
ENSG00000275210,0
ENSG00000249654,0
ENSG00000250507,0
ENSG00000239961,0
ENSG00000167613,0
ENSG00000237955,0
ENSG00000167614,4309
ENSG00000227407,0
ENSG00000268496,4
ENSG00000269873,0
ENSG00000267838,0
ENSG00000235681,8
ENSG00000167615,757
ENSG00000275183,0
ENSG00000167617,20
ENSG00000268866,0
ENSG00000268201,0
ENSG00000278129,570
ENSG00000198131,22
ENSG00000267599,0
ENSG00000267407,0
ENSG00000261400,0
ENSG00000267465,0
ENSG00000267815,0
ENSG00000131398,0
ENSG00000131408,1434
ENSG00000269392,0
ENSG00000142539,0
ENSG00000269404,2
ENSG00000086967,4
ENSG00000142530,30
ENSG00000161671,2531
ENSG00000268854,0
ENSG00000268518,0
ENSG00000152467,25
ENSG00000268660,0
ENSG00000270837,0
ENSG00000176293,2
ENSG00000243642,0
ENSG00000121413,341
ENSG00000181894,393
ENSG00000268293,0
ENSG00000286632,0
ENSG00000269236,0
ENSG00000177191,10
ENSG00000130255,6459
ENSG00000174917,383
ENSG00000167733,266
ENSG00000196365,1771
ENSG00000174898,0
ENSG00000212123,8
ENSG00000267157,0
ENSG00000141994,448
ENSG00000171119,4
ENSG00000267740,0
ENSG00000174886,108
ENSG00000266941,0
ENSG00000267314,0
ENSG00000187650,12
ENSG00000267571,0
ENSG00000167654,1368
ENSG00000266627,0
ENSG00000167657,728
ENSG00000283928,0
ENSG00000167658,126377
ENSG00000206775,0
ENSG00000105229,660
ENSG00000178951,320
ENSG00000268670,0
ENSG00000126934,3595
ENSG00000278007,0
ENSG00000060566,0
ENSG00000077463,312
ENSG00000267736,0
ENSG00000167470,3370
ENSG00000099622,18875
ENSG00000267493,6
ENSG00000228300,175
ENSG00000105610,0
ENSG00000008441,18555
ENSG00000268455,0
ENSG00000240231,2
ENSG00000269320,0
ENSG00000196172,1706
ENSG00000233836,0
ENSG00000269662,2
ENSG00000267924,0
ENSG00000277493,5
ENSG00000287399,2
ENSG00000269289,3
ENSG00000269397,23
ENSG00000269421,2
ENSG00000267190,0
ENSG00000011590,0
ENSG00000268067,0
ENSG00000268407,0
ENSG00000198300,3112
ENSG00000268654,43
ENSG00000274777,0
ENSG00000269699,10
ENSG00000276071,4
ENSG00000189042,683
ENSG00000272333,986
ENSG00000278897,52
ENSG00000196646,645
ENSG00000004777,480
ENSG00000167378,2932
ENSG00000124444,330
ENSG00000226763,0
ENSG00000062822,602
ENSG00000169136,544
ENSG00000095059,9
ENSG00000104885,808
ENSG00000267122,0
ENSG00000104886,1119
ENSG00000221411,0
ENSG00000284129,0
ENSG00000104897,1635
ENSG00000104899,34
ENSG00000284272,0
ENSG00000277759,0
ENSG00000213921,0
ENSG00000276445,79
ENSG00000105202,9929
ENSG00000223547,266
ENSG00000129933,1010
ENSG00000257446,10
ENSG00000237247,0
ENSG00000205718,0
ENSG00000230522,0
ENSG00000130544,136
ENSG00000167414,2
ENSG00000197013,689
ENSG00000160321,0
ENSG00000053501,176
ENSG00000118046,1328
ENSG00000180739,0
ENSG00000142515,0
ENSG00000178980,5910
ENSG00000188227,212
ENSG00000105323,9968
ENSG00000167562,283
ENSG00000198046,1319
ENSG00000105198,0
ENSG00000105146,14
ENSG00000169393,0
ENSG00000126464,1340
ENSG00000197128,2024
ENSG00000171970,4
ENSG00000177045,147
ENSG00000161298,299
ENSG00000197020,1790
ENSG00000007047,998
ENSG00000105048,4
ENSG00000186994,2
ENSG00000204514,658
ENSG00000105472,18
ENSG00000160460,20
ENSG00000105136,501
ENSG00000104783,368
ENSG00000213967,190
ENSG00000188171,411
ENSG00000130518,62
ENSG00000213973,0
ENSG00000197808,564
ENSG00000115286,95
ENSG00000087088,1444
ENSG00000204869,0
ENSG00000267922,0
ENSG00000269729,0
ENSG00000268621,0
ENSG00000268879,0
ENSG00000268460,0
ENSG00000269637,0
ENSG00000269745,0
ENSG00000188293,0
ENSG00000277748,0
ENSG00000269445,0
ENSG00000182315,9
ENSG00000196218,0
ENSG00000224420,8
ENSG00000275395,14
ENSG00000161681,2
ENSG00000181733,0
ENSG00000170923,0
ENSG00000176695,0
ENSG00000204866,36
ENSG00000187135,0
ENSG00000141854,14
ENSG00000170948,0
ENSG00000105737,1429
ENSG00000072071,1955
ENSG00000131864,0
ENSG00000132017,762
ENSG00000269526,0
ENSG00000077009,0
ENSG00000173572,0
ENSG00000182566,0
ENSG00000268764,0
ENSG00000011332,240
ENSG00000099337,0
ENSG00000187556,51
ENSG00000132016,150
ENSG00000130270,0
ENSG00000131943,1026
ENSG00000197110,0
ENSG00000269427,28
ENSG00000214046,1254
ENSG00000269044,173
ENSG00000267904,16
ENSG00000072954,76
ENSG00000099822,55
ENSG00000267036,0
ENSG00000099821,466
ENSG00000261204,0
ENSG00000070388,0
ENSG00000070423,860
ENSG00000267666,0
ENSG00000070404,212
ENSG00000279807,0
ENSG00000273733,0
ENSG00000130173,0
ENSG00000130167,0
ENSG00000105514,522
ENSG00000267576,0
ENSG00000105246,0
ENSG00000280247,0
ENSG00000132003,234
ENSG00000089847,0
ENSG00000288920,1032
ENSG00000130309,2619
ENSG00000267550,0
ENSG00000239524,0
ENSG00000274447,8
ENSG00000125650,64
ENSG00000088247,7869
ENSG00000105520,1220
ENSG00000264910,0
ENSG00000130726,10625
ENSG00000275924,0
ENSG00000130725,2841
ENSG00000130724,1811
ENSG00000167676,2
ENSG00000063169,243
ENSG00000126243,402
ENSG00000267786,0
ENSG00000267113,0
ENSG00000267388,0
ENSG00000205138,144
ENSG00000181392,0
ENSG00000248101,0
ENSG00000028277,50
ENSG00000239382,14
ENSG00000130159,866
ENSG00000077348,492
ENSG00000183019,0
ENSG00000142459,480
ENSG00000066044,8543
ENSG00000130477,1300
ENSG00000269752,0
ENSG00000279300,0
ENSG00000130479,490
ENSG00000268112,0
ENSG00000179913,0
ENSG00000248099,0
ENSG00000267959,0
ENSG00000239821,0
ENSG00000130513,42
ENSG00000264175,0
ENSG00000268199,0
ENSG00000105656,333
ENSG00000279262,0
ENSG00000280121,0
ENSG00000181666,601
ENSG00000105642,10
ENSG00000183647,143
ENSG00000166704,1548
ENSG00000186017,1574
ENSG00000197647,126
ENSG00000131126,0
ENSG00000124466,0
ENSG00000176531,78
ENSG00000105755,175
ENSG00000176472,6
ENSG00000134815,415
ENSG00000105419,1474
ENSG00000118160,28
ENSG00000287896,0
ENSG00000118162,161
ENSG00000105402,1115
ENSG00000279861,0
ENSG00000118156,0
ENSG00000276588,0
ENSG00000179168,36
ENSG00000267090,0
ENSG00000188766,596
ENSG00000189190,12
ENSG00000182986,1595
ENSG00000268480,0
ENSG00000179846,6
ENSG00000228674,0
ENSG00000167754,0
ENSG00000269495,0
ENSG00000167755,0
ENSG00000279676,0
ENSG00000169035,0
ENSG00000179134,3077
ENSG00000125734,937
ENSG00000254415,0
ENSG00000223638,0
ENSG00000105261,0
ENSG00000126251,0
ENSG00000099625,287
ENSG00000213793,173
ENSG00000170909,0
ENSG00000130244,126
ENSG00000161888,445
ENSG00000167749,0
ENSG00000267879,0
ENSG00000269741,0
ENSG00000288731,0
ENSG00000267605,6
ENSG00000268751,0
ENSG00000264515,0
ENSG00000289254,0
ENSG00000288919,0
ENSG00000288790,0
ENSG00000231412,0
ENSG00000289333,0
ENSG00000289115,0
ENSG00000289030,0
ENSG00000233527,90
ENSG00000267262,0
ENSG00000268055,0
ENSG00000269386,52
ENSG00000267698,0
ENSG00000186019,245
ENSG00000289330,0
ENSG00000269439,8
ENSG00000288906,0
ENSG00000288827,30
ENSG00000269416,475
ENSG00000288815,3
ENSG00000288899,67
ENSG00000288770,3
ENSG00000130669,1150
ENSG00000167618,0
ENSG00000213016,0
ENSG00000235181,0
ENSG00000239998,0
ENSG00000269271,0
ENSG00000104974,0
ENSG00000238094,0
ENSG00000104972,0
ENSG00000224730,0
ENSG00000277636,0
ENSG00000242856,0
ENSG00000237323,0
ENSG00000225370,0
ENSG00000186152,0
ENSG00000228790,0
ENSG00000170858,0
ENSG00000242019,0
ENSG00000215765,0
ENSG00000243772,0
ENSG00000242473,0
ENSG00000125498,0
ENSG00000264257,0
ENSG00000167633,0
ENSG00000240403,0
ENSG00000199308,0
ENSG00000186431,0
ENSG00000268734,0
ENSG00000186818,0
ENSG00000105185,1869
ENSG00000105186,638
ENSG00000201388,0
ENSG00000242325,0
ENSG00000242436,0
ENSG00000267557,0
ENSG00000186326,0
ENSG00000213965,185
ENSG00000267567,0
ENSG00000173809,0
ENSG00000267245,0
ENSG00000021488,0
ENSG00000267555,0
ENSG00000201967,0
ENSG00000223060,0
ENSG00000179709,0
ENSG00000171487,3
ENSG00000197213,0
ENSG00000268889,0
ENSG00000213822,0
ENSG00000269553,0
ENSG00000284034,0
ENSG00000126266,0
ENSG00000276980,0
ENSG00000125730,0
ENSG00000224910,0
ENSG00000267626,0
ENSG00000249115,202
ENSG00000126254,1165
ENSG00000105672,4
ENSG00000126267,3788
ENSG00000105668,0
ENSG00000226510,0
ENSG00000102575,0
ENSG00000278617,0
ENSG00000129455,0
ENSG00000175221,1492
ENSG00000207507,0
ENSG00000172232,8
ENSG00000196415,0
ENSG00000268500,0
ENSG00000174562,0
ENSG00000167595,155
ENSG00000267631,0
ENSG00000225950,0
ENSG00000105251,84
ENSG00000167664,2
ENSG00000105255,770
ENSG00000178297,2
ENSG00000129951,1343
ENSG00000198858,876
ENSG00000116014,2
ENSG00000267159,0
ENSG00000197561,0
ENSG00000259242,0
ENSG00000089639,266
ENSG00000105726,1720
ENSG00000181896,194
ENSG00000271283,0
ENSG00000270402,2
ENSG00000105708,362
ENSG00000064547,202
ENSG00000125744,376
ENSG00000213889,16
ENSG00000125741,494
ENSG00000177464,0
ENSG00000284544,0
ENSG00000018869,176
ENSG00000196605,143
ENSG00000197766,12
ENSG00000105639,0
ENSG00000105640,32685
ENSG00000207166,0
ENSG00000279617,0
ENSG00000105641,0
ENSG00000142405,0
ENSG00000289102,14
ENSG00000288953,36
ENSG00000269825,86
ENSG00000197857,408
ENSG00000189430,0
ENSG00000275012,0
ENSG00000022556,0
ENSG00000243494,0
ENSG00000267265,10
ENSG00000088053,0
ENSG00000267149,0
ENSG00000160439,177
ENSG00000189013,0
ENSG00000268238,0
ENSG00000124440,20
ENSG00000199796,0
ENSG00000269124,0
ENSG00000011485,2591
ENSG00000268810,0
ENSG00000169515,1080
ENSG00000189348,0
ENSG00000180532,0
ENSG00000268536,12
ENSG00000141965,112
ENSG00000269604,0
ENSG00000127666,14
ENSG00000267484,0
ENSG00000105355,1219
ENSG00000205784,0
ENSG00000276043,3477
ENSG00000267059,0
ENSG00000127540,363
ENSG00000263409,0
ENSG00000252933,0
ENSG00000171124,0
ENSG00000289539,0
ENSG00000240626,0
ENSG00000277013,0
ENSG00000166359,0
ENSG00000289378,4
ENSG00000130881,1151
ENSG00000267054,0
ENSG00000273420,0
ENSG00000130876,0
ENSG00000267714,0
ENSG00000270212,0
ENSG00000267580,0
ENSG00000267727,0
ENSG00000267296,22
ENSG00000267130,0
ENSG00000243864,0
ENSG00000266899,0
ENSG00000153879,4070
ENSG00000266985,0
ENSG00000232429,0
ENSG00000104904,8676
ENSG00000273734,0
ENSG00000188305,0
ENSG00000288156,0
ENSG00000220008,0
ENSG00000250799,0
ENSG00000229833,37
ENSG00000076944,0
ENSG00000124299,2050
ENSG00000177558,0
ENSG00000262497,0
ENSG00000271366,0
ENSG00000268947,0
ENSG00000288942,0
ENSG00000105698,2395
ENSG00000105697,4
ENSG00000105695,0
ENSG00000105699,22
ENSG00000268034,12
ENSG00000269800,0
ENSG00000268355,0
ENSG00000268027,0
ENSG00000007129,0
ENSG00000280014,0
ENSG00000269266,0
ENSG00000105352,0
ENSG00000268997,0
ENSG00000269354,0
ENSG00000268582,0
ENSG00000007306,0
ENSG00000105388,0
ENSG00000267881,0
ENSG00000086548,0
ENSG00000268833,0
ENSG00000170956,0
ENSG00000269119,10
ENSG00000278239,0
ENSG00000273111,0
ENSG00000142025,0
ENSG00000105372,23156
ENSG00000276926,0
ENSG00000268041,2
ENSG00000105404,83
ENSG00000285505,0
ENSG00000105409,50
ENSG00000105369,8
ENSG00000289748,0
ENSG00000126453,367
ENSG00000259108,0
ENSG00000105612,631
ENSG00000267277,0
ENSG00000202357,0
ENSG00000274713,0
ENSG00000244080,0
ENSG00000130165,2276
ENSG00000105392,2
ENSG00000178928,0
ENSG00000130475,106
ENSG00000072062,3163
ENSG00000289762,0
ENSG00000276030,4
ENSG00000268442,20
ENSG00000171051,0
ENSG00000105397,794
ENSG00000251369,357
ENSG00000259009,0
ENSG00000105398,0
ENSG00000188493,436
ENSG00000077312,1775
ENSG00000261857,0
ENSG00000086544,268
ENSG00000167807,0
ENSG00000268400,0
ENSG00000105613,346
ENSG00000105499,0
ENSG00000269420,0
ENSG00000269534,0
ENSG00000269321,2
ENSG00000185453,244
ENSG00000105483,1136
ENSG00000280353,6
ENSG00000268583,8
ENSG00000268001,96
ENSG00000268186,0
ENSG00000178150,194
ENSG00000105479,0
ENSG00000142227,476
ENSG00000105486,1390
ENSG00000172081,1417
ENSG00000099840,28
ENSG00000239988,0
ENSG00000131944,187
ENSG00000127530,0
ENSG00000115257,12
ENSG00000142396,53
ENSG00000105650,0
ENSG00000204532,0
ENSG00000234465,6
ENSG00000186838,4
ENSG00000204595,0
ENSG00000179873,16
ENSG00000269720,0
ENSG00000228567,0
ENSG00000284638,0
ENSG00000160007,5626
ENSG00000130751,26
ENSG00000130748,398
ENSG00000130749,1883
ENSG00000142230,10707
ENSG00000105327,294
ENSG00000265134,0
ENSG00000284411,0
ENSG00000286669,0
ENSG00000105321,470
ENSG00000257704,106
ENSG00000267858,108
ENSG00000226696,64
ENSG00000267530,0
ENSG00000160877,2694
ENSG00000099341,3732
ENSG00000065000,4434
ENSG00000130812,2
ENSG00000104856,46
ENSG00000104859,326
ENSG00000207003,0
ENSG00000170684,0
ENSG00000267348,5
ENSG00000142252,0
ENSG00000267346,0
ENSG00000104946,641
ENSG00000213024,2069
ENSG00000161652,0
ENSG00000276002,0
ENSG00000063244,5458
ENSG00000130758,191
ENSG00000174521,41
ENSG00000105219,2
ENSG00000105221,3173
ENSG00000205041,12
ENSG00000207631,4
ENSG00000206674,0
ENSG00000160392,238
ENSG00000207281,0
ENSG00000206925,0
ENSG00000279759,16
ENSG00000090013,173
ENSG00000088038,1341
ENSG00000205790,0
ENSG00000287884,0
ENSG00000207630,0
ENSG00000288742,0
ENSG00000289845,0
ENSG00000253392,0
ENSG00000267147,0
ENSG00000268081,0
ENSG00000269072,0
ENSG00000267383,56
ENSG00000225872,21
ENSG00000267339,0
ENSG00000289915,0
ENSG00000289428,42
ENSG00000289246,0
ENSG00000272473,0
ENSG00000290166,0
ENSG00000267191,16
ENSG00000225975,8
ENSG00000269696,37
ENSG00000286125,34
ENSG00000289297,4
ENSG00000267575,248
ENSG00000268119,0
ENSG00000289985,0
ENSG00000289543,0
ENSG00000268038,0
ENSG00000267475,5
ENSG00000213904,14
ENSG00000290008,0
ENSG00000277383,0
ENSG00000267751,18
ENSG00000288837,0
ENSG00000290058,0
ENSG00000266983,10
ENSG00000283103,20
ENSG00000268516,176
ENSG00000290068,0
ENSG00000290070,10
ENSG00000289255,2
ENSG00000267107,0
ENSG00000242779,19
ENSG00000166770,1420
ENSG00000176840,298
ENSG00000232677,1108
ENSG00000226686,2
ENSG00000289471,0
ENSG00000261824,1837
ENSG00000167747,1339
ENSG00000279529,8
ENSG00000268061,41
ENSG00000254887,0
ENSG00000290088,0
ENSG00000267053,0
ENSG00000176593,204
ENSG00000288830,0
ENSG00000130816,2732
ENSG00000130158,154
ENSG00000267082,0
ENSG00000267174,3
ENSG00000099617,176
ENSG00000185761,0
ENSG00000142556,2060
ENSG00000256087,725
ENSG00000275055,30
ENSG00000260160,11
ENSG00000197608,196
ENSG00000270248,10
ENSG00000204611,1139
ENSG00000267827,0
ENSG00000268458,0
ENSG00000243680,0
ENSG00000196267,120
ENSG00000267927,0
ENSG00000274380,0
ENSG00000268015,1
ENSG00000277562,0
ENSG00000207265,0
ENSG00000196214,1215
ENSG00000208002,0
ENSG00000269102,0
ENSG00000198464,642
ENSG00000269535,5
ENSG00000167554,685
ENSG00000221923,346
ENSG00000269834,184
ENSG00000277977,4
ENSG00000167555,665
ENSG00000269776,0
ENSG00000198633,0
ENSG00000288253,0
ENSG00000105568,13969
ENSG00000271049,0
ENSG00000252230,0
ENSG00000268683,0
ENSG00000279971,4
ENSG00000269811,0
ENSG00000279329,0
ENSG00000089335,2683
ENSG00000274104,6
ENSG00000197841,954
ENSG00000153896,249
ENSG00000270281,0
ENSG00000267767,0
ENSG00000270876,2
ENSG00000227392,0
ENSG00000275540,2
ENSG00000286080,0
ENSG00000271499,0
ENSG00000266904,15
ENSG00000287533,0
ENSG00000267581,0
ENSG00000267693,0
ENSG00000081665,547
ENSG00000267481,21
ENSG00000270325,0
ENSG00000256771,2602
ENSG00000270270,5
ENSG00000267565,192
ENSG00000184635,1255
ENSG00000273791,0
ENSG00000274800,0
ENSG00000266916,80
ENSG00000120784,1086
ENSG00000161551,312
ENSG00000269235,10
ENSG00000272395,0
ENSG00000290031,0
ENSG00000269246,4
ENSG00000221957,0
ENSG00000269794,0
ENSG00000182318,235
ENSG00000277588,0
ENSG00000121410,14
ENSG00000268230,0
ENSG00000268895,6
ENSG00000279611,0
ENSG00000174586,21
ENSG00000268049,0
ENSG00000269054,16
ENSG00000252211,0
ENSG00000152475,16
ENSG00000083845,20662
ENSG00000266640,0
ENSG00000269855,0
ENSG00000268307,2
ENSG00000171574,652
ENSG00000232098,170
ENSG00000268543,0
ENSG00000268912,8
ENSG00000131849,338
ENSG00000269473,24
ENSG00000249471,191
ENSG00000083812,220
ENSG00000083838,105
ENSG00000269106,0
ENSG00000083807,47
ENSG00000252334,7
ENSG00000265272,0
ENSG00000273901,0
ENSG00000119574,334
ENSG00000267392,0
ENSG00000205396,0
ENSG00000280412,0
ENSG00000167459,0
ENSG00000267609,0
ENSG00000277766,0
ENSG00000142002,597
ENSG00000283758,0
ENSG00000286024,2
ENSG00000087074,818
ENSG00000161643,0
ENSG00000286138,5
ENSG00000104976,396
ENSG00000127616,10468
ENSG00000099308,723
ENSG00000287001,0
ENSG00000105357,6
ENSG00000289950,0
ENSG00000105664,0
ENSG00000005007,2334
ENSG00000267106,344
ENSG00000105088,2048
ENSG00000227349,0
ENSG00000243130,0
ENSG00000236932,0
ENSG00000242221,0
ENSG00000230529,0
ENSG00000221826,0
ENSG00000124467,0
ENSG00000238092,0
ENSG00000225877,0
ENSG00000231924,0
ENSG00000105443,3060
ENSG00000071564,3748
ENSG00000130402,6746
ENSG00000196961,2779
ENSG00000267450,0
ENSG00000267517,0
ENSG00000167460,22091
ENSG00000279198,42
ENSG00000267373,0
ENSG00000167461,859
ENSG00000269243,0
ENSG00000267310,0
ENSG00000290363,0
ENSG00000281379,0
ENSG00000290384,0
ENSG00000268758,0
ENSG00000290427,0
ENSG00000267343,0
ENSG00000290463,0
ENSG00000268834,0
ENSG00000290507,0
ENSG00000269332,0
ENSG00000290587,0
ENSG00000267623,0
ENSG00000290593,0
ENSG00000269516,0
ENSG00000290595,0
ENSG00000268153,0
ENSG00000290598,0
ENSG00000283269,0
ENSG00000290606,0
ENSG00000283525,0
ENSG00000290609,0
ENSG00000130612,0
ENSG00000290611,0
ENSG00000172148,0
ENSG00000290701,0
ENSG00000225980,0
ENSG00000240225,0
ENSG00000290720,589
ENSG00000123870,8
ENSG00000225868,0
ENSG00000290722,0
ENSG00000283251,0
ENSG00000268864,0
ENSG00000290755,0
ENSG00000214189,0
ENSG00000290812,8
ENSG00000187847,0
ENSG00000290821,0
ENSG00000268849,0
ENSG00000290859,0
ENSG00000197588,0
ENSG00000290915,0
ENSG00000104970,0
ENSG00000290933,0
ENSG00000269118,0
ENSG00000290987,0
ENSG00000196381,0
ENSG00000290988,4
ENSG00000239736,0
ENSG00000267453,0
ENSG00000291059,0
ENSG00000256612,0
ENSG00000291083,0
ENSG00000226025,0
ENSG00000291086,0
ENSG00000267640,0
ENSG00000291089,45
ENSG00000234773,0
ENSG00000291101,0
ENSG00000171101,0
ENSG00000291114,0
ENSG00000214855,0
ENSG00000291128,0
ENSG00000231205,0
ENSG00000291130,0
ENSG00000269001,0
ENSG00000291131,1
ENSG00000167798,0
ENSG00000291164,0
ENSG00000267419,0
ENSG00000291177,1
ENSG00000131401,0
ENSG00000224689,0
ENSG00000291231,0
ENSG00000248257,0
ENSG00000291235,0
ENSG00000289967,0
ENSG00000289037,6
ENSG00000105501,0
ENSG00000240320,0
ENSG00000006659,0
ENSG00000278813,0
ENSG00000105205,0
ENSG00000125740,18
ENSG00000125753,1057
ENSG00000261526,46
ENSG00000227500,2357
ENSG00000267611,0
ENSG00000267725,0
ENSG00000076650,334
ENSG00000245848,5
ENSG00000267223,0
ENSG00000198597,69
ENSG00000289187,0
ENSG00000280061,0
ENSG00000267760,0
ENSG00000197619,589
ENSG00000267260,12
ENSG00000267353,1
ENSG00000267254,94
ENSG00000197863,402
ENSG00000206669,0
ENSG00000185869,102
ENSG00000243297,0
ENSG00000267345,10
ENSG00000251247,472
ENSG00000291239,0
ENSG00000198453,292
ENSG00000290721,0
ENSG00000167766,574
ENSG00000290073,0
ENSG00000270011,0
ENSG00000104812,1596
ENSG00000268655,0
ENSG00000196337,0
ENSG00000177380,243
ENSG00000130528,10
ENSG00000130529,62
ENSG00000269009,0
ENSG00000189001,0
ENSG00000105679,0
ENSG00000236144,110
ENSG00000105677,1343
ENSG00000105675,0
ENSG00000283907,0
ENSG00000291292,0
ENSG00000269151,0
ENSG00000291298,0
ENSG00000290719,0
ENSG00000283108,16
ENSG00000287275,1
ENSG00000278611,28
ENSG00000188629,0
ENSG00000270679,0
ENSG00000267590,8
ENSG00000062370,661
ENSG00000267173,0
ENSG00000267508,350
ENSG00000267188,0
ENSG00000278318,869
ENSG00000176761,6
ENSG00000167384,1084
ENSG00000273777,0
ENSG00000267614,0
ENSG00000290603,0
ENSG00000230666,0
ENSG00000224366,0
ENSG00000216588,0
ENSG00000266903,4
ENSG00000073008,513
ENSG00000283673,0
ENSG00000186567,6
ENSG00000279095,0
ENSG00000213892,0
ENSG00000252200,0
ENSG00000288773,0
ENSG00000069399,22
ENSG00000284258,0
ENSG00000253027,0
ENSG00000236807,0
ENSG00000142273,0
ENSG00000285128,0
ENSG00000187244,54
ENSG00000105223,8844
ENSG00000267673,0
ENSG00000105376,55
ENSG00000161847,522
ENSG00000076662,0
ENSG00000099817,3092
ENSG00000167468,5740
ENSG00000105559,2130
ENSG00000104804,0
ENSG00000105426,9559
ENSG00000104960,1257
ENSG00000291230,0
ENSG00000131400,0
ENSG00000167634,0
ENSG00000131037,172
ENSG00000235974,0
ENSG00000104823,569
ENSG00000268083,0
ENSG00000269688,3
ENSG00000187994,2
ENSG00000269050,0
ENSG00000068903,1134
ENSG00000104825,222
ENSG00000262484,0
ENSG00000104835,17
ENSG00000269547,0
ENSG00000128626,478
ENSG00000269486,6
ENSG00000269190,16
ENSG00000104824,7371
ENSG00000267100,554
ENSG00000129351,14498
ENSG00000141858,1748
ENSG00000267783,0
ENSG00000267169,17
ENSG00000167604,0
ENSG00000289298,0
ENSG00000270164,0
ENSG00000291001,0
ENSG00000076928,474
ENSG00000105204,638
ENSG00000291312,0
ENSG00000220201,10
ENSG00000291145,6
ENSG00000230510,0
ENSG00000245598,12
ENSG00000090372,2260
ENSG00000181027,635
ENSG00000105281,966
ENSG00000275719,0
ENSG00000275862,0
ENSG00000269576,0
ENSG00000269014,0
ENSG00000042753,4328
ENSG00000104805,3562
ENSG00000233270,20
ENSG00000130254,2024
ENSG00000223573,0
ENSG00000215601,0
ENSG00000215603,0
ENSG00000231436,0
ENSG00000225878,0
ENSG00000236435,0
ENSG00000278478,0
ENSG00000258991,0
ENSG00000237048,0
ENSG00000147761,0
ENSG00000224518,0
ENSG00000231988,0
ENSG00000238073,0
ENSG00000275866,0
ENSG00000131538,0
ENSG00000271595,0
ENSG00000183704,0
ENSG00000232927,0
ENSG00000239225,0
ENSG00000277438,0
ENSG00000147753,0
ENSG00000286217,0
ENSG00000259154,0
ENSG00000169789,0
ENSG00000231874,0
ENSG00000273589,0
ENSG00000226061,0
ENSG00000273863,0
ENSG00000228571,0
ENSG00000271375,0
ENSG00000224634,0
ENSG00000285470,0
ENSG00000226092,0
ENSG00000212856,0
ENSG00000228890,0
ENSG00000234620,0
ENSG00000236690,0
ENSG00000273693,0
ENSG00000114374,3767
ENSG00000232235,0
ENSG00000169807,0
ENSG00000234110,0
ENSG00000223422,0
ENSG00000231159,0
ENSG00000225653,0
ENSG00000251618,0
ENSG00000229159,0
ENSG00000228578,0
ENSG00000231411,0
ENSG00000187657,0
ENSG00000275280,0
ENSG00000270242,0
ENSG00000236477,0
ENSG00000129816,0
ENSG00000237997,0
ENSG00000244246,0
ENSG00000234950,0
ENSG00000198692,2298
ENSG00000234583,0
ENSG00000183753,0
ENSG00000225433,0
ENSG00000227166,0
ENSG00000228379,0
ENSG00000235857,0
ENSG00000223955,0
ENSG00000237195,0
ENSG00000237447,0
ENSG00000185700,0
ENSG00000270455,0
ENSG00000229940,0
ENSG00000234385,0
ENSG00000226863,0
ENSG00000212855,0
ENSG00000237968,0
ENSG00000224408,0
ENSG00000233699,0
ENSG00000286009,52
ENSG00000271365,0
ENSG00000259029,0
ENSG00000226223,0
ENSG00000235895,0
ENSG00000286201,0
ENSG00000223744,0
ENSG00000215537,0
ENSG00000230476,0
ENSG00000225840,0
ENSG00000229745,0
ENSG00000227204,0
ENSG00000275828,0
ENSG00000232617,0
ENSG00000225615,0
ENSG00000230663,0
ENSG00000232522,0
ENSG00000234131,0
ENSG00000277519,0
ENSG00000259247,0
ENSG00000224336,0
ENSG00000273731,0
ENSG00000236951,0
ENSG00000215583,0
ENSG00000274162,0
ENSG00000229208,0
ENSG00000129845,0
ENSG00000227444,0
ENSG00000238154,0
ENSG00000233774,0
ENSG00000232475,0
ENSG00000228764,0
ENSG00000232226,0
ENSG00000224567,0
ENSG00000241200,0
ENSG00000228518,0
ENSG00000227447,0
ENSG00000274231,0
ENSG00000286050,10
ENSG00000274502,0
ENSG00000235094,0
ENSG00000278854,0
ENSG00000183385,0
ENSG00000225809,0
ENSG00000237902,0
ENSG00000232419,0
ENSG00000232620,0
ENSG00000226906,0
ENSG00000230025,0
ENSG00000236786,0
ENSG00000232924,0
ENSG00000224075,0
ENSG00000238235,0
ENSG00000274445,0
ENSG00000235649,0
ENSG00000258567,0
ENSG00000236424,0
ENSG00000234179,0
ENSG00000271309,0
ENSG00000229553,0
ENSG00000228240,0
ENSG00000234652,0
ENSG00000218410,0
ENSG00000243643,0
ENSG00000224989,0
ENSG00000131548,0
ENSG00000232029,0
ENSG00000273858,0
ENSG00000227830,0
ENSG00000226529,0
ENSG00000229643,0
ENSG00000274837,0
ENSG00000216777,0
ENSG00000216824,0
ENSG00000275352,0
ENSG00000276829,0
ENSG00000258992,0
ENSG00000228850,0
ENSG00000283076,0
ENSG00000234850,0
ENSG00000224873,0
ENSG00000229234,0
ENSG00000270570,0
ENSG00000237563,0
ENSG00000223517,0
ENSG00000228207,0
ENSG00000224917,0
ENSG00000286187,0
ENSG00000225117,0
ENSG00000215560,0
ENSG00000228411,0
ENSG00000235059,0
ENSG00000244395,0
ENSG00000230727,0
ENSG00000230814,0
ENSG00000229725,0
ENSG00000229236,0
ENSG00000229518,0
ENSG00000232730,0
ENSG00000229308,0
ENSG00000244000,0
ENSG00000232764,0
ENSG00000236131,0
ENSG00000270073,0
ENSG00000227949,0
ENSG00000252900,0
ENSG00000251766,0
ENSG00000252689,0
ENSG00000243980,0
ENSG00000252315,0
ENSG00000252012,0
ENSG00000273966,0
ENSG00000252173,0
ENSG00000251705,0
ENSG00000252289,0
ENSG00000252323,0
ENSG00000169953,0
ENSG00000236429,0
ENSG00000249501,0
ENSG00000228193,0
ENSG00000248573,0
ENSG00000230904,0
ENSG00000238135,0
ENSG00000224151,0
ENSG00000251970,0
ENSG00000238088,0
ENSG00000217179,0
ENSG00000217896,0
ENSG00000185275,4
ENSG00000252766,0
ENSG00000274282,0
ENSG00000234529,0
ENSG00000238191,0
ENSG00000226353,0
ENSG00000275578,0
ENSG00000226449,0
ENSG00000225896,0
ENSG00000224166,0
ENSG00000229129,0
ENSG00000223555,0
ENSG00000235521,0
ENSG00000252513,0
ENSG00000224964,0
ENSG00000226011,0
ENSG00000225740,0
ENSG00000229138,0
ENSG00000224485,0
ENSG00000226116,0
ENSG00000237558,0
ENSG00000233378,0
ENSG00000237616,0
ENSG00000224033,0
ENSG00000230412,0
ENSG00000225895,0
ENSG00000233120,0
ENSG00000252166,0
ENSG00000232744,0
ENSG00000229465,0
ENSG00000231311,0
ENSG00000236599,0
ENSG00000232899,0
ENSG00000229302,0
ENSG00000228945,0
ENSG00000233522,0
ENSG00000278391,0
ENSG00000251953,0
ENSG00000252667,0
ENSG00000249726,0
ENSG00000226362,0
ENSG00000225716,0
ENSG00000229406,0
ENSG00000227494,0
ENSG00000252209,0
ENSG00000249634,0
ENSG00000251510,0
ENSG00000238067,0
ENSG00000233546,0
ENSG00000230377,0
ENSG00000250951,0
ENSG00000230458,0
ENSG00000131007,0
ENSG00000235479,0
ENSG00000249606,0
ENSG00000176728,28
ENSG00000267793,0
ENSG00000260197,20
ENSG00000288049,30
ENSG00000012817,1145
ENSG00000172468,0
ENSG00000176679,0
ENSG00000169800,0
ENSG00000182415,0
ENSG00000233126,0
ENSG00000227251,0
ENSG00000099725,280
ENSG00000252633,0
ENSG00000251996,0
ENSG00000252155,0
ENSG00000252472,0
ENSG00000224953,0
ENSG00000274365,0
ENSG00000233634,0
ENSG00000237701,0
ENSG00000273906,265
ENSG00000232976,0
ENSG00000226270,0
ENSG00000227837,0
ENSG00000278602,0
ENSG00000223978,0
ENSG00000278197,0
ENSG00000230819,0
ENSG00000185894,0
ENSG00000228296,0
ENSG00000205916,0
ENSG00000129873,0
ENSG00000251841,0
ENSG00000184895,0
ENSG00000237659,0
ENSG00000232195,0
ENSG00000286130,4
ENSG00000129824,3919
ENSG00000229163,0
ENSG00000278847,0
ENSG00000067646,1619
ENSG00000233070,0
ENSG00000223600,0
ENSG00000215414,14
ENSG00000224035,0
ENSG00000223915,0
ENSG00000067048,2876
ENSG00000234059,0
ENSG00000183878,656
ENSG00000154620,99
ENSG00000129864,0
ENSG00000187191,0
ENSG00000188120,0
ENSG00000205936,0
ENSG00000251925,0
ENSG00000286744,0
ENSG00000225189,0
ENSG00000230073,0
ENSG00000215540,0
ENSG00000236647,0
ENSG00000099721,0
ENSG00000092377,58
ENSG00000232583,0
ENSG00000205944,0
ENSG00000168757,0
ENSG00000197038,0
ENSG00000275310,0
ENSG00000232808,0
ENSG00000225560,0
ENSG00000229549,0
ENSG00000228383,0
ENSG00000286120,0
ENSG00000188656,0
ENSG00000237802,0
ENSG00000286173,0
ENSG00000228927,0
ENSG00000226555,0
ENSG00000228787,5
ENSG00000242389,0
ENSG00000165246,1553
ENSG00000231535,0
ENSG00000229343,0
ENSG00000232695,0
ENSG00000235511,0
ENSG00000232914,0
ENSG00000223655,0
ENSG00000230854,0
ENSG00000252625,0
ENSG00000227635,0
ENSG00000237546,0
ENSG00000172283,0
ENSG00000227867,0
ENSG00000231716,0
ENSG00000234744,0
ENSG00000233156,0
ENSG00000234888,0
ENSG00000215507,0
ENSG00000235014,0
ENSG00000289705,0
ENSG00000225876,0
ENSG00000251796,0
ENSG00000229238,20
ENSG00000252948,0
ENSG00000233843,0
ENSG00000188399,36
ENSG00000277146,8
ENSG00000129862,0
ENSG00000235451,0
ENSG00000289706,0
ENSG00000226611,0
ENSG00000240438,0
ENSG00000286247,0
ENSG00000225624,0
ENSG00000280969,0
ENSG00000224482,0
ENSG00000216844,0
ENSG00000229551,0
ENSG00000226504,0
ENSG00000254488,0
ENSG00000237427,0
ENSG00000289707,0
ENSG00000232634,0
ENSG00000226918,0
ENSG00000183146,0
ENSG00000236615,0
ENSG00000288057,0
ENSG00000237269,0
ENSG00000169849,0
ENSG00000169811,0
ENSG00000242393,0
ENSG00000228257,0
ENSG00000184991,0
ENSG00000271123,0
ENSG00000226042,0
ENSG00000237023,0
ENSG00000229416,0
ENSG00000230029,0
ENSG00000224169,0
ENSG00000223407,0
ENSG00000226873,0
ENSG00000227915,0
ENSG00000236620,0
ENSG00000224866,0
ENSG00000232424,0
ENSG00000252681,0
ENSG00000232910,0
ENSG00000232845,0
ENSG00000237302,0
ENSG00000169763,0
ENSG00000277930,0
ENSG00000252468,0
ENSG00000231341,0
ENSG00000235001,22
ENSG00000214207,0
ENSG00000278585,0
ENSG00000235175,0
ENSG00000099715,0
ENSG00000225466,0
ENSG00000231540,0
ENSG00000223362,0
ENSG00000231026,0
ENSG00000224571,0
ENSG00000226369,0
ENSG00000280961,0
ENSG00000227871,0
ENSG00000251917,0
ENSG00000231423,0
ENSG00000228465,0
ENSG00000232585,0
ENSG00000234081,0
ENSG00000172352,0
ENSG00000231375,0
ENSG00000237467,0
ENSG00000229250,0
ENSG00000232205,0
ENSG00000235981,0
ENSG00000223698,0
ENSG00000242854,0
ENSG00000230977,0
ENSG00000244231,0
ENSG00000172342,0
ENSG00000284071,0
ENSG00000274234,0
ENSG00000225491,0
ENSG00000224827,0
ENSG00000233740,0
ENSG00000248792,0
ENSG00000279274,0
ENSG00000234399,0
ENSG00000227439,0
ENSG00000224210,0
ENSG00000232003,0
ENSG00000235412,0
ENSG00000183795,0
ENSG00000240566,0
ENSG00000236379,0
ENSG00000274899,0
ENSG00000223641,0
ENSG00000227633,0
ENSG00000279115,0
ENSG00000228786,0
ENSG00000233652,0
ENSG00000233944,0
ENSG00000223636,0
ENSG00000172297,0
ENSG00000278242,0
ENSG00000284380,0
ENSG00000172294,0
ENSG00000240450,0
ENSG00000239304,0
ENSG00000233619,0
ENSG00000197092,0
ENSG00000235583,0
ENSG00000237823,0
ENSG00000229709,0
ENSG00000232064,0
ENSG00000225609,0
ENSG00000270535,0
ENSG00000225287,0
ENSG00000225256,0
ENSG00000223856,0
ENSG00000235004,0
ENSG00000252426,0
ENSG00000231141,0
ENSG00000232614,0
ENSG00000225326,0
ENSG00000223406,0
ENSG00000215506,1
ENSG00000224240,0
ENSG00000227629,0
ENSG00000237917,2
ENSG00000231514,0
ENSG00000172288,0
ENSG00000233803,0
ENSG00000226941,0
ENSG00000238074,0
ENSG00000289826,0
ENSG00000239893,0
ENSG00000242875,0
ENSG00000234414,0
ENSG00000234795,0
ENSG00000290323,0
ENSG00000225516,0
ENSG00000290330,0
ENSG00000234803,0
ENSG00000290332,0
ENSG00000243040,0
ENSG00000290336,0
ENSG00000173357,0
ENSG00000290342,0
ENSG00000236718,0
ENSG00000290344,0
ENSG00000224657,0
ENSG00000290348,0
ENSG00000250204,0
ENSG00000290369,0
ENSG00000274196,0
ENSG00000290373,0
ENSG00000225685,0
ENSG00000290378,0
ENSG00000180910,0
ENSG00000290381,0
ENSG00000224060,0
ENSG00000290435,0
ENSG00000234830,0
ENSG00000290448,0
ENSG00000230066,0
ENSG00000290607,0
ENSG00000242153,0
ENSG00000290716,0
ENSG00000250868,0
ENSG00000290724,0
ENSG00000244646,0
ENSG00000290725,0
ENSG00000282909,0
ENSG00000290726,0
ENSG00000290840,0
ENSG00000227289,0
ENSG00000290841,0
ENSG00000235462,0
ENSG00000290852,0
ENSG00000241859,15
ENSG00000290853,45
ENSG00000223637,0
ENSG00000290954,0
ENSG00000239533,0
ENSG00000291016,0
ENSG00000215580,0
ENSG00000291031,24
ENSG00000278212,0
ENSG00000291032,0
ENSG00000131002,0
ENSG00000291033,966
ENSG00000206159,0
ENSG00000291034,5
ENSG00000231565,0
ENSG00000215270,0
ENSG00000198445,0
ENSG00000279442,0
ENSG00000253460,0
ENSG00000189295,0
ENSG00000220248,0
ENSG00000233995,0
ENSG00000240122,0
ENSG00000235969,0
ENSG00000226444,0
ENSG00000236235,0
ENSG00000230481,0
ENSG00000283633,0
ENSG00000225293,0
ENSG00000283535,0
ENSG00000249288,0
ENSG00000229658,0
ENSG00000272872,0
ENSG00000237358,0
ENSG00000235343,0
ENSG00000288262,0
ENSG00000226474,0
ENSG00000236097,0
ENSG00000259271,0
ENSG00000184624,0
ENSG00000234381,0
ENSG00000229286,0
ENSG00000223875,0
ENSG00000237689,0
ENSG00000283023,0
ENSG00000254264,0
ENSG00000273362,0
ENSG00000267338,0
ENSG00000280341,0
ENSG00000253691,0
ENSG00000249263,0
ENSG00000234121,0
ENSG00000227367,0
ENSG00000271672,0
ENSG00000230471,0
ENSG00000225480,0
ENSG00000226160,0
ENSG00000228122,0
ENSG00000224435,0
ENSG00000237835,0
ENSG00000273244,0
ENSG00000270226,0
ENSG00000279973,0
ENSG00000233866,0
ENSG00000285045,0
ENSG00000287285,0
ENSG00000253481,0
ENSG00000275772,0
ENSG00000099917,698
ENSG00000283047,2
ENSG00000241717,0
ENSG00000211667,0
ENSG00000229770,1
ENSG00000211668,0
ENSG00000288024,0
ENSG00000280025,0
ENSG00000184792,56
ENSG00000279848,0
ENSG00000287034,0
ENSG00000240591,0
ENSG00000231392,0
ENSG00000276400,0
ENSG00000233733,0
ENSG00000236858,12
ENSG00000232530,0
ENSG00000280356,0
ENSG00000185666,20
ENSG00000227880,0
ENSG00000226573,0
ENSG00000231933,0
ENSG00000227813,0
ENSG00000214526,0
ENSG00000223704,0
ENSG00000099985,0
ENSG00000235271,0
ENSG00000185721,4266
ENSG00000235786,0
ENSG00000238195,0
ENSG00000231405,0
ENSG00000234891,0
ENSG00000176635,0
ENSG00000100225,3622
ENSG00000100365,0
ENSG00000235485,2
ENSG00000244625,9
ENSG00000230866,0
ENSG00000198089,128
ENSG00000229169,0
ENSG00000224027,0
ENSG00000100346,0
ENSG00000225971,0
ENSG00000279159,24
ENSG00000100354,3009
ENSG00000214093,0
ENSG00000224404,0
ENSG00000232464,0
ENSG00000279440,0
ENSG00000227117,0
ENSG00000279699,0
ENSG00000175329,0
ENSG00000100294,537
ENSG00000234979,0
ENSG00000234735,0
ENSG00000100170,0
ENSG00000206195,0
ENSG00000236464,0
ENSG00000268812,0
ENSG00000287773,0
ENSG00000176177,0
ENSG00000236054,0
ENSG00000128342,90
ENSG00000215333,0
ENSG00000232346,42
ENSG00000285404,0
ENSG00000235091,0
ENSG00000100307,16
ENSG00000100344,511
ENSG00000286801,0
ENSG00000232050,0
ENSG00000186976,107
ENSG00000287817,16
ENSG00000236867,0
ENSG00000054611,612
ENSG00000183822,0
ENSG00000232897,0
ENSG00000280199,0
ENSG00000281732,0
ENSG00000235154,0
ENSG00000100426,2960
ENSG00000056487,380
ENSG00000227201,8
ENSG00000231801,0
ENSG00000233179,0
ENSG00000224715,0
ENSG00000100316,100775
ENSG00000278881,0
ENSG00000234884,0
ENSG00000075218,1537
ENSG00000184708,1156
ENSG00000214727,0
ENSG00000228807,0
ENSG00000236052,0
ENSG00000234300,2
ENSG00000288540,0
ENSG00000248405,0
ENSG00000226024,0
ENSG00000279494,0
ENSG00000273192,0
ENSG00000188064,1458
ENSG00000100347,2241
ENSG00000229673,0
ENSG00000075234,938
ENSG00000237316,0
ENSG00000236132,0
ENSG00000230922,10
ENSG00000279182,0
ENSG00000236117,0
ENSG00000223730,0
ENSG00000100372,1798
ENSG00000273289,0
ENSG00000100106,793
ENSG00000224192,0
ENSG00000260613,0
ENSG00000228839,12
ENSG00000205634,0
ENSG00000100304,2733
ENSG00000231010,0
ENSG00000286393,0
ENSG00000285722,0
ENSG00000213279,0
ENSG00000287225,0
ENSG00000186654,157
ENSG00000100150,102
ENSG00000235647,0
ENSG00000205632,0
ENSG00000198355,457
ENSG00000093000,5156
ENSG00000277232,14
ENSG00000205593,244
ENSG00000130638,12058
ENSG00000279345,2
ENSG00000280312,0
ENSG00000279597,0
ENSG00000279712,4
ENSG00000225676,0
ENSG00000279833,2
ENSG00000280224,0
ENSG00000100422,6422
ENSG00000100239,1046
ENSG00000238192,0
ENSG00000183530,5037
ENSG00000188636,7360
ENSG00000241990,0
ENSG00000279954,0
ENSG00000133477,18
ENSG00000235347,0
ENSG00000280424,0
ENSG00000226954,0
ENSG00000229409,0
ENSG00000100362,0
ENSG00000182858,205
ENSG00000100321,516
ENSG00000279642,0
ENSG00000100095,577
ENSG00000279175,0
ENSG00000100360,381
ENSG00000286381,0
ENSG00000100311,50
ENSG00000186732,0
ENSG00000273243,7
ENSG00000138964,0
ENSG00000224856,10
ENSG00000182257,0
ENSG00000233574,0
ENSG00000100290,0
ENSG00000278890,0
ENSG00000100271,614
ENSG00000235111,0
ENSG00000285623,0
ENSG00000286485,4
ENSG00000280216,30
ENSG00000226741,0
ENSG00000130943,68
ENSG00000229275,0
ENSG00000236611,0
ENSG00000100124,750
ENSG00000227009,0
ENSG00000100300,600
ENSG00000280434,2
ENSG00000226142,0
ENSG00000223726,0
ENSG00000230769,0
ENSG00000212939,0
ENSG00000230319,32
ENSG00000236272,0
ENSG00000279933,0
ENSG00000236079,0
ENSG00000237387,0
ENSG00000187012,0
ENSG00000280445,0
ENSG00000279914,0
ENSG00000213888,119
ENSG00000172404,2
ENSG00000231369,20
ENSG00000234892,0
ENSG00000253590,0
ENSG00000233603,0
ENSG00000224003,0
ENSG00000273145,2
ENSG00000228194,0
ENSG00000224794,0
ENSG00000100105,3213
ENSG00000231711,0
ENSG00000223843,0
ENSG00000138944,256
ENSG00000203527,0
ENSG00000232655,0
ENSG00000280011,0
ENSG00000196236,655
ENSG00000183579,2432
ENSG00000220702,0
ENSG00000100266,1629
ENSG00000285855,0
ENSG00000280080,0
ENSG00000285707,0
ENSG00000278960,0
ENSG00000276138,0
ENSG00000276871,0
ENSG00000278188,0
ENSG00000277248,0
ENSG00000280263,0
ENSG00000252267,0
ENSG00000222585,0
ENSG00000200443,0
ENSG00000206615,0
ENSG00000223056,0
ENSG00000242251,0
ENSG00000252909,0
ENSG00000201209,0
ENSG00000199248,0
ENSG00000199797,0
ENSG00000276162,0
ENSG00000266533,0
ENSG00000275818,0
ENSG00000284082,0
ENSG00000277771,0
ENSG00000209482,0
ENSG00000276753,0
ENSG00000209480,0
ENSG00000263764,0
ENSG00000223142,0
ENSG00000266887,0
ENSG00000266508,0
ENSG00000264139,0
ENSG00000251890,0
ENSG00000266594,0
ENSG00000273979,0
ENSG00000200683,0
ENSG00000201078,0
ENSG00000231467,0
ENSG00000230120,0
ENSG00000275656,0
ENSG00000254127,0
ENSG00000242082,0
ENSG00000214076,0
ENSG00000273325,0
ENSG00000234626,0
ENSG00000128276,0
ENSG00000271093,0
ENSG00000205853,8
ENSG00000274617,0
ENSG00000274170,0
ENSG00000230736,4
ENSG00000243519,0
ENSG00000241954,0
ENSG00000232218,0
ENSG00000100220,5048
ENSG00000128245,6672
ENSG00000227519,0
ENSG00000240647,0
ENSG00000128254,22
ENSG00000230203,0
ENSG00000128203,70
ENSG00000100104,701
ENSG00000100109,922
ENSG00000221760,0
ENSG00000213707,159
ENSG00000286326,0
ENSG00000100122,0
ENSG00000196431,0
ENSG00000252412,4
ENSG00000287236,2
ENSG00000235237,0
ENSG00000133466,1340
ENSG00000278195,0
ENSG00000226233,0
ENSG00000187045,2
ENSG00000230712,0
ENSG00000215464,0
ENSG00000100014,1117
ENSG00000258555,0
ENSG00000128271,20
ENSG00000178803,0
ENSG00000100024,0
ENSG00000228923,0
ENSG00000100028,1775
ENSG00000286070,0
ENSG00000178026,78
ENSG00000100031,2
ENSG00000230947,0
ENSG00000215481,0
ENSG00000284233,0
ENSG00000284070,2
ENSG00000224124,0
ENSG00000224806,0
ENSG00000224334,2
ENSG00000237601,0
ENSG00000182351,0
ENSG00000219438,842
ENSG00000100030,11074
ENSG00000100330,536
ENSG00000133454,2
ENSG00000228599,0
ENSG00000284431,2
ENSG00000100359,0
ENSG00000229999,6
ENSG00000272834,0
ENSG00000227413,0
ENSG00000232564,0
ENSG00000172912,0
ENSG00000230071,0
ENSG00000231907,0
ENSG00000264661,0
ENSG00000237977,45
ENSG00000235989,4
ENSG00000133422,2650
ENSG00000276664,0
ENSG00000276057,0
ENSG00000276965,0
ENSG00000275307,0
ENSG00000269987,0
ENSG00000269972,0
ENSG00000278008,0
ENSG00000182824,0
ENSG00000239989,0
ENSG00000234764,0
ENSG00000161103,2
ENSG00000215544,0
ENSG00000276095,0
ENSG00000279987,0
ENSG00000183628,8
ENSG00000283809,0
ENSG00000284294,0
ENSG00000280418,0
ENSG00000283583,0
ENSG00000237517,0
ENSG00000271275,0
ENSG00000283366,0
ENSG00000270393,0
ENSG00000241527,0
ENSG00000206739,8
ENSG00000273311,20
ENSG00000237347,0
ENSG00000281530,0
ENSG00000184983,3186
ENSG00000270083,7
ENSG00000237037,52
ENSG00000213790,10
ENSG00000227370,0
ENSG00000232710,0
ENSG00000281538,0
ENSG00000226450,0
ENSG00000182057,24
ENSG00000230107,14
ENSG00000189306,788
ENSG00000100246,615
ENSG00000221890,840
ENSG00000183741,2560
ENSG00000288106,11
ENSG00000235209,0
ENSG00000128383,0
ENSG00000179750,92
ENSG00000249310,0
ENSG00000244509,120
ENSG00000284554,0
ENSG00000128394,0
ENSG00000259421,0
ENSG00000239713,0
ENSG00000100324,578
ENSG00000128268,622
ENSG00000227188,0
ENSG00000100335,3814
ENSG00000285025,0
ENSG00000187051,1012
ENSG00000228045,0
ENSG00000286195,0
ENSG00000182902,189
ENSG00000236754,0
ENSG00000131100,4172
ENSG00000099968,3304
ENSG00000264757,0
ENSG00000269220,0
ENSG00000243156,786
ENSG00000093100,0
ENSG00000286990,0
ENSG00000207780,0
ENSG00000235445,0
ENSG00000234913,0
ENSG00000237446,0
ENSG00000225335,19
ENSG00000236890,0
ENSG00000235617,0
ENSG00000225225,0
ENSG00000286508,0
ENSG00000225929,0
ENSG00000100312,0
ENSG00000254499,0
ENSG00000213683,4
ENSG00000231253,0
ENSG00000228622,0
ENSG00000233632,0
ENSG00000230741,0
ENSG00000266012,0
ENSG00000253007,0
ENSG00000281295,0
ENSG00000232081,0
ENSG00000224973,0
ENSG00000100416,760
ENSG00000230634,0
ENSG00000234869,0
ENSG00000075240,891
ENSG00000232073,0
ENSG00000273082,0
ENSG00000075275,1777
ENSG00000015475,1944
ENSG00000100234,7300
ENSG00000184164,1048
ENSG00000188677,3
ENSG00000236831,0
ENSG00000237299,0
ENSG00000235759,0
ENSG00000233408,0
ENSG00000215268,0
ENSG00000213727,0
ENSG00000230643,0
ENSG00000276800,0
ENSG00000183506,148
ENSG00000252143,0
ENSG00000222352,0
ENSG00000275293,0
ENSG00000100403,3094
ENSG00000167074,594
ENSG00000199865,0
ENSG00000273424,0
ENSG00000183864,2830
ENSG00000100410,1476
ENSG00000100413,914
ENSG00000100417,502
ENSG00000100418,1911
ENSG00000196419,25532
ENSG00000200332,0
ENSG00000100138,6049
ENSG00000285531,28
ENSG00000207457,0
ENSG00000184208,605
ENSG00000231261,0
ENSG00000252603,0
ENSG00000266503,0
ENSG00000100209,479
ENSG00000183765,766
ENSG00000232926,0
ENSG00000093010,16
ENSG00000284031,0
ENSG00000099889,856
ENSG00000183597,107
ENSG00000208023,0
ENSG00000236540,23
ENSG00000268292,0
ENSG00000277950,0
ENSG00000284140,0
ENSG00000284464,0
ENSG00000243762,0
ENSG00000278278,0
ENSG00000099901,7045
ENSG00000264346,0
ENSG00000099904,424
ENSG00000234409,5
ENSG00000233471,0
ENSG00000287146,0
ENSG00000100084,186
ENSG00000244296,0
ENSG00000185065,32
ENSG00000070010,1748
ENSG00000273300,0
ENSG00000273212,0
ENSG00000093009,914
ENSG00000287652,0
ENSG00000281548,0
ENSG00000230485,0
ENSG00000225007,0
ENSG00000184702,13
ENSG00000284874,0
ENSG00000203618,0
ENSG00000185838,27
ENSG00000235776,40
ENSG00000215012,901
ENSG00000249923,0
ENSG00000040608,52
ENSG00000221039,0
ENSG00000161132,4
ENSG00000128185,906
ENSG00000273343,1
ENSG00000184470,4
ENSG00000073146,2
ENSG00000280395,0
ENSG00000073150,88
ENSG00000170638,299
ENSG00000273188,0
ENSG00000273253,36
ENSG00000272836,12
ENSG00000273137,0
ENSG00000128159,325
ENSG00000100429,0
ENSG00000188130,420
ENSG00000185386,210
ENSG00000242259,1397
ENSG00000167077,0
ENSG00000206813,0
ENSG00000184068,39
ENSG00000198911,11466
ENSG00000207932,0
ENSG00000159958,4
ENSG00000283829,0
ENSG00000100162,709
ENSG00000224883,1
ENSG00000183066,0
ENSG00000215347,0
ENSG00000198951,824
ENSG00000286659,8
ENSG00000177096,10
ENSG00000238498,0
ENSG00000100147,563
ENSG00000238584,0
ENSG00000100281,2428
ENSG00000273176,0
ENSG00000266320,0
ENSG00000274280,0
ENSG00000282602,0
ENSG00000282041,0
ENSG00000100297,2054
ENSG00000100292,278
ENSG00000138867,1932
ENSG00000166862,0
ENSG00000100191,0
ENSG00000133424,654
ENSG00000241484,0
ENSG00000100298,2
ENSG00000215403,0
ENSG00000185264,0
ENSG00000128309,1246
ENSG00000279738,47
ENSG00000207227,0
ENSG00000278948,43
ENSG00000128346,74
ENSG00000272582,14
ENSG00000100142,2603
ENSG00000284289,0
ENSG00000284266,0
ENSG00000222044,0
ENSG00000273214,0
ENSG00000100151,105
ENSG00000233739,0
ENSG00000272720,0
ENSG00000279080,0
ENSG00000128298,0
ENSG00000161179,140
ENSG00000161180,0
ENSG00000273342,0
ENSG00000128228,308
ENSG00000212102,0
ENSG00000283871,0
ENSG00000284630,3
ENSG00000284651,0
ENSG00000284654,0
ENSG00000284621,0
ENSG00000272954,0
ENSG00000100023,785
ENSG00000100027,618
ENSG00000286365,0
ENSG00000244671,0
ENSG00000286127,0
ENSG00000287446,1
ENSG00000185252,984
ENSG00000207343,0
ENSG00000277971,0
ENSG00000099910,542
ENSG00000215493,6
ENSG00000255156,0
ENSG00000201916,0
ENSG00000242876,0
ENSG00000236670,0
ENSG00000236003,0
ENSG00000133433,2
ENSG00000228039,0
ENSG00000099974,2
ENSG00000272787,0
ENSG00000224205,0
ENSG00000250470,0
ENSG00000235689,0
ENSG00000099991,2745
ENSG00000232545,0
ENSG00000177993,0
ENSG00000183762,1511
ENSG00000226772,0
ENSG00000200871,0
ENSG00000251952,0
ENSG00000186998,216
ENSG00000100263,369
ENSG00000237015,2
ENSG00000100276,0
ENSG00000273216,0
ENSG00000280968,0
ENSG00000239127,0
ENSG00000242156,1
ENSG00000278292,0
ENSG00000225465,25
ENSG00000100285,137
ENSG00000282816,0
ENSG00000100296,1315
ENSG00000234208,0
ENSG00000184117,7434
ENSG00000186575,1794
ENSG00000233010,0
ENSG00000232396,0
ENSG00000100314,0
ENSG00000100319,172
ENSG00000200976,0
ENSG00000287967,0
ENSG00000184076,965
ENSG00000239282,0
ENSG00000248751,0
ENSG00000099992,78
ENSG00000099995,6794
ENSG00000099999,287
ENSG00000100003,339
ENSG00000249590,0
ENSG00000273350,4
ENSG00000222915,0
ENSG00000272689,12
ENSG00000242114,2
ENSG00000273428,0
ENSG00000230137,0
ENSG00000100012,0
ENSG00000181123,0
ENSG00000214161,0
ENSG00000133488,0
ENSG00000225774,0
ENSG00000128242,0
ENSG00000100029,4045
ENSG00000223831,0
ENSG00000099958,31
ENSG00000251357,0
ENSG00000279467,0
ENSG00000244425,25
ENSG00000240972,0
ENSG00000273295,14
ENSG00000225282,0
ENSG00000206090,0
ENSG00000231271,0
ENSG00000099994,38
ENSG00000233080,0
ENSG00000273068,0
ENSG00000238153,0
ENSG00000100284,648
ENSG00000224279,0
ENSG00000230912,0
ENSG00000287219,0
ENSG00000100216,4736
ENSG00000229598,0
ENSG00000244491,0
ENSG00000230149,0
ENSG00000273096,0
ENSG00000225450,0
ENSG00000272669,8
ENSG00000273076,0
ENSG00000100197,6
ENSG00000100427,10576
ENSG00000196576,4859
ENSG00000227484,0
ENSG00000223461,0
ENSG00000272682,0
ENSG00000231086,0
ENSG00000100056,518
ENSG00000206203,0
ENSG00000063515,0
ENSG00000100075,3102
ENSG00000280007,2
ENSG00000187979,0
ENSG00000276160,0
ENSG00000274044,0
ENSG00000276874,0
ENSG00000275060,0
ENSG00000183785,0
ENSG00000239900,436
ENSG00000237472,0
ENSG00000223679,0
ENSG00000100218,45
ENSG00000128266,861
ENSG00000283438,0
ENSG00000275635,15
ENSG00000186716,2352
ENSG00000236794,0
ENSG00000240160,0
ENSG00000230701,0
ENSG00000288683,0
ENSG00000100116,430
ENSG00000128310,0
ENSG00000284197,0
ENSG00000207696,0
ENSG00000100129,15819
ENSG00000100139,1070
ENSG00000100412,3985
ENSG00000100280,2601
ENSG00000185608,594
ENSG00000100033,2
ENSG00000233577,0
ENSG00000285968,0
ENSG00000285690,0
ENSG00000206066,0
ENSG00000230637,0
ENSG00000231466,0
ENSG00000272942,0
ENSG00000272798,0
ENSG00000271138,0
ENSG00000277872,0
ENSG00000272977,58
ENSG00000243811,0
ENSG00000215193,1746
ENSG00000099937,0
ENSG00000099940,1394
ENSG00000272600,0
ENSG00000099942,9304
ENSG00000285314,0
ENSG00000184436,421
ENSG00000284060,0
ENSG00000226872,0
ENSG00000207575,0
ENSG00000249680,0
ENSG00000284665,0
ENSG00000100207,1264
ENSG00000288719,0
ENSG00000279652,0
ENSG00000279927,0
ENSG00000279217,0
ENSG00000279714,0
ENSG00000279805,0
ENSG00000233764,0
ENSG00000231576,6
ENSG00000237948,1
ENSG00000225557,0
ENSG00000237129,0
ENSG00000229088,0
ENSG00000100336,2766
ENSG00000099954,1566
ENSG00000229492,0
ENSG00000232305,0
ENSG00000183773,14
ENSG00000100258,798
ENSG00000025770,854
ENSG00000284194,1
ENSG00000272821,0
ENSG00000025708,0
ENSG00000273272,0
ENSG00000272666,0
ENSG00000130487,0
ENSG00000217442,26
ENSG00000205560,0
ENSG00000254413,0
ENSG00000100288,0
ENSG00000205559,95
ENSG00000272940,0
ENSG00000008735,520
ENSG00000100299,370
ENSG00000206140,0
ENSG00000100228,855
ENSG00000189060,22
ENSG00000184113,28
ENSG00000184949,72
ENSG00000183246,0
ENSG00000100249,0
ENSG00000200985,0
ENSG00000225544,0
ENSG00000100034,1172
ENSG00000224086,74
ENSG00000100038,4
ENSG00000253239,0
ENSG00000211637,0
ENSG00000254355,0
ENSG00000278657,0
ENSG00000249333,0
ENSG00000211642,0
ENSG00000253794,0
ENSG00000228161,0
ENSG00000253874,0
ENSG00000254075,0
ENSG00000254161,0
ENSG00000253242,0
ENSG00000253752,0
ENSG00000253823,0
ENSG00000275361,0
ENSG00000211638,0
ENSG00000225741,0
ENSG00000263366,0
ENSG00000236118,0
ENSG00000233720,0
ENSG00000211639,0
ENSG00000227710,0
ENSG00000224465,0
ENSG00000254308,0
ENSG00000253637,0
ENSG00000236323,0
ENSG00000211640,0
ENSG00000253126,0
ENSG00000211641,0
ENSG00000253935,0
ENSG00000228050,0
ENSG00000234726,0
ENSG00000169575,0
ENSG00000279278,8
ENSG00000274422,96
ENSG00000234630,0
ENSG00000286129,9
ENSG00000272779,6
ENSG00000211643,0
ENSG00000211644,0
ENSG00000211645,0
ENSG00000225724,0
ENSG00000223350,0
ENSG00000232515,0
ENSG00000211647,0
ENSG00000211648,0
ENSG00000237428,0
ENSG00000211649,0
ENSG00000232603,0
ENSG00000211650,0
ENSG00000211651,0
ENSG00000211652,0
ENSG00000254175,0
ENSG00000254073,0
ENSG00000253818,0
ENSG00000211653,0
ENSG00000224144,0
ENSG00000253889,0
ENSG00000211654,0
ENSG00000211655,0
ENSG00000230821,0
ENSG00000253631,0
ENSG00000226595,0
ENSG00000187860,56
ENSG00000177989,0
ENSG00000234965,4
ENSG00000172967,0
ENSG00000100221,2309
ENSG00000233157,0
ENSG00000180150,0
ENSG00000261251,0
ENSG00000130540,70
ENSG00000100341,0
ENSG00000100345,9097
ENSG00000233388,0
ENSG00000273044,0
ENSG00000100302,8
ENSG00000198125,2
ENSG00000268818,0
ENSG00000221963,32
ENSG00000228587,0
ENSG00000226336,0
ENSG00000128313,0
ENSG00000237406,0
ENSG00000128335,407
ENSG00000278420,0
ENSG00000287269,6
ENSG00000223695,0
ENSG00000237668,2
ENSG00000214491,0
ENSG00000206069,0
ENSG00000197077,1150
ENSG00000279085,0
ENSG00000279548,0
ENSG00000279006,0
ENSG00000279110,0
ENSG00000203280,0
ENSG00000271181,0
ENSG00000100053,0
ENSG00000236641,0
ENSG00000244752,0
ENSG00000279298,0
ENSG00000128272,5724
ENSG00000100368,0
ENSG00000100077,544
ENSG00000100206,16
ENSG00000100380,22538
ENSG00000073169,155
ENSG00000159307,2468
ENSG00000244486,333
ENSG00000130538,0
ENSG00000133460,189
ENSG00000215568,0
ENSG00000100154,3680
ENSG00000276950,0
ENSG00000100167,5059
ENSG00000184459,6
ENSG00000100379,801
ENSG00000128165,36
ENSG00000100253,0
ENSG00000100241,2946
ENSG00000079974,1091
ENSG00000272858,2
ENSG00000224256,0
ENSG00000283990,0
ENSG00000284175,0
ENSG00000284520,0
ENSG00000186951,335
ENSG00000280384,0
ENSG00000205643,200
ENSG00000183569,18
ENSG00000202058,4
ENSG00000251913,0
ENSG00000276027,0
ENSG00000270022,3
ENSG00000249222,2
ENSG00000289517,6
ENSG00000183172,1242
ENSG00000128274,0
ENSG00000200448,0
ENSG00000234009,78
ENSG00000229608,0
ENSG00000274717,0
ENSG00000242247,2997
ENSG00000226989,0
ENSG00000100243,1063
ENSG00000252225,0
ENSG00000228719,0
ENSG00000100348,2442
ENSG00000100350,1782
ENSG00000100353,8536
ENSG00000188078,0
ENSG00000229971,0
ENSG00000261675,0
ENSG00000100242,834
ENSG00000184571,0
ENSG00000100425,1397
ENSG00000241878,448
ENSG00000128253,0
ENSG00000099957,96
ENSG00000100156,0
ENSG00000288754,46
ENSG00000289160,0
ENSG00000230051,0
ENSG00000289564,0
ENSG00000288861,0
ENSG00000288777,0
ENSG00000273203,0
ENSG00000183307,646
ENSG00000273442,0
ENSG00000177663,436
ENSG00000235328,12
ENSG00000069998,1322
ENSG00000228274,9
ENSG00000100211,925
ENSG00000128284,4
ENSG00000212569,0
ENSG00000251322,348
ENSG00000206841,0
ENSG00000100320,9129
ENSG00000099998,0
ENSG00000225098,0
ENSG00000188263,0
ENSG00000185651,8464
ENSG00000236325,0
ENSG00000203416,0
ENSG00000241832,0
ENSG00000231004,0
ENSG00000239547,0
ENSG00000093072,18
ENSG00000188280,0
ENSG00000235578,0
ENSG00000287864,0
ENSG00000225413,0
ENSG00000280623,8
ENSG00000224277,0
ENSG00000128322,0
ENSG00000272733,0
ENSG00000278655,0
ENSG00000189269,0
ENSG00000275609,0
ENSG00000211683,0
ENSG00000244723,0
ENSG00000197210,0
ENSG00000239511,0
ENSG00000224688,0
ENSG00000215498,0
ENSG00000234503,0
ENSG00000187905,0
ENSG00000100227,0
ENSG00000250261,0
ENSG00000276427,0
ENSG00000238125,0
ENSG00000229107,0
ENSG00000235062,0
ENSG00000241973,1656
ENSG00000226885,0
ENSG00000229266,0
ENSG00000169662,0
ENSG00000206142,0
ENSG00000237407,0
ENSG00000232771,0
ENSG00000279920,0
ENSG00000226534,0
ENSG00000273846,0
ENSG00000200057,0
ENSG00000252020,0
ENSG00000275840,0
ENSG00000169635,266
ENSG00000283145,0
ENSG00000238875,0
ENSG00000226085,30
ENSG00000100351,0
ENSG00000225528,0
ENSG00000286025,0
ENSG00000235568,34
ENSG00000275004,546
ENSG00000169548,8
ENSG00000185686,0
ENSG00000220891,0
ENSG00000253120,0
ENSG00000211656,0
ENSG00000211657,0
ENSG00000253920,0
ENSG00000253329,0
ENSG00000215456,0
ENSG00000286941,0
ENSG00000100121,0
ENSG00000253338,0
ENSG00000253451,0
ENSG00000211658,0
ENSG00000253913,0
ENSG00000253779,0
ENSG00000211659,0
ENSG00000232350,0
ENSG00000223999,0
ENSG00000253822,0
ENSG00000211660,0
ENSG00000253546,0
ENSG00000211661,0
ENSG00000211662,0
ENSG00000254240,0
ENSG00000211663,0
ENSG00000278667,0
ENSG00000211664,0
ENSG00000253152,0
ENSG00000211665,0
ENSG00000253786,0
ENSG00000211666,0
ENSG00000070413,2614
ENSG00000100226,3519
ENSG00000250479,67
ENSG00000099953,143
ENSG00000100325,1003
ENSG00000207455,0
ENSG00000252859,0
ENSG00000232754,0
ENSG00000215771,2
ENSG00000100395,879
ENSG00000235513,42
ENSG00000100399,75
ENSG00000274552,0
ENSG00000100146,0
ENSG00000185022,136
ENSG00000198792,1436
ENSG00000235246,0
ENSG00000241693,0
ENSG00000277385,0
ENSG00000213923,2090
ENSG00000229955,8
ENSG00000100036,76
ENSG00000167065,44
ENSG00000250318,10
ENSG00000288153,0
ENSG00000185339,744
ENSG00000128285,20
ENSG00000253352,10068
ENSG00000100385,0
ENSG00000235295,0
ENSG00000184979,94
ENSG00000100099,958
ENSG00000100083,684
ENSG00000100092,4
ENSG00000285304,0
ENSG00000233360,0
ENSG00000241333,0
ENSG00000100097,1046
ENSG00000273899,14
ENSG00000100101,0
ENSG00000184381,277
ENSG00000283900,0
ENSG00000286144,0
ENSG00000228620,0
ENSG00000168135,15
ENSG00000286440,0
ENSG00000100196,216
ENSG00000100201,18390
ENSG00000232254,0
ENSG00000128311,570
ENSG00000100055,0
ENSG00000243902,0
ENSG00000166897,18
ENSG00000272694,0
ENSG00000100060,107
ENSG00000100065,116
ENSG00000225867,0
ENSG00000128283,682
ENSG00000100079,2
ENSG00000273866,0
ENSG00000138892,0
ENSG00000128340,0
ENSG00000100342,12
ENSG00000185340,192
ENSG00000274600,6
ENSG00000286102,0
ENSG00000196588,652
ENSG00000184058,4
ENSG00000237862,0
ENSG00000099949,152
ENSG00000286592,0
ENSG00000261202,0
ENSG00000289846,0
ENSG00000289044,0
ENSG00000235478,6
ENSG00000289292,0
ENSG00000207751,2
ENSG00000188511,0
ENSG00000278869,0
ENSG00000289888,0
ENSG00000197182,10
ENSG00000224271,0
ENSG00000288834,0
ENSG00000235159,4
ENSG00000233521,0
ENSG00000225783,185
ENSG00000289873,0
ENSG00000289858,46
ENSG00000288778,0
ENSG00000289120,0
ENSG00000289947,0
ENSG00000172250,0
ENSG00000234688,0
ENSG00000289244,0
ENSG00000229891,300
ENSG00000289963,0
ENSG00000218357,0
ENSG00000185837,6
ENSG00000288871,2
ENSG00000284633,0
ENSG00000260708,92
ENSG00000226328,128
ENSG00000289489,0
ENSG00000227838,0
ENSG00000231495,0
ENSG00000226169,0
ENSG00000180957,4772
ENSG00000235954,757
ENSG00000277460,0
ENSG00000264073,0
ENSG00000283225,0
ENSG00000276150,0
ENSG00000274342,0
ENSG00000276675,0
ENSG00000239249,0
ENSG00000169184,630
ENSG00000205702,2
ENSG00000272973,0
ENSG00000099984,0
ENSG00000100387,3456
ENSG00000222698,0
ENSG00000237214,26
ENSG00000199515,0
ENSG00000213857,0
ENSG00000284015,0
ENSG00000100393,3333
ENSG00000231993,9
ENSG00000099956,4269
ENSG00000218537,8
ENSG00000290199,5
ENSG00000273032,103
ENSG00000282012,0
ENSG00000198062,0
ENSG00000236666,0
ENSG00000212216,0
ENSG00000241838,0
ENSG00000225255,0
ENSG00000235992,0
ENSG00000271127,0
ENSG00000274381,0
ENSG00000211669,0
ENSG00000226477,0
ENSG00000211670,0
ENSG00000278196,0
ENSG00000284049,0
ENSG00000237127,0
ENSG00000254077,0
ENSG00000253448,0
ENSG00000253234,0
ENSG00000226420,0
ENSG00000211672,0
ENSG00000253963,0
ENSG00000211673,0
ENSG00000264824,0
ENSG00000254709,0
ENSG00000211674,0
ENSG00000211675,0
ENSG00000211676,0
ENSG00000211677,0
ENSG00000211678,0
ENSG00000211679,0
ENSG00000211680,0
ENSG00000254029,0
ENSG00000211681,0
ENSG00000254030,0
ENSG00000211682,0
ENSG00000222037,0
ENSG00000211684,0
ENSG00000211685,0
ENSG00000099977,0
ENSG00000289960,13
ENSG00000289946,0
ENSG00000099899,218
ENSG00000289841,16
ENSG00000100401,3723
ENSG00000286491,0
ENSG00000286406,0
ENSG00000290397,0
ENSG00000229027,0
ENSG00000290408,0
ENSG00000232775,0
ENSG00000290415,0
ENSG00000239435,2
ENSG00000290416,0
ENSG00000100181,0
ENSG00000290418,2
ENSG00000128262,0
ENSG00000290696,2
ENSG00000284128,0
ENSG00000197421,0
ENSG00000285697,0
ENSG00000100068,0
ENSG00000290796,0
ENSG00000206145,0
ENSG00000197549,0
ENSG00000290847,0
ENSG00000225720,0
ENSG00000290922,0
ENSG00000237438,0
ENSG00000290931,0
ENSG00000161133,0
ENSG00000290950,0
ENSG00000234353,0
ENSG00000283972,0
ENSG00000223553,0
ENSG00000290981,0
ENSG00000217261,0
ENSG00000290982,0
ENSG00000133475,0
ENSG00000290983,0
ENSG00000183169,0
ENSG00000290990,0
ENSG00000244627,0
ENSG00000291015,51
ENSG00000182841,0
ENSG00000291035,15
ENSG00000169668,0
ENSG00000184319,0
ENSG00000291064,1004
ENSG00000226287,0
ENSG00000291085,0
ENSG00000100058,0
ENSG00000291087,168
ENSG00000261188,260
ENSG00000128294,520
ENSG00000226912,0
ENSG00000278404,0
ENSG00000206028,0
ENSG00000277941,0
ENSG00000275942,0
ENSG00000276991,0
ENSG00000290475,0
ENSG00000237439,0
ENSG00000234479,0
ENSG00000232707,0
ENSG00000239674,0
ENSG00000288811,0
ENSG00000277870,0
ENSG00000277017,0
ENSG00000278044,0
ENSG00000274252,0
ENSG00000275319,0
ENSG00000277690,0
ENSG00000278558,0
ENSG00000290425,29
ENSG00000274602,0
ENSG00000274625,0
ENSG00000222630,0
ENSG00000275793,18
ENSG00000275362,0
ENSG00000278110,0
ENSG00000286175,0
ENSG00000273907,0
ENSG00000273643,0
ENSG00000290711,0
ENSG00000237476,0
ENSG00000272829,9
ENSG00000230513,94
ENSG00000284130,1
ENSG00000291240,0
ENSG00000099960,0
ENSG00000290799,0
ENSG00000291044,0
ENSG00000290961,0
ENSG00000215478,0
ENSG00000290449,0
ENSG00000290920,0
ENSG00000248409,0
ENSG00000133519,0
ENSG00000234928,0
ENSG00000227755,0
ENSG00000178248,0
ENSG00000228315,8
ENSG00000290958,0
ENSG00000272578,0
ENSG00000159496,0
ENSG00000187792,150
ENSG00000128218,0
ENSG00000169314,4
ENSG00000182944,12255
ENSG00000290778,0
ENSG00000273353,3
ENSG00000100364,1897
ENSG00000221598,0
ENSG00000273287,0
ENSG00000213752,0
ENSG00000100373,0
ENSG00000100376,275
ENSG00000077935,0
ENSG00000128408,0
ENSG00000232363,0
ENSG00000077942,3530
ENSG00000238120,0
ENSG00000251985,0
ENSG00000280383,2
ENSG00000264160,0
ENSG00000172346,360
ENSG00000205856,36
ENSG00000241360,35
ENSG00000159873,3619
ENSG00000226471,39
ENSG00000100219,8441
ENSG00000167037,36
ENSG00000199783,0
ENSG00000290697,0
ENSG00000128250,0
ENSG00000289481,0
ENSG00000260924,2
ENSG00000070371,256
ENSG00000286367,0
ENSG00000230194,0
ENSG00000251940,0
ENSG00000128191,1187
ENSG00000236499,0
ENSG00000273139,0
ENSG00000205704,74
ENSG00000278920,0
ENSG00000240186,0
ENSG00000183963,98
ENSG00000273387,0
ENSG00000198832,130
ENSG00000235573,0
ENSG00000185133,28
ENSG00000100078,657
ENSG00000214125,0
ENSG00000264141,0
ENSG00000138942,1861
ENSG00000254835,0
ENSG00000182541,990
ENSG00000199695,0
ENSG00000202019,0
ENSG00000100100,581
ENSG00000212542,0
ENSG00000291299,14
ENSG00000290440,0
ENSG00000286057,0
ENSG00000286146,0
ENSG00000278678,0
ENSG00000279647,0
ENSG00000280372,0
ENSG00000179381,0
ENSG00000278931,0
ENSG00000286148,0
ENSG00000280436,0
ENSG00000279720,0
ENSG00000279477,0
ENSG00000279303,0
ENSG00000274333,20
ENSG00000280614,0
ENSG00000280018,1
ENSG00000280330,0
ENSG00000240770,0
ENSG00000234159,0
ENSG00000229336,0
ENSG00000279062,0
ENSG00000224141,0
ENSG00000233676,0
ENSG00000226580,0
ENSG00000235965,0
ENSG00000227075,0
ENSG00000225735,0
ENSG00000232193,0
ENSG00000288094,0
ENSG00000226771,0
ENSG00000198618,2323
ENSG00000226818,0
ENSG00000279177,0
ENSG00000286033,0
ENSG00000234340,0
ENSG00000231755,0
ENSG00000228592,8
ENSG00000237569,0
ENSG00000286155,0
ENSG00000279064,0
ENSG00000154646,2
ENSG00000275592,0
ENSG00000219368,0
ENSG00000288578,0
ENSG00000277991,0
ENSG00000225906,0
ENSG00000228184,0
ENSG00000244278,0
ENSG00000287801,0
ENSG00000276077,15
ENSG00000273872,0
ENSG00000279851,0
ENSG00000215326,0
ENSG00000223870,0
ENSG00000279895,0
ENSG00000279501,0
ENSG00000154639,4559
ENSG00000277282,0
ENSG00000287612,0
ENSG00000215005,10
ENSG00000226043,0
ENSG00000233215,0
ENSG00000231058,0
ENSG00000279186,0
ENSG00000215353,0
ENSG00000227716,0
ENSG00000237444,0
ENSG00000286018,2
ENSG00000156253,1167
ENSG00000217026,0
ENSG00000238265,0
ENSG00000229306,0
ENSG00000224649,0
ENSG00000278181,0
ENSG00000226204,0
ENSG00000280081,0
ENSG00000229289,0
ENSG00000286222,0
ENSG00000156265,108
ENSG00000226935,0
ENSG00000232079,0
ENSG00000270533,0
ENSG00000224832,0
ENSG00000279156,0
ENSG00000278106,0
ENSG00000228708,0
ENSG00000231136,0
ENSG00000230233,0
ENSG00000234439,0
ENSG00000226996,0
ENSG00000286012,0
ENSG00000231125,0
ENSG00000231620,0
ENSG00000142207,2132
ENSG00000286032,0
ENSG00000232263,0
ENSG00000279213,0
ENSG00000286091,0
ENSG00000279990,0
ENSG00000154721,5193
ENSG00000286902,0
ENSG00000234730,0
ENSG00000223822,0
ENSG00000233480,0
ENSG00000230972,0
ENSG00000236332,0
ENSG00000260583,22
ENSG00000224018,0
ENSG00000273115,0
ENSG00000156256,2748
ENSG00000231986,0
ENSG00000225267,2
ENSG00000231236,0
ENSG00000233236,4
ENSG00000280082,0
ENSG00000226983,0
ENSG00000232855,0
ENSG00000156282,0
ENSG00000166265,1597
ENSG00000176054,16
ENSG00000232260,2
ENSG00000223563,0
ENSG00000236056,0
ENSG00000243927,1330
ENSG00000232512,0
ENSG00000222042,2
ENSG00000215369,0
ENSG00000215317,0
ENSG00000259981,0
ENSG00000215533,0
ENSG00000215351,0
ENSG00000273254,0
ENSG00000279381,0
ENSG00000235514,0
ENSG00000234052,0
ENSG00000188694,0
ENSG00000232687,0
ENSG00000281181,0
ENSG00000198743,6338
ENSG00000219592,0
ENSG00000280243,0
ENSG00000159259,695
ENSG00000236532,0
ENSG00000279167,0
ENSG00000233997,0
ENSG00000278996,0
ENSG00000233206,0
ENSG00000156304,2527
ENSG00000224524,0
ENSG00000233300,0
ENSG00000227342,0
ENSG00000213885,10
ENSG00000229025,0
ENSG00000156261,12499
ENSG00000154654,590
ENSG00000226956,0
ENSG00000237527,0
ENSG00000237731,0
ENSG00000281383,20
ENSG00000218549,0
ENSG00000198862,2727
ENSG00000230198,0
ENSG00000273492,30
ENSG00000279690,0
ENSG00000235564,0
ENSG00000229962,12
ENSG00000227721,0
ENSG00000184029,0
ENSG00000224421,0
ENSG00000286717,0
ENSG00000234107,0
ENSG00000224598,0
ENSG00000231231,0
ENSG00000232560,0
ENSG00000227330,0
ENSG00000279211,0
ENSG00000156284,0
ENSG00000287109,0
ENSG00000227090,0
ENSG00000222018,0
ENSG00000224247,0
ENSG00000237609,0
ENSG00000279534,0
ENSG00000198054,0
ENSG00000272958,0
ENSG00000272657,0
ENSG00000279648,0
ENSG00000225298,0
ENSG00000223741,0
ENSG00000237138,0
ENSG00000214955,0
ENSG00000279967,0
ENSG00000286103,0
ENSG00000237735,0
ENSG00000142149,860
ENSG00000275945,0
ENSG00000154642,3888
ENSG00000230479,0
ENSG00000184856,0
ENSG00000279718,0
ENSG00000223608,0
ENSG00000159256,2033
ENSG00000159086,1360
ENSG00000271486,0
ENSG00000205929,4687
ENSG00000280441,0
ENSG00000279784,0
ENSG00000234083,0
ENSG00000233316,0
ENSG00000228861,0
ENSG00000286149,0
ENSG00000230323,2
ENSG00000230379,0
ENSG00000205726,4600
ENSG00000159261,0
ENSG00000286267,0
ENSG00000229925,0
ENSG00000286178,0
ENSG00000277693,0
ENSG00000279864,0
ENSG00000157542,2
ENSG00000286252,0
ENSG00000241837,737
ENSG00000232692,55
ENSG00000226298,0
ENSG00000232886,0
ENSG00000233213,0
ENSG00000232837,0
ENSG00000227054,0
ENSG00000154645,204
ENSG00000279669,0
ENSG00000288555,0
ENSG00000227456,4
ENSG00000226012,0
ENSG00000228235,0
ENSG00000279414,0
ENSG00000178457,0
ENSG00000273840,0
ENSG00000160307,9088
ENSG00000279579,1
ENSG00000156273,3882
ENSG00000225555,23
ENSG00000197934,20
ENSG00000276556,0
ENSG00000279208,0
ENSG00000231123,0
ENSG00000224413,0
ENSG00000244676,0
ENSG00000226115,0
ENSG00000278884,0
ENSG00000229986,0
ENSG00000270835,0
ENSG00000287082,0
ENSG00000233818,8
ENSG00000286054,0
ENSG00000288593,0
ENSG00000233767,0
ENSG00000277067,11
ENSG00000223662,0
ENSG00000223806,0
ENSG00000157557,257
ENSG00000288266,0
ENSG00000230982,7
ENSG00000212932,0
ENSG00000157551,0
ENSG00000279365,0
ENSG00000273104,0
ENSG00000276738,0
ENSG00000223488,0
ENSG00000168122,0
ENSG00000205758,1819
ENSG00000237202,0
ENSG00000156239,630
ENSG00000280108,0
ENSG00000280800,0
ENSG00000185390,0
ENSG00000234034,0
ENSG00000175302,0
ENSG00000219280,0
ENSG00000226930,0
ENSG00000249209,0
ENSG00000228159,0
ENSG00000279783,0
ENSG00000279615,0
ENSG00000279321,0
ENSG00000287470,0
ENSG00000154736,96
ENSG00000231480,0
ENSG00000279094,2
ENSG00000277777,0
ENSG00000277739,0
ENSG00000264462,0
ENSG00000277671,0
ENSG00000274060,0
ENSG00000274484,0
ENSG00000277379,0
ENSG00000274868,0
ENSG00000275215,0
ENSG00000275692,0
ENSG00000278775,0
ENSG00000278189,0
ENSG00000276546,0
ENSG00000275950,0
ENSG00000275631,0
ENSG00000275664,0
ENSG00000275708,0
ENSG00000277437,0
ENSG00000278233,0
ENSG00000252199,0
ENSG00000266299,0
ENSG00000274046,0
ENSG00000264063,0
ENSG00000207476,0
ENSG00000264002,0
ENSG00000252462,0
ENSG00000200754,0
ENSG00000199962,0
ENSG00000252963,0
ENSG00000212564,0
ENSG00000251851,0
ENSG00000223078,0
ENSG00000212609,0
ENSG00000202339,0
ENSG00000266211,0
ENSG00000199698,0
ENSG00000274662,0
ENSG00000266195,0
ENSG00000283904,0
ENSG00000275469,0
ENSG00000238627,0
ENSG00000266133,0
ENSG00000265841,0
ENSG00000207097,0
ENSG00000212479,0
ENSG00000283300,0
ENSG00000201984,0
ENSG00000244294,0
ENSG00000272015,0
ENSG00000200792,0
ENSG00000236545,0
ENSG00000227698,0
ENSG00000251778,0
ENSG00000157617,764
ENSG00000173276,2764
ENSG00000184385,0
ENSG00000237232,16
ENSG00000230978,0
ENSG00000234703,2
ENSG00000223671,0
ENSG00000231300,0
ENSG00000230794,0
ENSG00000211590,0
ENSG00000229761,0
ENSG00000234008,0
ENSG00000214914,10
ENSG00000189089,0
ENSG00000236677,0
ENSG00000200213,0
ENSG00000230212,0
ENSG00000159228,568
ENSG00000236119,0
ENSG00000226054,2
ENSG00000214889,0
ENSG00000159231,81
ENSG00000228149,0
ENSG00000159216,3378
ENSG00000166979,182
ENSG00000229007,0
ENSG00000252045,0
ENSG00000252950,2
ENSG00000159079,101
ENSG00000228433,0
ENSG00000238220,0
ENSG00000265590,19
ENSG00000242220,0
ENSG00000243627,0
ENSG00000154640,3006
ENSG00000184900,6072
ENSG00000154719,1684
ENSG00000155307,0
ENSG00000205670,40
ENSG00000286517,0
ENSG00000286852,0
ENSG00000231324,0
ENSG00000224269,0
ENSG00000159263,0
ENSG00000237646,6
ENSG00000199806,0
ENSG00000270652,0
ENSG00000224790,18
ENSG00000207416,0
ENSG00000215734,9
ENSG00000183145,0
ENSG00000212136,0
ENSG00000160208,4674
ENSG00000160209,2352
ENSG00000281420,0
ENSG00000287507,0
ENSG00000160213,2083
ENSG00000234030,0
ENSG00000160214,1249
ENSG00000215458,0
ENSG00000226543,0
ENSG00000160216,2790
ENSG00000199598,0
ENSG00000252606,0
ENSG00000160218,803
ENSG00000213440,0
ENSG00000241945,8
ENSG00000272948,11
ENSG00000287637,0
ENSG00000273210,0
ENSG00000157540,3951
ENSG00000141956,454
ENSG00000264580,0
ENSG00000224100,0
ENSG00000160199,1174
ENSG00000160200,64
ENSG00000286549,0
ENSG00000232777,0
ENSG00000228120,0
ENSG00000160202,4
ENSG00000160201,1000
ENSG00000185917,526
ENSG00000228930,0
ENSG00000228355,0
ENSG00000224574,0
ENSG00000183535,0
ENSG00000275167,0
ENSG00000173638,726
ENSG00000286082,0
ENSG00000286594,0
ENSG00000182871,1245
ENSG00000183844,0
ENSG00000228318,0
ENSG00000207503,0
ENSG00000232806,0
ENSG00000154734,264
ENSG00000261610,8
ENSG00000159055,1022
ENSG00000227256,12
ENSG00000232623,0
ENSG00000170262,0
ENSG00000283051,2
ENSG00000233754,0
ENSG00000225218,0
ENSG00000160193,250
ENSG00000160194,804
ENSG00000154727,5204
ENSG00000159212,24
ENSG00000185808,852
ENSG00000159197,0
ENSG00000274391,0
ENSG00000159082,871
ENSG00000223287,0
ENSG00000183249,0
ENSG00000233442,0
ENSG00000275170,0
ENSG00000249493,0
ENSG00000201812,0
ENSG00000277572,0
ENSG00000240755,0
ENSG00000185272,0
ENSG00000155304,20979
ENSG00000235701,0
ENSG00000276873,0
ENSG00000183527,1707
ENSG00000185658,4606
ENSG00000272991,0
ENSG00000232608,0
ENSG00000237373,0
ENSG00000229623,0
ENSG00000238141,0
ENSG00000205581,13884
ENSG00000252915,0
ENSG00000227406,0
ENSG00000182093,3652
ENSG00000285815,0
ENSG00000275523,0
ENSG00000235808,0
ENSG00000228349,0
ENSG00000235012,0
ENSG00000184809,181
ENSG00000225330,13
ENSG00000231713,29
ENSG00000183036,1106
ENSG00000171587,128
ENSG00000263973,0
ENSG00000235123,0
ENSG00000207147,0
ENSG00000233756,0
ENSG00000288069,0
ENSG00000230859,0
ENSG00000286425,0
ENSG00000263681,0
ENSG00000182240,1376
ENSG00000280109,0
ENSG00000224388,0
ENSG00000223400,0
ENSG00000286027,0
ENSG00000227702,0
ENSG00000236384,0
ENSG00000232401,0
ENSG00000183421,0
ENSG00000236883,0
ENSG00000275166,0
ENSG00000160179,973
ENSG00000223262,0
ENSG00000160181,0
ENSG00000160182,0
ENSG00000160183,0
ENSG00000160185,0
ENSG00000252619,0
ENSG00000160188,10
ENSG00000160190,134
ENSG00000239930,0
ENSG00000231867,0
ENSG00000235772,10
ENSG00000235023,0
ENSG00000160191,1014
ENSG00000225731,0
ENSG00000237864,0
ENSG00000225637,0
ENSG00000142178,280
ENSG00000185186,0
ENSG00000223975,0
ENSG00000160207,4
ENSG00000214326,0
ENSG00000234289,2
ENSG00000278433,0
ENSG00000285413,0
ENSG00000237604,0
ENSG00000232124,0
ENSG00000275799,0
ENSG00000142182,0
ENSG00000232010,0
ENSG00000160224,6
ENSG00000141959,3093
ENSG00000241728,0
ENSG00000160226,108
ENSG00000184441,4
ENSG00000232969,0
ENSG00000260256,0
ENSG00000230061,0
ENSG00000266692,0
ENSG00000264452,0
ENSG00000229356,0
ENSG00000160233,324
ENSG00000274225,2
ENSG00000175894,0
ENSG00000235890,0
ENSG00000182912,0
ENSG00000287088,0
ENSG00000215455,0
ENSG00000205445,0
ENSG00000212935,0
ENSG00000241123,0
ENSG00000188155,0
ENSG00000272804,0
ENSG00000187766,0
ENSG00000221859,0
ENSG00000243489,0
ENSG00000212933,0
ENSG00000205439,0
ENSG00000221864,0
ENSG00000229880,0
ENSG00000187175,0
ENSG00000276647,0
ENSG00000189169,0
ENSG00000236382,0
ENSG00000184787,3770
ENSG00000183255,18206
ENSG00000273027,4
ENSG00000272825,14
ENSG00000160256,495
ENSG00000276529,28
ENSG00000234880,0
ENSG00000261706,0
ENSG00000275874,0
ENSG00000235374,18
ENSG00000267857,0
ENSG00000182586,0
ENSG00000186866,933
ENSG00000286262,0
ENSG00000184274,0
ENSG00000229382,0
ENSG00000237664,0
ENSG00000275139,0
ENSG00000205424,24
ENSG00000286886,0
ENSG00000276633,0
ENSG00000280604,2
ENSG00000274248,0
ENSG00000183570,18
ENSG00000184012,10
ENSG00000157601,35
ENSG00000183486,0
ENSG00000157578,128
ENSG00000154723,3168
ENSG00000237338,0
ENSG00000160284,300
ENSG00000228404,0
ENSG00000160285,6678
ENSG00000223901,3
ENSG00000215424,74
ENSG00000228137,0
ENSG00000239415,37
ENSG00000160282,2
ENSG00000159267,1424
ENSG00000221398,0
ENSG00000180509,4
ENSG00000142156,3631
ENSG00000205927,398
ENSG00000232539,2
ENSG00000184221,26
ENSG00000226527,0
ENSG00000226433,0
ENSG00000229086,0
ENSG00000160180,0
ENSG00000166351,0
ENSG00000177398,0
ENSG00000288711,0
ENSG00000155313,1030
ENSG00000238257,0
ENSG00000233036,0
ENSG00000227840,0
ENSG00000183640,0
ENSG00000274749,0
ENSG00000182591,0
ENSG00000206102,0
ENSG00000228941,2
ENSG00000286643,0
ENSG00000237325,0
ENSG00000237594,8
ENSG00000230870,4
ENSG00000234509,2
ENSG00000142168,8000
ENSG00000238390,0
ENSG00000273271,33
ENSG00000229046,0
ENSG00000273091,10
ENSG00000142197,765
ENSG00000214867,0
ENSG00000273199,6
ENSG00000228107,7
ENSG00000233056,0
ENSG00000188992,30
ENSG00000221837,0
ENSG00000160310,5318
ENSG00000157554,0
ENSG00000215454,0
ENSG00000142185,0
ENSG00000183067,247
ENSG00000288187,0
ENSG00000274790,0
ENSG00000275496,35
ENSG00000280019,0
ENSG00000279709,0
ENSG00000276902,0
ENSG00000280145,59
ENSG00000278878,0
ENSG00000279788,0
ENSG00000279728,0
ENSG00000280164,0
ENSG00000183778,344
ENSG00000231106,0
ENSG00000289221,0
ENSG00000237989,0
ENSG00000233922,0
ENSG00000185433,2
ENSG00000234883,4
ENSG00000288842,0
ENSG00000289511,8
ENSG00000273102,15
ENSG00000289001,0
ENSG00000289224,0
ENSG00000160294,1835
ENSG00000182362,473
ENSG00000160298,174
ENSG00000225043,0
ENSG00000289421,0
ENSG00000160305,1016
ENSG00000223692,0
ENSG00000202239,0
ENSG00000215088,0
ENSG00000231355,0
ENSG00000177692,60
ENSG00000159131,6195
ENSG00000233956,0
ENSG00000284448,0
ENSG00000159147,836
ENSG00000142188,4285
ENSG00000243646,10
ENSG00000159128,904
ENSG00000270116,6
ENSG00000228677,0
ENSG00000230366,0
ENSG00000263969,0
ENSG00000157538,2517
ENSG00000242553,8
ENSG00000182670,32727
ENSG00000160255,5
ENSG00000183250,158
ENSG00000197683,0
ENSG00000206107,0
ENSG00000250973,0
ENSG00000182816,0
ENSG00000265007,0
ENSG00000198390,0
ENSG00000233640,0
ENSG00000186970,0
ENSG00000184351,0
ENSG00000186965,0
ENSG00000244025,0
ENSG00000186967,0
ENSG00000186977,0
ENSG00000237841,0
ENSG00000235312,0
ENSG00000218125,0
ENSG00000236612,0
ENSG00000186925,0
ENSG00000244362,0
ENSG00000206106,0
ENSG00000212938,0
ENSG00000186924,0
ENSG00000244624,0
ENSG00000206105,0
ENSG00000184032,0
ENSG00000206104,0
ENSG00000231068,0
ENSG00000236400,0
ENSG00000187026,0
ENSG00000187005,0
ENSG00000186980,0
ENSG00000240432,0
ENSG00000252273,0
ENSG00000214976,0
ENSG00000224602,0
ENSG00000201025,3
ENSG00000270139,0
ENSG00000287066,4
ENSG00000280432,2
ENSG00000207638,0
ENSG00000199030,0
ENSG00000269950,0
ENSG00000207863,0
ENSG00000239023,0
ENSG00000156299,462
ENSG00000185437,12
ENSG00000160221,94
ENSG00000289546,0
ENSG00000186971,0
ENSG00000186930,0
ENSG00000184724,0
ENSG00000279493,0
ENSG00000275464,382
ENSG00000280071,498
ENSG00000279687,0
ENSG00000277117,0
ENSG00000280433,128
ENSG00000238197,84
ENSG00000235888,0
ENSG00000227039,0
ENSG00000270071,50
ENSG00000160223,0
ENSG00000224427,0
ENSG00000207098,0
ENSG00000232360,14
ENSG00000227757,0
ENSG00000228961,0
ENSG00000159110,57
ENSG00000289009,32
ENSG00000273796,0
ENSG00000289322,0
ENSG00000289445,0
ENSG00000225431,0
ENSG00000226496,2
ENSG00000278903,64
ENSG00000237945,38
ENSG00000225331,0
ENSG00000188660,0
ENSG00000289899,0
ENSG00000215386,2997
ENSG00000289513,4
ENSG00000229425,0
ENSG00000289905,0
ENSG00000236519,24
ENSG00000237484,0
ENSG00000288885,0
ENSG00000205622,0
ENSG00000205930,56
ENSG00000224924,0
ENSG00000289144,0
ENSG00000289927,0
ENSG00000278158,0
ENSG00000256073,108
ENSG00000223768,666
ENSG00000289404,0
ENSG00000286153,2
ENSG00000236663,0
ENSG00000233393,0
ENSG00000234380,132
ENSG00000280594,192
ENSG00000278932,8
ENSG00000255568,3
ENSG00000289448,0
ENSG00000289538,0
ENSG00000236830,8
ENSG00000160299,1127
ENSG00000223799,8
ENSG00000289238,1
ENSG00000289939,0
ENSG00000224747,0
ENSG00000223431,0
ENSG00000227999,0
ENSG00000289857,0
ENSG00000228709,0
ENSG00000226501,0
ENSG00000142166,4113
ENSG00000159140,12644
ENSG00000197381,808
ENSG00000187172,0
ENSG00000290523,0
ENSG00000224309,0
ENSG00000290568,0
ENSG00000188681,0
ENSG00000291050,0
ENSG00000243064,0
ENSG00000249624,0
ENSG00000227438,0
ENSG00000142173,154
ENSG00000278381,0
ENSG00000227874,0
ENSG00000214319,0
ENSG00000279773,0
ENSG00000273692,0
ENSG00000278618,0
ENSG00000229231,0
ENSG00000224922,0
ENSG00000173231,0
ENSG00000232797,0
ENSG00000224860,0
ENSG00000215562,0
ENSG00000234538,0
ENSG00000290541,0
ENSG00000228314,0
ENSG00000230965,0
ENSG00000290581,0
ENSG00000215559,0
ENSG00000291280,0
ENSG00000203616,0
ENSG00000224905,58
ENSG00000291052,0
ENSG00000232884,0
ENSG00000228600,0
ENSG00000225502,0
ENSG00000235609,632
ENSG00000291290,0
ENSG00000281903,6
ENSG00000291291,0
ENSG00000226406,0
ENSG00000235277,0
ENSG00000180530,5356
ENSG00000229047,0
ENSG00000231201,0
ENSG00000279390,0
ENSG00000236471,0
ENSG00000288536,28
ENSG00000159200,2101
ENSG00000248476,0
ENSG00000273017,36
ENSG00000232118,4
ENSG00000228817,3
ENSG00000234293,0
ENSG00000171189,133
ENSG00000273464,0
ENSG00000174680,4
ENSG00000279998,0
ENSG00000284550,0
ENSG00000280172,0
ENSG00000279751,0
ENSG00000274276,196
ENSG00000275895,0
ENSG00000276076,0
ENSG00000274559,0
ENSG00000280013,0
ENSG00000280191,0
ENSG00000280179,0
ENSG00000275993,290
ENSG00000273590,0
ENSG00000277277,0
ENSG00000278961,0
ENSG00000276289,0
ENSG00000286224,0
ENSG00000142192,55359
ENSG00000233783,0
ENSG00000251972,0
ENSG00000224541,0
ENSG00000206802,0
ENSG00000210049,0
ENSG00000211459,32038
ENSG00000210077,0
ENSG00000210082,227277
ENSG00000209082,0
ENSG00000198888,50897
ENSG00000210100,0
ENSG00000210107,0
ENSG00000210112,0
ENSG00000198763,58538
ENSG00000210117,0
ENSG00000210127,0
ENSG00000210135,0
ENSG00000210140,60
ENSG00000210144,0
ENSG00000198804,490740
ENSG00000210151,0
ENSG00000210154,0
ENSG00000198712,145668
ENSG00000210156,0
ENSG00000228253,12683
ENSG00000198899,96416
ENSG00000198938,250365
ENSG00000210164,0
ENSG00000198840,27086
ENSG00000210174,0
ENSG00000212907,22032
ENSG00000198886,123101
ENSG00000210176,0
ENSG00000210184,0
ENSG00000210191,0
ENSG00000198786,49587
ENSG00000198695,12477
ENSG00000210194,0
ENSG00000198727,124785
ENSG00000210195,0
ENSG00000210196,834
ENSG00000274175,0
ENSG00000273554,4
ENSG00000275869,0
ENSG00000278510,0
ENSG00000273843,0
ENSG00000277836,0
ENSG00000278673,0
ENSG00000277890,0
ENSG00000275249,0
ENSG00000274792,0
ENSG00000276872,0
ENSG00000276760,0
ENSG00000277927,0
ENSG00000278457,0
ENSG00000278294,0
ENSG00000276711,0
ENSG00000278704,0
ENSG00000277400,0
ENSG00000274847,0
ENSG00000276932,0
ENSG00000277428,0
ENSG00000276256,271
ENSG00000276312,0
ENSG00000276700,0
ENSG00000275757,0
ENSG00000273739,0
ENSG00000273748,539
ENSG00000274202,0
ENSG00000278625,0
ENSG00000278573,0
ENSG00000277196,116
ENSG00000278817,16
ENSG00000276017,0
ENSG00000277630,0
ENSG00000278793,0
ENSG00000276197,0
ENSG00000274917,0
ENSG00000273730,0
ENSG00000273937,0
ENSG00000278384,0
ENSG00000278633,0
ENSG00000278066,2
ENSG00000277374,0
ENSG00000275661,0
ENSG00000276351,0
ENSG00000276345,210
ENSG00000273532,0
ENSG00000275063,0
ENSG00000277856,0
ENSG00000271254,256
ENSG00000275987,0
ENSG00000268674,0
ENSG00000277475,0
ENSG00000275405,0
